9
16 6
15
7
12
6
3
4
4
3 16
16 6
1 8
3 14
6
1
9
16
13
8
2

70 29
27
39
64
20
23
42
33
17
68
14
5
59
43
44
24
50
47
22
46
45
51
2
49
70
52
25
32
48
60
21
1 44
32 67
5 20
6 30
39 64
7 8
38 50
38 54
10 48
1 6
38 51
9 59
47 70
34 50
28 57
20 41
13 48
13 15
51 36
29 19
69 44
10
21
67
54
38
63
53
16
34
13
55

32 12
32
4
18
17
29
19
6
3
8
31
16
22
13
31 19
29 11
8 19
31 21
9 4
8 22
27 9
8 29
7 15
19 3
5 10
22 24
32 31
4
7
25
15
10

35 13
11
23
18
19
3
29
20
17
25
8
13
10
22
13
8 11
34 21
24 26
24 12
20 6
27 6
17 6
4 6
6 34
2 3
32 33
33 1
9 11
0

70 32
46
54
44
33
20
52
7
2
64
56
23
55
47
35
45
9
10
60
58
53
65
15
50
40
68
42
69
59
26
63
30
70
34
40 64
55 33
25 34
67 64
36 67
66 2
32 60
51 36
7 50
47 42
13 55
39 29
27 62
60 50
45 5
31 49
3 9
36 13
40 6
42 70
15 44
11 43
20 18
68 31
61 63
20 7
51 22
12 50
56 42
48 10
30 44
24 32
65 23
70 19
28
34
19
31
48
39
49
66
43
37
11
28
38
17
12
13
21
1
61
27
14
36
51
4
6
32
8
29
3

57 22
52
12
13
53
46
5
26
49
55
56
24
10
14
20
40
29
37
3
42
17
6
15
20
12 54
15 34
56 51
57 1
11 3
16 54
33 35
42 18
7 22
19 32
3 39
50 5
6 57
23 50
44 23
37 29
24 20
31 13
55 50
6 35
30
11
33
36
2
22
45
1
30
9
7
50
23
35
43
32
54
31
38
4
44
47
25
57
27
28
16
19
51
41
34

69 30
49
54
68
13
57
36
47
3
38
60
25
52
12
55
43
62
33
67
64
14
39
9
29
44
18
30
59
8
69
32
25
29 42
63 54
2 67
2 31
27 29
48 11
27 53
28 49
64 42
38 48
47 15
27 23
55 7
10 66
24 18
63 62
27 64
50 60
7 28
58 10
52 63
69 55
20 18
3 33
47 4
4
56
45
26
20

40 15
6
11
4
30
29
15
3
5
26
31
24
19
13
17
27
15
8 5
21 35
9 3
35 32
1 23
2 22
9 18
19 10
38 4
14 19
37 21
1 12
40 35
18 1
6 21
1
8

32 16
15
28
8
14
1
32
25
23
10
2
3
22
9
21
13
5
8
18 26
11 29
29 1
27 1
6 3
28 27
28 31
12 6
13
24
31
18
6
16
30
11
7
19
17
29
26
4

