5
80 22
75
12
32
45
28
21
14
42
5
73
54
53
44
7
69
55
61
80
50
15
38
59
37
11 71
1 75
20 32
7 11
56 57
7 64
40 8
48 32
58 27
66 70
43 20
36 7
69 71
1 20
59 12
53 80
56 50
61 69
10 52
9 46
55 65
63 37
33 53
22 46
62 42
79 44
29 80
76 54
8 21
38 32
64 76
21 53
6 30
11 43
75 40
42 6
80 69
47
1
13
41
19
39
36
58
37
31
2
48
34
22
20
49
10
60
78
72
57
74
51
64
62
47
71
68
46
56
4
3
11
30
33
40
77
26
17
8
76
23
52
18
9
67
66
35

70 22
38
19
5
59
53
45
41
9
30
58
2
54
52
33
40
64
65
57
6
7
21
48
22
10 33
67 52
70 4
47 57
17 70
70 53
4 37
10 34
11 33
4 51
9 57
54 18
51 29
55 34
27 56
69 28
56 48
33 44
66 35
15 11
22 65
6 27
46
35
60
68
15
42
26
62
13
49
61
1
44
17
51
67
10
31
66
27
32
37
34
24
39
11
3
22
18
16
55
36
70
63
46
43
12
23
4
56
29
28
50
20
8
69
47

83 34
52
9
26
67
23
16
80
38
49
75
60
33
7
45
39
24
56
15
68
1
44
47
18
81
48
63
36
40
25
69
62
77
58
32
41
11 79
14 8
74 7
8 9
80 47
27 63
37 36
21 25
49 12
11 27
29 82
25 59
33 77
74 20
24 16
29 15
41 31
26 42
4 21
66 10
6 53
7 18
28 55
24 72
32 30
77 46
14 2
39 12
3 79
9 18
49 24
19 38
43 82
21 77
69 58
52 5
10 2
11 30
81 39
40 16
51 83
1
41

17 7
12
10
6
1
14
13
7
4
7 13
15 10
5 3
3 2
1
11

46 20
41
15
19
34
26
27
6
43
1
11
30
32
5
3
23
45
21
46
10
25
12
13 31
41 24
4 24
22 44
13 28
38 29
15 40
19 20
16 23
43 1
45 20
5 10
10
31
44
13
38
16
14
20
4
37
7

