6
46 16
34
14
38
30
19
26
6
32
25
21
44
37
20
13
40
4
18
13 17
25 34
14 22
9 6
38 21
25 24
9 3
5 1
10 40
44 1
34 27
21 23
11 21
11 22
27 19
42 29
26 5
29 5
29
35
45
11
28
22
9
15
36
39
41
10
46
7
2
27
12
33
29
1
5
18
42
16
3
24
23
17
8
31

61 17
45
8
9
48
15
55
6
25
60
59
21
44
27
7
51
47
22
28
36 9
32 23
22 46
54 35
20 23
30 9
23 18
40 38
9 27
15 51
41 55
23 52
41 4
52 9
1 39
1 60
60 17
61 35
23 35
40 33
32 3
53 41
54 12
55 52
28 4
43 12
58 51
38 6
1
49

22 5
13
17
2
1
6
7
7 11
20 18
5 6
10 17
18 19
20 17
4 16
6
15
3
9
11
10
5

59 24
31
17
32
29
14
19
54
2
58
37
36
44
33
9
24
52
50
11
34
49
16
3
12
5
19
35 31
31 9
29 9
33 11
36 51
19 50
11 53
37 48
7 49
29 17
36 24
37 47
11 27
17 19
18 9
2 37
39 2
57 26
50 28
3
13
28
22

13 4
1
6
8
7
5
5 13
10 3
2 5
10 6
11 3
4
11
13
4
3

100 47
30
91
83
92
44
64
32
15
33
38
59
13
57
36
58
48
1
84
55
16
18
42
4
74
40
95
19
2
86
96
8
67
14
41
75
88
76
11
35
10
20
100
52
63
7
61
22
48
50 89
68 70
33 37
75 54
70 47
42 57
16 54
57 41
66 20
33 69
8 97
58 61
2 19
96 79
50 62
23 59
78 34
7 49
27 19
88 6
47 4
62 99
17 50
68 51
4 65
91 3
33 42
35 83
45 65
71 30
17 62
18 25
9 62
86 11
85 33
70 22
17 13
82 55
11 21
69 1
57 23
90 66
88 45
80 68
69 37
4 5
29 42
92 86
21
98
56
51
5
47
99
39
68
82
70
97
81
34
9
25
72
12
80
87
6
90

