7
37 13
27
14
15
25
34
11
31
18
19
28
3
6
5
12
25 12
27 7
3 2
34 35
5 33
3 21
14 22
23 15
36 12
36 5
5 18
33 6
22
2
13
32
29
21
35
1
23
36
9
7
37
20
12
24
16
17
33
26
8
10
30

33 12
11
10
5
25
4
28
18
9
13
2
8
6
13
19 5
13 16
22 5
16 4
10 11
31 33
10 25
1 28
4 1
7 28
8 28
15 1
26 20
6
32
19
1
30
24
3

66 21
55
57
56
66
45
7
6
64
23
4
42
36
15
47
54
35
24
12
11
34
25
16
54 17
46 21
44 10
44 4
54 13
23 59
15 31
3 11
36 66
59 27
1 7
53 59
14 57
61 46
58 8
13 20
5
16
65
59
51
29

20 8
17
4
15
19
7
9
11
8
6
18 7
12 11
12 14
2 9
14 4
6 15
8
12
18
6
1
13
10
3
16

37 14
34
27
30
10
21
17
37
33
22
25
29
9
5
36
12
7 23
1 3
4 3
31 35
28 15
5 19
1 31
20 24
5 33
2 11
26 7
28 19
3
32
11
28

85 34
64
77
50
10
11
21
12
37
2
16
36
35
61
83
67
31
54
51
78
53
30
59
52
13
41
66
7
68
18
82
4
40
17
49
24
6 31
75 54
42 2
23 41
28 39
59 49
70 80
81 43
84 63
32 2
31 73
34 14
34 9
4 55
40 61
3 85
75 51
21 11
19 41
76 5
17 28
31 14
27 55
18 74
42
69
81
26
80
75
46
48
8
22
14
27
38
72
45
42
20
39
19
3
6
15
57
85
1
28
73
74
5
62
56
71
23
76
65
9
79
60
43
55
34
47
29

33 10
5
24
3
22
19
17
25
11
28
1
9
23 7
3 12
29 33
9 10
15 8
5 9
17 16
24 14
8 32
20
23
33
15
9
30
16
12
26
10
20
13
8
29
14
32
4
31
7
21
6

