7
88 43
69
39
22
74
72
49
7
47
20
38
21
63
31
25
44
51
56
48
10
28
53
35
59
29
6
79
3
36
80
82
33
19
77
84
26
42
27
73
58
76
65
1
37
32
25 42
49 32
15 49
46 16
4 20
80 85
76 44
51 42
77 54
6 15
30 45
43 40
5 4
49 4
59 83
8 53
71 58
23 6
2 46
14 59
35 32
10 87
4 72
35 15
85 81
32 58
38 27
30 71
27 88
20 79
42 3
35 60
22
85
50
2
41
13
68
54
57
8
55
62
24
9
61
83
4
18
66
30
14
86
88

39 13
37
9
21
3
4
12
2
27
13
26
33
22
10
15
4 8
23 24
3 24
21 39
32 29
16 13
37 21
6 9
19 32
13 33
11 32
4 30
34 17
24 37
16 4
13
14
20
16
31
6
35
19
1
38
7
11
39
30

84 22
58
61
7
34
12
41
74
48
15
25
60
69
37
53
78
54
38
16
72
31
35
64
42
23 11
57 24
69 56
67 16
74 4
50 42
68 31
75 27
53 74
66 72
66 68
64 43
40 20
51 78
57 6
75 21
44 10
81 13
65 66
41 14
27 20
29 67
15 81
81 3
2 43
25 42
11 39
63 74
83 62
31 79
59 77
37 77
79 81
66 78
82 73
50 78
54 12
82 5
83 53
4 43
14 58
61 41
50
63
24
46
50
20
44
8
45
9
10
68
26
62
13
77
19
80
71
3
84
27
30
65
4
59
57
51
14
55
22
17
23
76
1
52
29
5
43
11
66
70
49
32
73
6
21
36
67
42
39

73 29
18
69
63
22
17
12
8
37
25
61
31
36
58
34
53
40
52
64
51
3
4
70
71
41
9
59
5
24
68
22
64 60
42 67
12 9
29 62
52 44
9 51
51 37
65 20
18 23
19 22
6 40
14 55
31 67
33 31
19 31
46 33
67 4
15 45
37 15
5 14
39 5
66 64
41
49
62
26
28
56
32
27
45
23
30
50
60
15
13
29
6
42
19
16
48
73
14
38
46
21
20
10
39
44
33
1
2
7
67
55
65
35
57
43
11
66

64 25
20
19
4
39
13
36
47
23
18
24
2
25
32
3
5
31
57
16
10
49
60
6
38
43
21
29
45 9
47 51
1 39
41 32
57 29
13 8
22 3
39 44
5 58
11 22
4 5
63 24
14 46
13 16
18 34
43 8
6 4
15 4
15 50
2 4
50 39
47 61
11 57
64 15
41 29
23 2
10 20
35 60
38 43
30
52
1
14
42
40
51
59
33
37
45
26
22
34
7
12
28
48
61
55
35
64
56
63
50
46
62
9
44
41
27

30 11
15
18
5
4
12
26
10
30
22
29
1
8
12 14
26 3
24 19
26 15
26 5
29 18
15 10
16 4
14
3
21
8
25
7
6
16
24
2
14
13
9
28
27

23 8
9
20
17
19
16
12
4
11
8
21 5
23 18
13 4
15 22
16 23
23 20
7 8
5 10
2
22
14

