5
29 9
2
1
14
10
28
11
5
18
9
14
16 7
19 23
7 19
23 16
4 1
20 16
20 29
19 13
7 24
29 2
17 23
2 22
10 20
29 21
2
15
8

36 18
14
29
31
4
18
15
13
28
20
26
10
34
24
17
35
22
2
30
12
14 28
31 36
36 30
16 22
27 32
26 6
24 8
13 3
2 26
20 2
6 17
32 14
13
16
33
25
5
7
23
36
1
12
32
3
11
9

64 18
61
55
8
39
58
11
17
43
22
40
33
51
20
21
27
56
10
59
29
5 62
42 47
51 10
22 9
60 50
29 7
21 42
22 24
4 61
11 60
43 53
38 30
7 27
4 45
62 52
58 2
4 52
26 44
4 23
57 19
63 9
5 17
48 53
15 24
43 57
47 27
42 43
46 53
58 60
30
57
19
46
53
64
35
16
26
54
4
1
25
34
30
37
42
45
44
32
62
31
6
7
23
12
47
60
52
38
14

40 11
6
27
31
24
2
9
36
37
5
21
15
17
7 15
16 10
34 28
27 14
37 27
15 36
6 12
15 14
28 33
14 3
38 32
6 16
37 24
3 23
24 25
15 16
2 22
3
25
12
38

55 23
15
16
7
18
49
36
2
24
34
47
38
45
9
13
26
3
51
43
29
19
12
32
54
23
43 53
9 13
10 48
32 18
7 35
18 50
3 10
25 28
1 28
4 7
8 1
11 19
31 48
5 26
54 52
24 2
55 13
3 26
22 53
27 5
49 50
6 35
41 39
2
11
21

