6
96 24
25
8
30
96
36
91
52
6
2
21
47
17
7
59
39
35
74
75
22
32
92
16
37
42
39
34 38
94 56
46 66
91 35
27 10
58 31
88 36
77 23
53 80
6 9
24 75
80 95
77 7
54 33
49 34
13 2
24 16
11 46
17 49
18 1
80 3
73 24
76 80
70 47
17 88
48 64
2 36
86 57
82 76
62 14
79 91
40 62
27 41
56 20
94 81
54 37
24 60
88 31
53 11
47
67
93
49
56
13
94
69
48
64
34
53
70
40
19
79
83
65
27
78
46
41
24
68
63
20
88
58
95
87
77
14
72
15
57
60
3
23
43
38
90
80
1
45
28
66
54
84

100 31
76
88
86
26
96
17
14
99
91
69
13
30
95
67
84
90
81
64
41
57
62
82
78
98
23
22
79
21
71
28
54
42
11 58
23 85
84 44
33 4
93 77
15 90
49 27
65 18
54 39
47 100
4 46
32 72
41 43
4 18
62 86
60 26
67 33
40 33
15 85
50 91
63 45
31 46
27 94
74 14
95 29
17 67
69 49
26 54
3 36
74 86
49 1
24 34
74 56
94 70
74 57
37 85
3 41
99 58
45 23
5 71
2 35
73 75
38
97
70
89
38
44
40
48
20
36
10
59
34
42
39
50
46
2
56
33
16
7
73
37
61
43
65
11
12
4
75
58
3
52
94
9
51
25
8

100 31
42
52
58
56
66
82
76
5
57
18
31
40
93
43
53
62
65
34
64
97
51
12
49
41
35
7
3
79
59
45
9
40
45 12
83 14
93 67
40 62
70 1
71 2
24 46
35 97
73 54
40 79
80 26
75 36
17 10
69 88
23 53
3 43
59 12
19 12
25 62
37 51
32 85
10 77
19 32
11 67
45 67
74 99
77 96
57 87
48 25
97 44
98 54
56 82
71 4
79 30
19 38
30 26
65 50
100 93
48 49
17 16
67
91
83
86
73
84
75
78
10
87
90
54
2
4
74
81
44
29
96
23
20
71
80
11
25
70
98
95
99
69
55
68
27
37
21
92
14
32
77
22
67
47
6
17
85
46
63
39
28
26
48
13
88
50
16
60
38
8
61
100
24
89
1
33
72
15
94
30

50 17
16
38
1
20
22
10
24
41
39
18
46
30
9
8
35
44
17
22
35 8
46 45
4 24
31 41
20 46
37 4
5 3
8 11
39 19
15 45
42 23
43 1
15 50
41 10
29 39
24 10
11 30
38 14
18 20
49 9
32 41
28 49
29
33
25
5
31
34
23
36
40
50
29
43
2
45
42
21
19
28
15
49
47
13
26
11
7
6
4
32
48
12

49 17
40
2
3
6
17
11
20
19
46
38
16
35
30
39
26
14
42
12
21 49
45 32
15 49
17 31
39 44
1 31
1 2
24 32
45 34
39 2
6 26
6 25
30
48
45
1
33
4
27
44
10
25
32
43
5
24
18
13
47
37
31
29
12
41
28
7
49
36
8
15
9
23
21

21 5
12
13
8
6
21
8
21 18
20 16
16 18
17 21
19 4
15 8
3 13
16 1
15
20
18
5
9
4
1
19
14
2
15
3
10
17
11
7

