8
25 12
20
17
4
18
22
1
16
3
10
11
8
23
7
19 3
10 2
2 19
15 16
7 8
3 16
21 9
8
12
13
19
9
7
21
24
14

20 6
2
3
11
18
4
13
9
10 2
8 3
18 16
20 5
7 19
6 15
12 9
10 7
9 15
6
7
5
12
10
14
20

23 11
19
18
22
1
8
14
20
11
2
3
7
5
12 3
22 15
20 10
14 22
8 4
1
23

92 26
10
55
79
50
25
75
43
73
66
1
47
5
86
88
61
91
27
46
11
31
48
57
52
89
35
3
38
13 26
15 80
7 2
56 28
2 19
23 51
10 88
76 23
76 51
49 42
12 77
68 46
3 47
24 6
53 11
55 48
28 32
1 28
56 19
51 85
32 84
21 25
70 39
36 30
72 36
11 35
76 41
63 84
30 49
69 17
54 39
19 75
44 87
73 61
2 77
68 72
79 77
23 13
45
18
60
72
85
81
70
56
9
92
32
82
8
90
28
67
71
40
33
59
7
22
41
20
58
65
4
78
69
44
21
49
12
77
64
51
83
76
15
84
6
53
63
34
36
54

20 6
7
5
8
9
13
11
7
15 1
17 4
8 13
3 5
15 3
3 4
4 16
13
4
20
1
6
17
3
16
14
10
15
2
19
12

86 40
4
48
59
28
15
82
20
74
80
57
52
83
56
73
24
67
29
76
7
35
41
61
32
39
43
85
2
31
6
64
65
62
34
55
1
26
27
78
42
36
31
25 23
66 56
14 16
66 62
71 75
28 68
51 42
54 1
29 56
70 67
54 16
55 4
9 50
44 37
86 44
64 50
43 78
44 47
60 4
35 5
83 61
64 68
13 6
3 49
71 13
17 81
58 17
82 62
72 31
79 21
26 85
30
30
33
58
46
21
77
18
16
5
81
79
37
71
17
47
40
25
86
23
49
3
13
10
66
50
63
84
22
45
69

69 33
61
25
28
55
34
52
11
37
6
57
7
22
16
17
45
4
46
2
53
51
65
30
14
41
5
67
24
35
10
43
8
54
58
29
51 60
63 64
58 18
35 45
7 34
7 67
8 19
45 7
1 27
4 52
35 25
62 21
32 66
27 23
39 41
29 39
51 4
53 5
51 1
31 25
42 55
28 45
61 38
65 41
59 32
69 55
54 35
40 9
42 29
25
42
44
32
29
62
31
69
23
56
60
40
1
38
20
21
19
39
26
27
47
64
18
9
66
13

18 7
4
15
13
16
18
5
12
5
12 4
5 17
14 13
8 18
9 10
3
8
6
2

