7
79 25
3
40
54
34
36
45
47
7
67
79
43
42
16
44
69
8
24
11
2
41
63
49
46
6
19
34
37 18
13 16
70 49
40 16
6 69
29 12
72 30
24 29
28 10
72 48
35 23
39 16
67 47
58 28
16 67
60 67
23 54
6 40
62 64
76 57
64 37
76 77
66 78
1 58
20 27
75 67
68 75
25 2
46 22
74 27
55 53
15 37
40 60
67 5
36
39
48
56
58
17
77
65
25
9
23
32
61
14
62
74
28
18
53
51
1
10
15
66
76
21
71
55
38
68
30
13
12
33
64
50
22

26 7
23
26
9
21
17
10
16
11
9 13
21 8
16 1
10 3
15 6
25 5
5 19
23 1
22 20
24 2
17 25
17
5
7
15
20
13
1
14
11
19
12
3
24
22
18
8
2
4

51 16
15
8
6
46
44
25
2
27
50
49
22
34
39
42
40
21
23
11 17
45 21
37 25
16 2
16 30
45 7
48 40
14 1
35 39
13 28
33 9
47 48
47 29
28 34
39 41
13 42
4 25
5 22
35 36
4 27
12 32
21 24
29 1
15
14
26
24
1
29
13
35
51
20
18
37
19
31
4
41

43 11
2
39
33
26
32
27
16
23
34
19
35
12
34 1
41 2
6 30
13 23
11 42
21 37
37 17
4 6
18 23
21 30
27 42
12 24
7
15
41
1
38
10
42
36

87 26
61
86
48
21
59
37
62
17
54
49
39
68
53
87
76
7
57
80
11
69
31
15
30
82
44
33
22
23 17
45 38
9 49
61 8
85 69
15 29
65 86
28 15
32 80
71 82
33 44
17 71
17 50
44 23
18 9
79 59
79 8
80 33
35 81
5 41
33 11
51 2
27
51
74
27
25
16
35
75
14
20
55
22
79
24
40
29
60
9
36
5
23
65
41
4
85
84
83
19

93 35
91
21
56
40
61
4
66
92
79
20
13
39
47
9
23
90
63
41
35
52
81
89
67
28
26
83
37
11
6
18
15
85
44
3
84
37
55 33
83 30
66 48
45 12
56 45
18 19
11 54
78 21
65 12
58 76
13 40
68 43
6 3
56 55
63 42
44 1
66 6
76 88
34 32
21 55
66 39
35 48
21 38
19 81
56 69
38 17
91 5
3 1
63 26
86 6
38 90
10 56
74 20
43 51
44 83
69 92
63 82
4
38
32
65
1

68 21
7
3
26
41
39
53
13
57
15
66
55
28
16
63
46
43
9
67
62
4
19
25
11 39
25 47
10 25
12 25
31 56
23 35
17 28
36 38
20 59
10 45
27 53
24 10
54 22
40 29
50 12
21 43
53 44
59 30
14 43
49 61
43 24
41 50
18 6
8 9
52 42
16
45
54
23
58
17
27
25
1
5
38
29
2
10
40
49
48

