8
59 28
28
37
58
14
43
18
22
45
19
42
25
2
32
36
50
4
27
51
55
9
29
13
26
21
38
34
11
41
18
42 52
52 9
23 55
53 25
6 54
6 23
55 15
16 37
19 18
25 32
26 8
3 42
3 44
15 30
8 30
1 15
5 57
13 39
1
24

28 13
14
8
3
7
27
24
12
1
18
16
22
6
15
13
8 28
28 19
20 10
4 11
14 13
12 21
8 27
14 4
4 28
10 27
22 27
5 4
23 20
9
2
5
13
19
28
26
17
9
4

52 24
48
27
17
7
42
25
34
46
14
31
20
19
24
51
32
47
52
21
33
36
44
35
3
41
22
36 9
19 22
37 51
49 19
42 24
29 26
51 1
5 23
50 4
13 45
42 18
22 18
42 51
50 12
41 40
36 8
10 37
2 32
14 50
5 47
4 37
19 11
0

65 18
18
21
58
40
39
6
54
7
36
41
29
50
53
63
22
5
31
24
28
13 18
9 32
12 26
45 64
32 39
33 26
11 20
17 32
26 40
43 29
20 18
39 55
47 15
36 57
37 56
14 31
1 32
53 7
5 43
61 24
4 30
14 54
50 58
27 43
65 54
13 59
11 54
26 52
8
49
42
64
57
59
37
14
12

78 31
47
10
30
63
7
39
52
60
16
15
58
62
29
8
33
49
66
31
11
75
56
26
32
65
12
17
22
69
28
72
73
34
68 50
2 44
49 11
52 46
64 36
16 68
30 51
62 13
71 1
42 34
35 22
67 75
76 34
30 54
18 74
59 35
49 43
70 22
24 50
3 14
42 16
47 46
35 13
44 34
58 26
76 51
24 13
16 28
36 3
33 60
61 51
31 19
18 48
23 68
36
13
68
3
5
20
14
2
55
1
6
4
45
18
67
38
59
51
44
42
25
53
76
70
71
9
37
77
48
74
24
54
41
61
23
50
27

65 18
3
13
22
57
6
49
54
35
45
19
31
42
27
48
23
46
25
38
22
60 27
12 6
61 8
51 13
60 39
53 23
59 20
49 34
60 65
3 8
24 34
34 43
51 65
11 60
55 31
7 25
26 46
44 21
27 52
33 48
4 65
28 31
27
55
61
14
37
50
51
29
33
5
1
17
11
65
16
2
43
30
59
41
24
39
12
63
64
62
53
52

83 21
8
83
18
7
74
25
51
28
5
58
39
75
35
4
48
14
64
19
71
26
1
22
1 32
64 4
65 20
42 75
18 64
78 40
36 16
11 43
47 69
7 76
68 30
1 52
13 32
81 75
12 16
59 44
62 29
22 8
69 63
41 29
4 51
41 42
6
3
12
50
6
82
20

31 14
8
19
29
13
12
7
31
5
27
10
6
26
28
4
7
17 22
27 6
15 6
17 19
5 6
4 7
21 15
15
17
23
16
9
24
25
18
14
15
21
3
30
1
2
22

