8
81 21
58
37
51
75
66
68
41
26
67
23
2
45
69
48
8
49
50
31
70
63
13
38
41 54
3 9
22 9
59 62
40 38
79 47
20 50
5 25
58 69
42 14
57 73
4 69
74 57
1 67
28 37
75 72
5 77
31 4
53 16
17 13
54 64
15 79
37 18
22 36
7 72
14 27
52 65
46 29
67 13
28 35
71 77
23 5
64 61
80 17
3 54
75 45
31 28
2 62
57
77
79
56
36
71
64
34
27
43
28
39
18
73
15
35
61
76
17
19
14
30
54
4
74
29
25
10
32
72
59
65
12
78
62
33
57
38
24
47
16
22
21
20
6
81
80
7
55
44
1
9
5
46
53
42
3
60

42 12
16
19
28
34
41
39
3
20
9
35
6
40
19
20 23
35 27
35 24
29 1
9 1
3 30
38 32
9 17
16 19
20 24
4 21
21 33
29 2
28 17
8 24
36 14
9 3
31 15
26 38
1
30

65 26
31
35
39
41
4
1
6
45
24
17
14
23
55
22
19
5
50
12
46
42
54
15
52
62
40
44
22
31 53
52 60
12 21
50 2
7 52
54 37
64 12
42 4
58 56
62 9
2 1
42 13
10 65
29 11
61 43
50 59
55 39
14 33
25 63
52 9
52 65
2 54
8
61
48
27
34
43
16
56
18

63 26
37
54
22
27
48
20
9
57
58
14
18
30
31
47
52
38
8
26
13
56
49
32
45
41
23
19
20
29 37
3 49
15 48
53 15
42 8
61 52
40 58
28 21
16 61
38 58
28 23
57 31
1 13
18 33
6 29
26 22
47 29
42 3
41 48
59 61
10
51
60
46
1
11
16
33
44
28
59

23 10
18
4
23
20
15
2
21
22
12
13
5
19 13
17 1
14 21
14 11
11 18
8
3
10
16
9
8
11
1
19

99 37
30
5
3
94
79
52
51
91
20
18
8
95
71
75
44
97
82
32
84
10
22
2
26
24
88
17
57
35
27
37
47
1
83
61
9
14
96
26
92 75
11 29
32 1
34 76
26 71
34 21
54 7
36 57
45 35
46 9
99 7
69 46
87 23
38 56
41 69
79 22
40 38
43 36
50 13
61 37
49 64
33 3
68 72
19 62
45 36
43 22
11
65
77
55
70
6
23
45
11
85
99
86

66 16
53
22
30
15
45
65
20
8
14
28
52
42
56
6
10
26
23
64 9
57 23
12 24
29 17
61 13
59 32
5 20
1 54
27 57
17 46
53 18
35 48
32 10
4 19
63 25
2 45
24 8
13 53
33 26
49 30
49 9
35 53
6 58
32
3
66
49
12
64
25
60
1
58
63
35
31
33
4
18
57
24
38
9
19
5
41
62
43
47
16
36
40
55
27
37
48

45 11
17
19
45
14
44
28
1
27
22
30
3
21
32 38
5 7
19 28
15 34
1 11
6 34
41 28
40 15
18 2
16 44
9 42
40 19
36 13
38 45
12 39
44 27
9 25
7 40
34 44
23 7
2 21
21
43
20
12
21
11
6
8
2
18
15
40
29
39
33
37
35
9
32
31
16
42

