9
70 35
60
61
42
13
17
15
48
53
6
58
33
26
7
56
68
49
35
5
22
66
38
27
32
43
63
46
8
55
44
14
21
3
52
41
45
33
5 69
10 64
21 2
62 47
10 27
60 8
30 4
33 43
58 29
49 57
52 65
54 42
70 68
68 18
66 17
16 65
47 67
37 40
51 40
50 62
67 13
22 2
16 2
12 19
18 8
27 45
41 6
54 51
12 6
61 62
63 61
20 69
9 14
11
47
1
2
25
69
23
62
28
16
50
30

91 42
69
60
48
86
67
43
7
52
2
11
3
38
4
78
85
64
47
45
87
6
10
41
40
84
68
75
51
17
13
9
33
36
12
8
24
35
55
27
37
18
62
49
40
62 29
8 61
29 51
1 73
80 36
33 90
30 65
80 41
75 28
42 67
54 44
53 61
69 27
74 11
16 13
88 22
5 87
23 17
4 76
62 78
83 49
14 74
51 53
20 75
41 6
51 76
71 62
53 44
14 3
52 27
91 4
89 10
30 5
8 4
30 64
84 62
68 27
28 90
91 25
23 57
1
29

62 20
62
47
34
31
24
11
12
8
59
22
17
38
60
35
10
51
20
49
55
42
19
6 1
20 12
45 35
53 6
45 51
43 14
60 52
41 48
44 51
46 39
47 14
38 57
6 31
17 26
45 22
14 58
19 1
48 34
18 30
11
30
48
7
25
1
54
53
6
46
4
14

64 25
26
3
52
64
51
9
60
48
63
33
13
49
62
15
40
35
16
31
11
24
1
46
59
8
41
16
50 1
48 64
44 58
18 6
7 4
45 8
1 18
4 51
51 6
52 33
4 44
16 8
7 29
59 43
31 6
29 15
23
29
10
54
44
42
21
61
2
27
55
14
7
47
39
23
18
53
28
6
57
19
32
34

66 21
17
14
10
1
38
30
25
7
32
40
46
41
33
5
3
62
27
65
12
36
20
26
15 14
60 59
66 20
50 46
58 56
55 45
48 33
44 26
7 37
65 33
49 40
28 45
28 2
34 19
57 63
22 8
14 53
23 19
15 26
58 3
3 64
16 50
27 63
50 6
22 49
35 1
21
48
13
19
34
52
21
44
43
55
61
35
53
18
59
42
37
63
47
4
22
24

54 18
25
20
28
6
46
12
3
11
18
52
26
1
53
4
23
40
38
2
19
54 52
10 21
52 14
49 4
26 12
32 46
35 19
34 23
33 51
18 50
31 54
50 47
33 4
11 33
5 46
49 3
31 23
45 3
20 24
17
16
42
43
5
9
17
31
35
7
30
14
19
47
10
8
15
13

77 32
47
35
72
21
33
39
70
55
13
77
74
48
31
43
54
53
10
22
42
45
24
30
57
49
25
73
26
58
51
8
61
11
36
19 9
75 44
13 53
61 40
64 20
1 47
41 36
43 2
76 13
70 16
51 23
61 31
43 37
62 33
16 9
6 54
43 74
29 43
22 2
13 52
75 24
23 30
48 71
31 14
70 67
52 26
4 56
7 73
57 1
68 70
66 48
26 38
57 23
11 10
42 64
54 26
21
20
71
14
40
56
41
5
9
7
28
66
52
38
3
76
69
62
37
64
60
34

80 28
16
53
15
1
11
72
77
18
20
65
37
39
22
76
43
58
69
14
23
3
42
10
17
13
40
41
60
25
40
42 66
12 9
10 65
37 39
31 13
19 55
6 23
54 38
7 14
15 74
37 77
13 25
77 50
8 23
62 49
32 28
8 7
77 58
70 22
20 18
35 73
5 75
32 64
5 35
42 24
62 63
26 80
44 68
72 1
75 71
68 54
73 43
39 67
54 29
80 78
59 64
77 64
76 57
35 9
73 30
0

44 22
37
18
11
43
33
29
34
8
41
12
35
2
10
32
25
31
17
28
27
13
1
16
11
24 29
33 6
1 17
4 15
12 37
30 13
7 16
36 40
15 44
3 15
15 2
2
38
23

