5
45 19
44
21
4
33
9
45
43
11
13
36
20
6
41
19
8
38
10
3
39
15
42 10
20 37
24 28
8 4
10 38
13 1
8 25
37 29
15 1
32 27
37 41
42 24
42 6
11 37
23 1
8
24
12
35
40
16
37
26
15

68 25
62
63
26
54
33
24
2
45
44
64
6
35
18
66
32
42
1
28
8
67
17
50
31
25
36
30
20 39
26 51
4 23
21 43
34 12
43 41
33 51
2 30
24 43
44 9
1 58
26 19
64 62
3 5
58 39
57 25
54 67
26 24
52 68
51 42
38 68
26 65
3 26
44 21
1 45
8 66
10 23
59 24
2 37
33 67
29
41
37
57
12
20
5
21
13
56
16
11
51
30
61
43
29
40
53
52
4
9
60
39
19
55
48
65
68
7

33 16
19
3
4
14
6
25
27
21
15
5
1
29
31
8
12
16
9
23 14
9 10
7 18
10 4
18 15
28 8
17 19
25 12
15 12
13
13
30
7
20
26
32
11
17
10
24
33
18
22

49 23
33
15
48
37
19
9
14
8
40
2
35
45
41
16
17
44
34
31
42
18
49
12
47
16
31 49
37 22
2 5
18 30
11 39
18 27
17 25
49 9
44 4
28 18
38 4
31 33
49 13
7 17
43 25
21 41
2
6
21

73 19
27
46
47
24
12
8
16
38
26
10
35
41
49
1
44
18
57
68
30
26
45 56
22 13
47 49
48 3
52 70
1 15
68 49
16 1
51 42
19 35
13 27
46 36
30 45
1 6
13 46
64 52
20 44
21 34
13 62
14 42
59 65
71 21
39 31
53 2
14 36
53 39
16
63
72
58
34
29
20
17
69
43
19
71
40
48
31
22
6

