7
65 30
18
60
48
34
62
24
19
22
14
33
46
23
45
31
44
61
50
39
53
15
54
58
13
59
28
63
65
4
37
52
20
31 12
19 15
65 3
37 41
18 11
3 45
41 45
11 23
13 52
28 30
9 51
43 38
54 39
33 5
60 32
50 43
16 37
15 16
54 15
26 35
32
47
1
51
3
26
30
41
40
27
20
6
7
25
64
36
49
12
57
38
42
10
32
21
9
8
56
2
29
35
5
17
43

80 32
16
41
13
39
61
54
26
30
15
3
28
62
20
72
33
27
79
36
51
47
4
5
34
24
70
21
63
77
66
56
38
73
21
56 33
29 20
2 26
48 11
71 11
59 24
7 62
9 40
56 76
32 13
73 71
35 66
8 59
73 22
5 15
33 64
47 35
32 42
26 80
64 31
56 45
4
42
76
74
80

38 11
8
14
30
29
31
16
21
36
19
17
10
16
6 2
5 14
25 10
18 15
23 9
13 19
32 37
1 5
13 18
34 32
26 10
27 37
38 7
33 22
7 36
15 4
7
35
1
33
12
3
15
18

44 12
24
2
3
40
28
5
33
19
12
9
1
37
20
33 15
16 9
9 44
19 15
35 23
19 35
19 31
13 3
41 44
44 31
24 27
2 18
25 28
24 5
38 29
1 23
4 25
14 42
37 17
18 32
4
30
4
21
15

31 8
7
31
17
20
27
30
28
22
14
8 15
16 23
5 28
13 16
21 16
15 14
21 25
27 1
5 19
1 16
2 21
25 6
3 7
4 8
0

85 29
17
16
43
20
84
48
28
1
27
51
11
61
52
31
69
67
36
75
78
2
80
40
42
72
18
49
68
26
79
38
74 76
58 32
37 5
64 78
13 72
20 55
39 19
32 36
47 30
33 68
68 5
3 44
81 61
24 52
79 38
7 2
26 14
5 30
67 14
67 61
12 35
67 7
39 56
47 31
58 20
59 41
72 46
8 72
47 32
7 66
49 26
39 53
60 49
74 61
11 84
85 18
73 2
21 2
45
60
39
29
82
13
76
3
9
37
59
58
41
83
30
55
50
73
65
12
19
63
4
56
57
21
32
64
15
53
7
46
70
74
25
77
66
62
24
45
81
34
35
71
22
8

94 24
71
53
48
11
34
18
32
30
82
9
24
85
78
25
5
40
8
73
81
10
70
75
77
60
34
75 54
72 11
45 14
40 34
37 46
8 3
14 26
66 84
14 16
44 24
79 26
86 26
74 32
33 15
54 77
75 77
63 8
42 22
27 33
20 31
56 3
19 63
24 88
52 2
54 48
4 47
87 94
10 72
53 64
55 81
7 44
46 2
47 52
94 64
7
26
92
22
7
55
39
64

