5
30 7
4
27
29
21
22
8
24
11
4 14
9 4
14 7
1 9
3 9
10 17
23 25
24 19
16 21
4 23
18 22
7
1
5
20
7
17
30
2

45 15
37
27
24
14
16
35
8
11
5
1
18
7
40
32
10
11
5 43
15 9
4 32
28 41
37 3
14 36
4 14
21 12
43 18
42 3
42 43
10
34
25
20
41
17
9
6
15
12
43

99 25
5
71
30
27
39
81
49
9
91
82
60
72
67
88
14
64
93
86
50
59
65
12
51
84
22
38
65 30
2 34
30 70
20 47
18 15
97 19
85 8
71 68
43 76
60 16
8 34
59 99
17 68
77 81
36 79
95 96
69 92
91 73
79 42
78 95
59 78
27 44
55 40
88 14
43 42
67 2
87 57
41 17
50 20
20 24
22 78
4 76
32 67
93 70
44 89
66 13
66 70
36 7
36
15
77
34
78
97
37
70
66
29
62
87
43
80
41
55
32
79
20
23
57
31
1
85
76
4
61
16
96
48
35
44
99
94
11
6
26

97 38
15
35
21
47
82
20
70
52
67
46
8
84
62
93
91
45
32
3
6
2
69
97
55
65
76
59
87
80
5
28
41
50
48
7
42
63
83
89
30
30 28
9 72
19 53
94 59
63 53
23 54
23 77
79 93
50 95
82 24
1 16
74 52
71 4
48 90
54 73
69 4
16 83
97 26
36 81
88 95
65 40
49 39
41 40
62 7
29 90
56 74
14 5
23 92
57 46
47 36
42
36
39
29
18
60
4
12
23
92
79
16
37
31
49
85
73
43
25
90
66
88
72
71
14
19
40
10
61
11
95
68
94
33
51
57
78
75
26
44
9
30
13

75 36
17
14
20
5
69
39
18
16
63
32
34
43
56
48
60
2
49
27
40
61
22
74
33
10
73
64
68
4
38
57
7
29
65
52
55
70
34
41 70
24 54
67 49
38 75
57 7
53 13
47 60
62 23
25 6
11 39
20 38
69 35
42 21
40 55
33 18
18 60
4 48
14 44
71 34
23 70
36 6
51 39
18 75
18 63
70 69
47 9
60 67
54 44
11 60
3 18
61 22
74 14
55 66
34 9
10
21
72
19
53
36
35
44
8
75
47

