9
49 20
17
25
38
10
41
14
43
5
32
46
19
8
33
12
39
24
37
21
27
18
17
15 34
5 36
31 46
18 36
39 22
9 8
29 40
10 49
35 30
17 18
32 33
32 21
49 13
15 25
14 34
16 6
23 39
20
42
13
47
20
6
2
1
26
28
45
30
40
49
34
48
35
44
16
22
31

70 29
35
65
37
39
16
3
57
23
34
62
52
44
4
26
47
29
11
61
22
43
40
7
48
18
58
6
41
56
66
17
10 19
56 25
32 45
4 58
11 42
44 43
34 70
13 34
19 64
9 48
69 44
9 6
5 64
56 7
4 43
65 43
38 63
27
38
50
46
53
64
36
68
45
30
70
1
33
42
69
8
55
59
27
5
15
12
67
20
25
63
13
9

49 22
19
27
35
6
45
42
46
3
5
14
36
11
38
9
23
30
2
7
48
49
26
20
24
46 4
33 27
26 15
8 24
19 7
41 10
8 1
2 47
1 35
34 36
37 29
25 44
7 26
48 31
27 19
6 11
26 3
30 5
8 30
2 29
38 37
26 44
14 43
3 42
17
29
10
8
18
43
31
44
4
24
1
16
28
22
25
15
13
17

29 11
29
19
11
8
13
12
26
5
18
24
20
8
24 11
1 15
2 25
24 14
2 16
25 23
15 10
12 2
3
25
7
3

77 23
67
39
5
17
58
73
53
35
8
75
36
13
64
41
49
44
43
47
32
40
57
71
1
24
1 48
1 37
26 46
42 44
47 3
56 49
59 27
38 62
57 69
14 38
73 38
19 69
13 17
31 63
41 15
10 32
27 66
2 15
72 54
64 6
75 48
12 45
34 32
64 33
16
28
37
21
18
19
4
45
60
77
7
23
2
12
68
42
25

48 12
1
9
28
31
38
47
8
11
23
30
33
40
23
45 16
3 4
42 3
15 37
7 34
25 23
41 1
7 39
6 20
30 13
1 7
36 21
47 19
10 13
36 30
25 1
16 48
9 29
20 9
41 40
20 27
18 13
13 22
35
42
25
48
2
26
24
17
36
20
29
21
39
7
44
4
34
45
18
22
6
5
12
3
19
46
15
14
32
43
37
10
35
16
13
27

79 37
23
55
34
9
72
18
76
43
50
21
41
29
1
42
52
73
44
16
12
22
49
58
77
57
40
45
39
33
10
71
48
53
35
32
13
63
64
20
42 78
16 40
26 25
4 41
48 29
14 8
8 43
55 7
31 60
37 29
51 65
21 11
32 7
63 9
75 13
40 74
42 59
51 74
33 61
2 70
23
46
56
20
70
38
11
74
19
65
31
79
30
7
36
54
26
61
15
3
14
51
59
47

59 21
31
51
10
48
7
14
15
42
25
16
41
59
53
46
24
44
19
47
29
20
22
14
48 16
18 26
12 21
53 36
5 14
21 17
28 15
9 55
44 13
21 14
4 24
45 4
25 23
13 38
9
35
27
4
21
1
28
52
40
43

49 20
15
4
32
40
49
31
22
20
6
35
30
37
38
39
45
26
17
2
23
21
21
21 32
9 41
37 14
36 8
31 16
37 4
10 32
42 36
48 10
12 23
48 15
26 10
47 15
48 3
11 33
47 10
39 5
22 13
49 6
34 31
26 47
7
7
11
19
41
28
44
12

