8
32 8
29
22
9
6
15
28
12
17
9
29 16
13 31
11 8
28 1
19 32
20 5
6 2
10 22
2 15
2
20
30

20 8
17
6
20
14
12
5
9
11
7
15 13
4 15
11 19
6 3
19 8
13 5
3 4
10
16
1
8
19
18
13
10
2
4
15

65 28
34
28
61
54
35
42
24
8
48
19
10
23
31
25
38
6
43
59
49
17
1
32
55
47
46
65
41
3
30
62 35
50 32
64 61
50 46
52 1
53 25
38 9
62 1
64 26
54 28
55 4
23 31
17 26
8 40
35 1
4 51
11 55
19 33
54 23
46 60
59 8
50 47
22 13
64 46
58 4
31 22
14 19
62 44
19 5
31 37
20
50
27
5
22
13
11
58
20
2
44
37
63
40
4
39
14
52
33
60
7

91 30
47
4
19
67
42
85
1
14
90
16
5
77
8
50
38
68
27
52
32
75
56
89
87
65
43
60
40
79
13
41
41
85 14
48 25
73 35
64 27
58 31
8 75
14 57
44 11
3 73
56 15
37 57
80 78
74 4
70 77
25 54
52 10
20 32
79 28
32 68
91 28
29 84
68 91
11 20
35 4
28 13
87 13
54 27
48 90
17 7
10 33
19 49
64 48
67 68
8 6
75 55
73 33
49 58
63 35
21 16
46 2
59 46
42
46
73
12
25
36
24
17
49
45
63
48
66
30
81
88
62
76
55
18
58
9
26
15
80
31
70
37
10
28
22
23
83
35
29
72
78
86
39
3
64
6
61

100 36
75
5
51
34
81
29
38
49
57
4
55
83
79
17
23
77
46
88
82
73
47
21
24
39
7
95
54
99
63
100
67
66
58
96
48
32
29
89 67
100 49
28 56
43 54
40 69
99 79
70 80
68 30
60 45
10 75
31 74
69 25
91 6
85 13
14 28
20 37
26 65
7 25
19 99
85 3
79 37
67 51
97 34
9 56
73 83
28 46
7 46
79 94
8 66
5
2
30
53
11
68

43 18
43
33
40
37
24
36
39
23
22
34
42
32
20
8
29
26
27
4
13
3 31
1 7
6 20
34 7
38 25
33 38
21 42
2 38
8 17
23 13
1 16
33 6
38 21
19
25
41
6
16
12
14
28
11
21
19
30
2
13
5
15
10
35
18
9

47 16
26
1
30
6
34
3
40
23
16
43
45
2
28
10
25
41
14
14 11
3 14
31 24
2 43
14 2
7 40
37 11
13 41
15 17
33 8
1 30
8 42
33 47
28 35
8
5
13
44
39
33
35
22
7

41 16
18
8
14
24
25
7
26
29
28
22
32
11
20
31
27
10
13
16 9
28 13
33 35
11 31
30 20
11 16
38 32
24 41
27 13
39 34
18 26
27 29
16 1
15
33
19
36
6
40
41
17
37
2
34
12
1
9
5
4

