5
49 19
48
35
28
8
1
27
9
12
39
5
29
24
13
47
18
16
4
2
25
15
35 43
38 49
5 2
34 16
29 31
26 30
44 45
15 28
36 17
19 13
41 42
12 19
39 23
2 28
14 23
5
7
19
49
17
10

58 17
44
6
18
12
43
35
16
10
55
22
20
38
50
52
31
40
57
21
41 13
20 25
30 52
28 26
51 35
38 27
8 44
12 37
8 34
27 14
41 43
41 28
31 15
46 37
42 46
36 10
14 53
49 44
2 39
47 26
47 33
23
39
58
26
32
41
14
34
19
1
15
49
46
8
56
13
51
28
23
9
47
54
30
53

77 27
26
11
65
74
30
36
29
15
25
46
66
47
42
10
1
3
58
70
23
64
33
60
13
63
59
52
45
32
8 6
67 59
70 68
49 54
51 9
25 69
27 69
65 42
77 2
50 7
51 33
31 60
21 6
34 59
50 16
52 3
35 40
74 30
72 57
16 52
30 25
24 76
52 51
74 77
30 40
71 18
58 19
41 74
55 61
37 56
25 65
71 7
45
20
19
6
12
43
55
72
31
17
51
68
75
28
32
73
35
41
9
7
18
48
62
44
40
49
39
38
61
37
22
76
54
16
14
2
27
4
77
21
24
53
57
67
71
56

39 12
38
4
15
22
23
32
11
12
2
33
3
10
19
10 30
9 10
13 5
38 13
13 3
36 16
34 9
7 19
25 38
20 5
15 17
38 37
25 22
25 4
20 35
21 24
11 10
35 9
37 27
19
5
19
1
27
13
36
24
8
20
9
29
21
25
35
7
30
26
17
28

36 11
9
7
26
31
35
25
6
13
29
34
22
16
21 31
26 12
23 12
31 23
13 36
8 4
9 30
24 20
17 6
17 4
3 32
6 21
12 20
25 9
23 21
12 8
3
21
32
28

