5
14 5
4
9
13
14
2
5
14 11
7 10
1 13
12 9
14 6
3
8
1
3

63 27
63
62
40
17
23
36
37
7
14
59
9
61
58
30
24
49
4
15
20
34
33
1
25
26
43
48
41
31
16 56
33 44
51 23
39 27
51 40
50 37
19 15
8 40
54 58
9 51
34 1
62 50
29 60
8 19
14 9
12 25
46 55
41 26
39 19
4 58
54 32
54 46
12 50
4 42
61 45
26 7
4 24
53 43
27 48
2 55
44 62
20
39
22
5
28
53
57
21
31
52
19
18
11
55
42
54
35
8
29
6
46

52 13
35
16
29
52
27
46
32
19
47
37
6
31
20
21
29 11
40 27
7 39
15 32
1 31
34 5
37 52
38 29
7 12
44 42
12 37
25 26
20 52
18 45
10 35
49 12
13 38
20 48
27 38
1 17
2 23
16
22
26
5
11
34
10
48
43
14
40
41
7
12
30
18
42

10 2
2
10
4
1 9
2 9
10 7
6 5
1
8

95 41
54
60
68
7
41
39
6
34
50
67
62
23
57
10
59
31
76
61
89
91
43
83
56
77
24
36
33
87
8
18
5
84
13
35
38
72
14
42
94
53
64
32
27 56
79 12
28 30
10 11
44 30
38 69
2 23
53 6
16 22
93 50
47 78
32 25
56 58
68 90
55 54
82 71
21 2
26 30
20 10
4 35
56 43
42 37
55 25
79 61
7 23
82 22
91 47
7 54
23 12
30 68
8 89
18 50
5
79
1
3
69
17

