9
61 28
31
35
34
37
60
50
61
19
40
14
58
28
1
55
24
8
36
18
23
42
44
48
11
10
6
4
47
41
17
30 60
30 10
45 55
53 55
42 7
19 10
2 7
32 54
55 54
43 42
10 21
59 32
30 47
17 60
49 42
8 26
38 47
30
30
12
21
49
7
26
20
27
53
9
17
25
52
33
57
39
16
15
51
22
13
3
2
43
59
32
45
38
46
29

19 4
13
5
1
19
5
18 6
15 2
16 18
15 11
5 7
12
3
9
17
15
8
18
2
6
7
10
12
11

40 13
10
18
13
23
26
21
17
38
36
35
30
34
39
16
34 15
33 28
20 32
22 13
16 32
9 39
22 4
25 9
23 28
12 33
21 39
29 39
35 1
11 24
32 3
26 33
4
25
2
11
3

64 17
52
8
12
49
32
4
26
21
46
39
14
48
22
53
9
41
1
27
62 9
42 19
43 15
25 59
41 36
36 59
35 59
57 43
60 63
26 18
38 40
10 47
41 4
36 46
35 61
31 27
51 49
6 38
26 58
38 43
19 49
11 61
56 44
13 49
37 57
61 43
48 38
9
40
63
64
13
44
6
55
10
16

82 26
66
67
54
58
4
38
31
35
27
45
16
63
5
64
19
23
11
81
40
34
42
70
2
13
77
52
28
67 17
43 56
17 56
53 41
9 44
45 81
46 54
59 35
39 10
82 2
12 73
60 13
56 13
6 47
25 78
76 67
60 27
55 27
17 52
18 59
34 81
50 54
53 69
49 19
38 57
15 56
15 25
55 53
54
68
69
56
76
15
46
43
12
49
10
51
3
37
78
1
6
44
29
50
8
14
41
71
80
65
73
47
22
60
21
30
48
79
75
57
72
53
18
24
26
59
33
17
62
82
32
9
25
74
28
55
61
36
39

55 16
34
47
41
55
51
45
4
52
8
7
54
14
10
33
30
42
16
49 13
5 41
46 39
41 49
26 50
18 39
39 50
3 1
54 11
14 55
34 39
42 27
13 38
47 45
43 15
50 44
37
26
2
18
23
46
15
21
20
3
53
38
16
31
19
39
5
28
13
37
40
35
44
17
27
9
49
48
12
32
50
22
36
25
24
6
1
43

96 44
96
92
64
12
51
43
27
36
20
15
9
73
61
33
57
67
38
74
35
29
58
62
8
85
28
48
25
84
59
32
54
86
50
14
2
80
66
95
45
18
13
37
87
40
38
53 34
38 88
52 62
66 69
60 5
16 94
10 17
76 27
70 30
28 75
38 39
9 88
28 79
39 14
79 58
2 90
25 42
88 85
6 32
28 3
70 48
86 82
84 72
87 89
87 55
66 26
96 26
42 30
69 82
24 21
5 75
54 93
28 6
68 20
3 36
39 84
76 23
81 70
22
26
52
31
55
23
22
72
70
21
10
90
69
44
3
91
60
56
78
53
24
47
94

79 21
6
37
24
28
38
76
68
63
33
21
69
23
46
66
73
8
58
43
44
51
18
28
44 9
42 52
42 43
13 35
44 16
65 13
33 18
22 76
21 67
45 39
18 5
79 65
38 27
58 59
18 19
56 34
69 49
51 31
61 27
75 23
2 22
53 39
54 62
71 32
36 31
63 44
60 79
5 28
49
9
53
78
61
67
2
19
10
79
4
12
17
13
75
32
64
30
26
1
71
15
31
40
47
52
25
14
54
35
77
5
56
16
59
60
49
45
48
57
22
11
39
27
29
42
72
65
74
50

93 46
76
20
7
31
68
37
3
28
89
42
66
47
15
6
13
49
16
1
54
75
41
51
48
88
60
53
81
57
18
74
29
11
50
32
64
10
9
12
26
82
90
52
38
73
85
84
41
13 48
14 21
59 40
40 61
9 63
57 72
29 4
56 37
49 31
79 70
46 36
89 42
51 20
55 91
1 25
16 48
7 5
48 34
92 57
41 85
68 54
88 81
25 93
42 10
10 69
59 3
63 8
2 69
55 59
54 7
37 91
30 74
50 5
22 30
53 6
59 30
39 51
82 1
65 86
44 67
22 33
26
91
14
63
21
30
17
4
59
24
77
70
2
69
93
62
43
61
35
33
79
22
80
27
71
87
65

