6
14 5
3
9
1
7
11
5
3 4
1 12
3 7
8 9
4 8
3
4
12
8

52 19
5
28
20
1
3
31
9
12
16
14
2
10
17
39
8
48
22
51
24
19
12 41
44 35
13 29
51 50
33 12
40 7
18 37
48 19
10 20
33 8
30 40
40 44
19 23
11 20
35 41
41 31
45 19
47 34
14 31
15
13
33
45
11
32
30
37
40
25
23
49
29
34
6
18

79 23
14
2
25
8
17
66
24
75
69
60
3
71
20
42
32
53
26
79
27
29
74
55
41
20
11 57
11 76
52 58
1 14
77 27
9 22
3 12
12 21
10 31
52 73
23 46
15 37
7 25
78 2
15 7
36 78
6 64
6 11
4 37
63 37
56
22
9
39
37
65
61
77
38
43
13
45
11
15
47
68
28
57
49
30
72
34
76
35
7
4
31
50
54
5
19
67
33
16
6
64
73
46
1
56
52
10
18
51
40
62
48
21
63
12
59
78
36
58
44
23
70

72 35
27
53
36
54
71
48
39
40
69
57
62
1
66
24
12
51
45
32
2
42
47
35
34
50
70
64
33
63
55
7
38
15
17
61
72
30
26 25
67 1
35 57
20 67
10 14
6 59
57 44
65 3
49 55
36 46
16 59
61 2
65 15
31 66
58 15
48 36
69 62
39 24
10 52
48 8
10 44
67 33
15 67
64 27
2 69
63 6
38 20
67 5
71 15
21 40
15
23
9
6
31
49
11
10
30
25
59
44
26
5
21
18

54 15
10
27
1
29
49
9
2
21
19
25
16
45
22
18
11
24
42 5
19 50
10 9
9 18
51 5
20 54
35 44
14 4
2 36
37 47
7 22
22 54
41 11
33 8
45 51
39 7
54 40
42 28
16 44
4 26
41 51
35 6
7 15
51 39
2
17
30

14 4
2
10
6
8
5
6 7
7 3
1 10
14 4
14 9
6
5
12
7
9
14
13

