9
89 32
45
71
67
80
17
3
39
38
4
52
82
50
5
81
76
21
15
6
74
2
27
49
23
19
55
7
8
73
64
69
46
89
44
45 36
46 58
22 7
28 45
84 61
44 87
32 64
21 17
47 73
17 87
83 64
43 80
81 52
10 16
88 70
47 68
54 57
51 53
36 8
89 80
36 64
37 54
43 44
87 6
5 13
40 81
10 85
25 49
25 40
31 72
80 9
38 56
36 38
80 1
60 32
42 28
88 30
80 59
58 36
76 74
69 43
29 50
23 68
10 56
28
37
20
25
12
44
66
54
14
79
26
77
59
32
42
48
34
13
16
43
29
41
51
35
1
40
78
22
10

78 25
43
35
6
63
73
19
49
10
22
11
9
37
78
38
2
15
7
48
1
34
20
4
72
51
57
30
52 36
27 30
48 73
66 44
13 60
38 22
27 47
34 15
54 25
12 60
74 31
20 38
15 9
3 14
46 65
23 62
31 5
63 21
22 67
11 20
69 27
10 9
54 46
68 48
11 73
40 35
74 66
26 76
70 74
47 58
3
52
70
54

93 32
42
57
80
70
62
37
36
18
61
22
8
67
77
55
50
75
17
43
12
5
23
47
52
6
21
48
88
2
89
10
40
83
26
79 17
37 32
77 47
62 11
53 24
88 50
24 57
5 42
43 5
66 80
21 13
12 5
19 76
67 28
2 75
36 42
25 78
78 34
16 79
53 25
3 84
91 43
5 6
58 15
45 37
57 86
35
35
86
74
33
11
76
79
66
14
92
69
58
68
64
93
82
73
7
20
27
53
60
87
9
85
15
46
49
3
91
4
30
28
19
44

56 14
51
20
38
45
33
27
7
18
26
12
39
15
43
5
27
11 47
29 22
16 25
14 45
15 21
6 52
17 31
21 19
52 11
52 3
2 46
17 10
2 1
48 15
5 4
29 33
31 54
33 37
3 39
25 46
13 39
24 16
51 4
42 50
22 6
22 9
19 26
15
54
47
11
50
34
17
41
29
13
36
23
48
4
40
35

54 15
54
30
42
33
10
45
37
49
4
3
51
7
35
20
23
15
54 50
30 14
45 52
53 42
25 49
31 52
20 10
16 32
51 26
39 18
50 33
35 47
38 17
44 1
54 29
28
8
27
6
52
43
25
24
12
21
31
44
13
14
47
15
29
5
41
2
46
11
39
32
1
48
34
16
40

99 25
66
48
3
29
99
43
36
23
46
22
14
7
60
70
38
96
78
75
10
77
11
49
86
39
92
44
22 77
81 15
44 18
48 63
71 8
93 25
22 26
13 46
16 29
51 96
47 91
37 10
18 82
91 99
59 95
46 67
36 39
38 81
59 67
64 10
38 18
62 69
9 73
97 54
74 72
24 22
60 94
44 73
53 57
54 31
85 46
45 31
53 3
97 53
6 94
27 50
1 95
23 4
83 10
59 5
83 60
60 57
10 57
32 17
48
37
5
45
98
73
74
58
59
16
15
40
34
67
20
6
85
41
88
8
83
68
21
17
25
61
51
87
53
35
69
27
50
63
28
89
93
44
52
95
90
47
42
65
76
19
57
79
72

18 9
16
8
10
7
12
3
6
9
1
8
6 8
2 11
3 15
2 17
8 5
4 18
15 17
18 2
2
5
4

73 24
15
10
48
11
72
17
16
12
67
18
25
26
28
41
29
21
44
23
42
36
56
52
1
49
23
51 31
18 50
14 17
52 22
69 19
68 55
39 36
12 72
9 5
5 54
37 71
17 27
59 7
35 12
11 36
11 19
53 8
37 58
42 41
73 35
54 57
24 36
72 17
36
2
51
47
70
54
64
22
3
68
39
9
14
50
58
69
65
19
13
27
38
60
4
46
53
40
33
8
55
66
73
35
59
45
34
63
6

63 21
17
53
57
11
62
52
25
14
49
10
15
6
54
27
50
12
37
56
39
16
45
19
58 21
41 2
57 11
32 63
6 37
43 40
46 24
35 49
9 15
41 30
62 17
37 26
20 27
45 30
18 26
1 31
45 27
33 3
59 20
9
51
7
30
36
21
42
47
5
9

