5
29 9
3
13
23
11
4
17
19
2
15
11
8 23
12 20
9 12
9 19
17 27
26 23
15 28
24 29
25 7
10 7
8 4
14
26
29
7
18
24
6
27
28
25
5
10
16
12
8

63 28
5
18
35
19
23
12
13
6
27
51
45
42
20
57
50
26
33
22
1
59
38
54
40
47
25
36
11
43
31
5 46
63 48
48 62
2 9
33 41
5 13
60 45
20 57
21 28
63 24
3 60
46 24
8 53
63 54
61 58
9 24
54 25
8 30
6 12
51 11
9 62
5 57
53 17
9 14
39 15
55 51
60 30
31 25
4 54
49 8
23 36
28
8
9
7
21
53
62
29
3
41
56
24
10
15
2
61
52
31
28
63
37
49
4
48
14
44
58
32
34

44 13
14
20
41
34
8
44
29
24
31
4
7
6
11
22
1 6
15 33
40 31
22 15
44 43
30 1
44 6
14 35
27 3
31 19
34 21
3 41
20 31
8 15
9 29
21 9
38 18
30 36
21 38
14 6
25 6
4 20
25
17
40
33
28
10
35
38
1
21
32
13
5
26
15
25
18
9
22
27
2
23
37
39
3
19

82 26
51
32
67
47
17
65
4
72
23
20
80
6
2
22
40
9
7
50
27
10
48
39
45
78
13
3
40
79 54
2 60
45 40
27 72
21 67
26 9
2 42
9 12
54 4
78 65
17 1
11 15
66 49
4 7
25 12
34 66
58 70
25 5
37 63
21 25
70 34
71 68
28 81
60 34
79 23
61 25
55 62
4 62
63 27
79 78
17 45
62 47
54 62
53 58
57 31
60 38
36 15
27 41
1 35
18 44
1
31

47 11
33
46
11
39
32
26
5
43
13
24
35
18
29 34
17 14
40 33
5 12
30 12
22 14
5 24
41 28
40 44
3 8
11 5
5 17
7 18
13 9
2 4
33 36
37 15
17 31
26
42
41
27
2
38
30
17
22
44
9
45
3
14
29
31
7
4
23
8
1
25
16
37
21
34
40

