9
53 25
39
28
5
49
7
31
29
25
43
34
53
36
14
27
17
44
4
16
12
26
2
10
47
1
13
18
6 10
18 22
26 15
48 11
3 2
8 41
41 50
30 47
26 21
22 11
44 13
25 39
21 15
40 26
50 7
45 26
24 37
27 26
27
45
9
50
23
22
21
18
51
33
20
41
8
35
30
48
46
40
32
52
42
3
37
15
11
24
19
6

50 18
1
35
6
42
32
44
14
7
17
8
10
31
40
16
5
30
21
38
17
28 9
26 30
4 30
3 35
35 17
9 4
33 9
17 4
32 6
19 22
14 44
34 6
27 23
3 11
10 46
46 45
35 42
18
37
33
23
28
24
12
9
25
39
43
22
27
47
41
20
29
45
36

39 13
26
33
1
2
30
20
34
28
6
18
25
31
37
19
13 32
27 14
6 27
24 10
31 32
14 17
33 15
25 20
28 29
38 18
2 24
6 14
13 20
39 6
16 29
14 12
37 6
33 16
20 34
11
5
36
16
17
3
27
22
9
8
19
32

27 6
25
6
12
14
2
19
7
26 17
14 21
22 16
22 9
17 23
25 24
20 23
11
11
1
5
21
24
15
17
26
27
18
4

91 23
24
65
47
33
13
52
56
81
78
51
77
61
38
86
88
7
14
45
2
71
23
20
60
32
59 69
67 6
57 79
5 13
87 56
63 66
40 14
8 32
34 77
16 20
75 16
82 85
60 41
24 40
4 42
58 78
25 21
45 7
35 77
89 8
1 34
36 60
83 17
19 60
91 65
57 71
22 52
24 84
33 77
50 39
45 47
37 44
44
75
76
64
85
36
1
21
89
90
16
62
46
67
79
80
40
84
29
83
15
74
12
35
37
43
70
44
34
55
6
42
11
58
28
57
39
73
22
54
17
69
41
91
30

30 7
5
14
24
23
19
25
1
12
24 17
11 29
3 17
19 18
8 29
6 21
6 11
2 8
6 17
4 29
20 23
18 29
14
21
22
28
7
20
17
2
15
16
8
6
11
3
9

82 24
76
4
44
58
64
53
39
26
69
50
36
40
2
48
38
9
51
33
43
17
7
71
3
35
27
46 49
50 59
28 47
21 9
32 62
33 76
17 55
10 57
20 63
6 23
67 49
41 49
82 22
46 9
53 49
81 6
75 81
15 81
6 32
3 58
46 33
3 43
69 53
6 82
64 73
25 28
46 43
43
67
52
80
12
66
72
13
45
32
55
61
47
49
34
65
6
63
82
70
19
54
60
11
77
79
37
74
29
68
57
62
16
1
31
21
14
41
23
25
59
56
8
15

90 41
81
67
14
73
48
23
6
77
39
22
12
76
53
2
85
74
90
32
37
5
33
21
29
68
16
86
66
75
19
52
27
8
83
28
88
43
31
18
55
64
61
29
81 18
45 46
55 50
52 48
34 2
32 1
61 20
90 62
70 54
50 39
76 16
8 35
78 41
27 90
66 65
77 19
80 5
76 78
85 11
7 22
81 62
23 66
10 13
44 9
59 35
74 10
48 78
4 13
73 76
35
71
58
11
70
4
45
13
25
57
26
1
89
49
46
80
82
51
9
62
24
59
60
63
78
41
69
35
34
42
10
72
36
20
47
7

59 17
1
10
4
21
26
33
52
14
34
46
53
59
19
7
37
3
36
20
56 33
30 43
43 27
29 27
43 25
46 22
22 39
5 37
7 12
14 34
20 15
40 57
19 29
1 10
32 19
37 48
17 20
6 46
40 39
18 31
19
31
35
20
28
48
11
47
27
17
56
44
58
43
23
13
25
18
12
6

