6
61 15
14
15
50
7
16
8
61
34
11
4
10
30
9
31
56
30
18 41
14 41
30 48
8 30
50 35
41 32
22 1
42 20
26 42
25 39
27 42
11 34
48 7
13 43
47 37
32 59
12 5
51 10
54 28
45 11
4 38
26 58
20 44
36 42
19 29
23 44
43 32
25 48
51 33
25 5
25
5
22
17
28
6
60
1
19
21
43
23
33
53
36
58
54
2
27
48
24
12
26
45
32
44

14 7
13
4
11
9
7
8
12
4
10 7
6 3
9 4
7 5
5
1
14
5
6
2

98 30
83
81
95
80
18
56
5
33
20
26
67
15
17
87
58
38
7
12
97
10
9
43
52
1
37
96
28
4
91
93
41
51 67
96 11
47 1
81 68
38 63
42 67
23 28
58 41
69 85
16 40
3 12
77 97
83 2
8 43
96 37
98 53
60 97
95 6
60 54
78 85
46 63
6 69
29 75
58 84
24 62
77 51
55 56
35 78
36 42
6 74
74 63
92 68
52 5
14 41
25 74
8 96
66 6
52 59
51 59
42 37
47 83
65
40
70
61
98
31
21
62
59
23
49
51
69
55
35
24
76
45
74
50
79
42
57
66
92
75
44
82
22
89
13
65
6
39
54
41
19
53
11
47
72
88
78
48
94
16
2
64
68
3
29
60
27
63
90
85
14
86
46
73
71
32
77
36
34
25

38 18
24
3
16
33
9
22
14
34
21
37
32
29
26
23
7
4
12
35
17
28 11
14 29
25 37
8 16
9 6
21 36
23 7
12 21
35 18
28 7
5 16
14 34
14 26
16 19
17 31
6 26
21 8
16
2
6
18
20
17
36
28
27
31
13
8
11
19
10
1
25

62 24
16
6
58
33
1
54
56
51
2
46
8
7
52
37
44
17
57
11
20
14
15
41
42
36
18
6 21
13 17
8 19
45 62
15 50
44 5
42 28
23 52
41 56
21 41
14 22
46 38
42 11
42 18
17 20
59 4
16 46
9 19
15
18
40
55
3
47
32
27
23
26
5
19
21
12
50
4

36 12
33
6
25
19
21
20
1
7
16
31
9
13
14
35 26
4 27
24 5
32 27
21 14
22 5
6 30
5 4
8 22
27 29
29 7
15 19
28 5
11 10
17
34
35
18
15
2
4
10
23
30
27
17
3
8
29
12
28
11

