10
35 10
28
5
17
11
9
12
35
4
30
8
12
9 2
6 28
17 34
1 12
30 9
7 23
2 23
11 8
20 14
26 21
8 2
11 24
12
20
7
29
32
19
24
34
15
26
10
6
27

73 35
12
17
20
21
19
57
68
36
15
52
49
29
47
5
26
27
41
64
39
66
9
56
24
55
32
7
8
70
46
65
60
45
13
1
30
18
30 45
25 40
34 52
62 33
26 40
59 22
46 10
14 54
8 14
52 59
30 56
45 19
40 49
1 17
30 18
16 7
72 66
43 57
32
22
38
35
62
71
67
16
72
33
11
50
2
73
44
23
58
53
34
14
31
37
3
59
61
69
4
18
25
40
51
42
28

59 21
8
55
47
1
40
46
18
26
54
56
35
31
6
25
20
2
44
17
4
24
21
16
42 16
45 3
15 28
50 58
10 33
13 58
53 42
4 57
34 53
49 28
38 8
18 44
10 34
1 27
32 45
14 45
9
16
59
12
43
34
38
27
5
11

99 42
25
10
54
70
87
67
45
6
31
20
53
55
62
7
59
23
17
82
90
88
48
49
5
64
61
9
96
15
36
8
65
74
44
68
52
51
29
1
95
35
41
69
46
63 7
90 45
6 5
80 77
94 26
54 1
84 11
92 36
40 38
26 85
21 49
84 76
32 92
29 28
6 68
87 93
32 80
87 99
61 5
30 10
24 47
80 2
40 58
91 44
7 90
50 8
3 63
22 91
45 43
76 2
56 82
85 21
92 59
47 75
52 5
54 12
95 49
27 17
46 53
43 41
7 72
57 45
61 30
43 1
2 93
51 64
30
4
71
30
66
78
13
76
22
73
97
72
2
93
47
57
91
21
42
18
86
75
11
50
63
80
14
58
40
43
79

44 21
32
6
18
24
16
3
5
28
37
44
14
36
34
43
12
25
15
39
1
42
21
11
26 8
37 33
2 20
3 20
12 16
33 11
14 42
36 10
5 7
13 18
13 11
1
2

96 29
79
10
33
73
26
89
88
95
72
32
52
27
68
42
21
61
44
8
56
46
16
3
28
96
5
53
36
31
24
30
82 14
41 74
74 18
59 96
21 5
13 95
24 18
59 48
67 86
90 6
55 37
28 6
95 19
14 62
66 30
78 73
59 20
75 3
10 40
64 80
62 78
39 33
34 16
82 96
51 50
7 33
88 73
46 86
35 17
78 27
11
48
12
49
85
47
60
62
71
15
11
7

54 22
45
42
47
34
52
26
5
17
8
21
18
13
48
35
53
11
1
25
44
4
39
54
25
44 2
42 41
33 31
17 38
49 40
37 7
54 38
39 54
48 50
16 4
1 32
9 48
2 50
2 41
48 53
51 47
47 53
21 46
17 23
23 38
29 17
41 40
26 25
46 41
53 2
22
49
50
38
23
16
51
22
10
9
32
6
24
43
46
36
31
12
15
14
7
29
41

25 6
21
13
14
11
10
4
6
15 6
18 4
15 10
5 14
24 9
20 3
18
22
8
18
6
24
3
9
5
2
15
20
12
19
23
1
7
25
16

46 20
28
18
21
31
3
43
9
36
25
29
4
16
46
39
22
5
17
12
19
7
11
45 24
8 38
37 40
16 42
4 7
32 19
19 20
2 18
18 45
29 36
23 38
26
13
26
27
40
38
2
23
10
34
6
35
32
45
42
14
37
44
41
15
11
20
33
1
30
8
24

50 23
37
18
2
20
16
48
10
6
9
13
3
47
29
14
12
38
28
24
35
43
1
34
46
25
22 47
7 13
40 37
15 6
14 50
49 23
33 29
28 47
50 23
7 11
42 26
7 31
46 29
15 2
31 5
24 34
24 42
49 39
14 27
41 32
27 4
12 29
48 7
29 37
48 26
16
39
36
25
30
4
26
27
15
11
33
22
40
31
17
23
7

