5
24 10
24
19
15
8
13
3
7
22
1
10
11
14 18
18 21
1 22
21 13
10 23
22 6
16 14
7 10
1 4
21 23
11 7
8
14
2
17
21
18
12
6
20

86 41
48
75
85
47
16
42
56
32
45
51
36
67
10
60
69
26
3
50
38
24
57
7
61
12
18
23
9
79
63
35
39
73
5
41
82
40
80
6
71
66
25
40
33 28
68 45
79 56
12 55
12 35
78 51
40 57
76 48
84 35
32 81
21 45
43 30
79 78
62 70
44 69
84 7
34 36
68 24
23 33
70 59
83 17
7 60
50 13
66 84
79 28
21 12
62 55
3 35
69 66
81 19
28 65
57 61
71 21
3 76
23 35
80 58
38 62
57 76
32 63
70 45
34
19
28
68
11
43
31
52
55
4
15
29
21
54
84
49
44
58
86
53
37
81
64
59
30
20
33
8
72
22
78
2
65
13
62

85 28
28
47
62
49
16
75
27
24
81
64
34
65
9
70
25
57
11
1
79
32
18
7
36
4
46
6
80
54
33
58 45
69 76
81 79
1 59
8 36
85 77
60 61
44 23
31 22
64 54
57 63
16 41
75 77
63 31
9 36
60 79
61 38
72 60
80 27
67 44
49 15
3 19
39 75
42 41
75 6
40 2
37 68
60 41
45 79
33 57
81 73
49 45
41 74
10
58
38
78
60
37
61
56
2
45
19

15 5
13
1
14
15
10
7
8 2
15 4
1 14
6 3
5 2
3 5
2 6
10
12
5
9
3
11
4
8
2
7
6

75 23
54
72
73
4
17
32
37
31
42
45
69
51
63
39
46
9
64
52
50
33
38
70
40
18
64 19
26 65
4 27
53 38
44 60
24 53
8 29
63 3
63 15
5 63
10 73
48 16
49 3
42 14
32 21
16 15
31 55
73 3
51
57
14
25
61
58
34
8
71
75
62
35
2
60
7
66
5
59
68
53
27
28
56
15
43
6
29
10
67
18
47
65
49
23
41
19
13
16
21
74
30
12
20
55
1
36
11
3
26
44
24
48

