8
61 20
5
52
43
9
59
42
4
57
14
19
36
24
1
37
32
46
56
31
27
13
23
60 46
3 25
53 47
38 43
53 25
30 14
49 11
16 51
4 12
50 19
10 48
41 51
12 44
52 38
56 9
49 7
30 24
44 21
33 45
57 5
45 54
19 52
24 19
41
48
21
16
45
25
15
60
38
7
3
10
47
39
12
20
58
11
29
40
49
22
6
17
30
54
50
41
18
8
28
2
26
51
55
53
33
35
44
23
34
61

61 15
36
55
2
31
34
14
29
15
45
12
44
59
20
40
43
30
10 52
56 1
1 10
16 15
11 24
36 56
53 42
60 49
17 38
43 30
39 12
45 17
55 23
8 51
25 34
14 25
59 2
10 45
25 19
16 55
21 43
55 6
10 37
49 34
8 26
26 31
53 26
33 45
21 35
44 6
3
21
28
58

80 29
58
52
75
18
27
48
4
43
77
2
62
73
12
42
60
44
53
15
16
49
74
67
50
33
3
25
20
9
13
39
48 80
42 64
64 23
47 43
73 42
44 21
29 9
35 47
73 1
50 42
78 52
50 79
39 10
21 78
61 49
56 5
4 61
23 40
6 21
73 72
19 25
7 80
73 79
32 80
10 64
7 45
13 55
78 3
10 28
70 12
51 8
68 50
78 23
23 26
19 40
11 34
3 8
19 15
42 67
3
63
57
68

11 5
1
7
3
5
8
5
9 7
10 8
5 1
5 7
4 9
4
2
11
9
10

53 21
31
21
33
26
13
12
29
8
24
14
27
28
5
41
34
23
44
9
7
1
53
24
23 12
33 4
31 1
28 53
24 46
48 17
25 39
23 53
50 6
42 46
12 43
28 34
43 36
10 53
39 15
44 11
21 38
25 38
49 38
18 2
25 1
34 24
49 47
10 31
9
30
4
25
18
37
15
10
52
47

87 25
3
49
71
5
61
74
53
27
67
16
52
22
28
60
59
54
73
68
76
8
75
43
69
47
29
35
70 58
50 22
56 83
32 60
64 2
5 33
61 82
14 54
62 34
31 68
65 49
20 47
57 54
31 4
9 43
83 12
38 55
55 58
25 37
62 23
72 66
43 39
65 4
39 48
40 36
33 78
49 26
15 10
1 7
1 15
83 54
5 73
12 85
55 44
72 36
27
41
48
33
24
23
37
40
55
80
6
72
50
12
26
4
82
66
39
17
81
84
30
78
1
45
7
14

31 7
23
12
11
7
22
17
5
13
1 5
4 24
2 4
28 26
15 28
19 20
29 23
9 28
21 2
31 25
13 9
3 11
23 15
19
10
4
31
16
24
25
15
8
20
3
18
30
6
13
28
2
21
27
26

42 17
6
8
24
34
28
23
19
42
1
18
5
30
2
16
10
7
31
18
20 24
3 32
29 40
21 35
35 2
34 4
9 1
41 4
8 40
5 29
6 19
41 32
14 18
19 30
3 21
30 10
18 5
42 39
22
14
20
35
33
21
32
9
37
27
17
25
4
22
38
26
36
39
11
3
13
40
29

