10
99 46
57
51
46
34
86
18
75
36
38
71
4
78
49
10
14
11
20
92
55
56
58
85
31
93
90
24
63
50
17
15
1
13
27
96
29
89
30
80
95
91
73
87
22
68
84
60
33
21 87
40 90
87 32
15 25
52 80
91 11
20 67
98 84
5 94
35 78
90 79
99 43
64 77
71 44
19 47
45 32
70 13
18 75
65 22
54 8
69 75
46 38
75 24
56 16
44 70
24 70
18 95
56 52
65 19
23 92
15 41
51 80
19 9
4
21
77
59
28

99 33
26
69
74
82
41
86
94
18
83
36
73
32
85
58
29
51
57
95
19
37
87
49
21
17
79
13
44
92
34
64
24
22
4
40
59 3
49 59
88 77
97 57
14 50
46 86
98 58
19 63
79 86
24 10
17 16
30 12
96 21
46 53
18 90
23 15
99 42
53 77
77 4
13 22
2 88
73 65
15 28
93 78
38 68
56 20
19 77
17 26
5 9
57 41
74 20
85 21
74 91
12 15
9 31
41 98
92 8
69 29
91 16
82 4
31
6
16
50
42
3
70
27
43
8
80
93
39
60
68
23
75
28
40
10
46
89
48
98
25
72
66
12
99
67
96
97

43 16
28
42
43
14
26
8
33
5
17
13
32
22
37
15
12
10
21
31 6
36 11
29 23
30 42
42 37
19 15
27 20
40 1
4 12
35 13
42 26
6 29
14 22
19 27
2 37
25 18
30 16
5 7
38 17
27 7
34 27
18
25
4
9
20
1
18
38
39
24
2
41
31
29
16
7
6
35
36

83 33
78
37
73
9
67
24
58
39
55
18
36
82
30
26
3
16
8
25
83
49
45
66
10
61
38
14
76
43
56
15
54
50
42
20
17 9
60 54
49 45
44 31
15 26
19 51
1 5
74 47
28 71
59 31
22 74
32 22
36 26
51 57
20 78
30 48
8 61
70 59
49 33
11 46
48
46
5
63
57
40
31
19
34
11
53
12
81
1
33
52
48
64
62
44
69
29
70
47
35
80
21
72
74
7
79
4
41
22
13
71
2
17
65
28
75
6
68
77
20
59
60
51
23

11 4
8
7
1
4
5
6 2
5 3
9 4
6 3
9 1
2
3
2

49 15
45
4
38
41
35
7
21
46
40
34
24
26
49
9
2
19
6 15
13 17
34 41
1 23
6 9
40 30
44 13
20 46
18 1
7 46
13 21
7 39
22 14
44 16
43 46
33 20
8 5
5 22
41 37
13
28
6
32
42
3
47
27
19
23
31
13
36
37

17 6
17
16
6
7
15
14
7
2 5
16 15
17 10
17 8
3 12
14 3
5 1
9
11
5
2
13
3
9
1
8
4

82 26
34
12
55
33
20
10
52
68
43
74
49
67
6
35
80
16
47
13
39
58
50
54
79
51
27
9
30
29 34
53 41
71 52
36 46
68 72
30 38
47 16
7 44
14 23
38 21
2 22
50 14
64 36
6 13
3 25
71 24
49 75
54 67
68 45
42 35
16 41
35 60
15 76
33 6
20 19
58 52
48 15
25 67
36 50
79 18
36
61
11
1
70
60
63
45
26
66
40
37
82
2
24
57
46
25
72
8
5
77
62
48
73
44
28
30
53
59
78
65
69
31
81
21
4

87 26
63
23
2
3
25
29
87
61
46
12
79
78
81
50
58
77
13
67
80
24
68
49
66
45
60
6
25
38 82
73 52
81 84
56 10
21 63
20 67
36 67
83 38
28 40
3 10
83 87
85 56
2 73
72 3
59 1
57 36
76 86
25 48
25 51
58 63
17 73
53 47
25 45
13 67
39 70
24
30
14
70
52
40
72
62
4
15
8
76
53
51
21
20
86
65
5
28
85
9
64
31
32

28 8
14
5
25
9
7
24
11
13
14
28 17
17 10
15 1
11 21
16 2
3 27
8 17
27 12
13 6
7 12
15 17
24 7
2 26
13 26
8
23
19
21
6
8
18
20
10

