6
13 3
10
3
12
5
10 11
3 4
6 4
13 6
4 9
5
11
1
2
9
7

81 28
60
47
79
24
70
65
22
63
34
44
29
42
23
14
56
75
3
26
27
45
10
55
52
68
4
5
15
7
21
39 50
48 55
33 29
45 1
30 34
24 18
24 55
34 4
50 16
79 9
41 40
28 15
12 42
46 18
45 20
17 57
39 12
74 47
22 48
75 65
15 42
52
20
54
81
61
41
37
58
77
12
64
74
6
48
73
2
11
69
17
59
36
38
67
71
28
16
57
8
39
18
53
40
50
51
49
21
72
35
43
13
76
80
62
31
1
30
19
32
78
46
9
33
25

92 33
31
87
25
12
16
6
80
32
35
78
11
86
33
72
56
65
69
27
9
77
8
38
62
2
29
59
17
36
44
18
51
81
70
46
80 54
79 36
72 56
23 4
18 2
85 60
42 67
30 63
86 27
33 65
89 80
17 35
10 2
84 28
32 3
69 67
32 24
13 27
50 51
64 12
87 31
50 24
37 10
43 61
31 50
77 14
74 73
49 73
45 1
79 14
60 71
89 84
79 38
21 30
85 54
4 17
47 74
87 80
76 88
71 17
89 16
2 13
53 89
24 12
58 89
91 27
20
48
58
85
21
63
22
61
10
82
20
19
34
52
14
50
49
40
89
3
92

98 43
24
62
16
46
41
4
54
39
20
38
13
98
49
14
1
44
75
40
50
80
71
36
73
11
89
45
67
81
83
53
23
64
15
74
94
78
2
9
32
90
25
87
28
28
40 24
44 22
33 45
1 64
77 88
3 57
50 74
78 60
49 80
98 2
39 24
47 5
39 9
88 81
10 7
39 43
59 18
76 15
27 60
20 45
6 27
23 75
97 27
61 54
89 93
73 18
90 5
59 46
25
68
70
52
17
77
19
93
69
95
85
29
48
92
10
8
56
63
6
60
37
18
91
59
82
5

97 26
55
1
64
18
2
5
83
28
37
8
62
60
61
95
53
6
72
87
33
24
26
10
75
34
73
20
39
55 73
58 14
64 96
79 33
27 48
77 12
91 85
80 15
3 7
75 16
24 19
43 59
26 77
46 27
75 74
25 68
12 67
81 83
81 93
38 36
54 87
60 73
64 1
7 62
27 40
1 42
32 58
66 8
49 4
58 34
2 44
40 84
10 63
63 75
47 27
44 23
94 91
13 92
42 28
51
35
14
54
57
65
7
49
89
4
70
68
12
69
43
97
52
58
63
82
80
85
50
42
9
96
59
3
91
90
71
27
56
36
30
67
15
76
11
92
86
32
19
13
23
41
25
78
74
31
17
81

97 43
50
24
84
82
73
63
53
56
13
62
83
42
41
87
79
80
21
29
59
5
15
97
93
76
67
4
28
49
78
44
18
89
1
16
95
47
31
34
35
55
86
36
40
33
15 16
29 73
62 86
76 18
86 53
42 21
54 38
7 81
89 29
9 60
5 75
18 92
96 9
55 90
13 65
11 37
12 9
44 17
72 77
5 34
46 5
18 28
40 81
29 82
23 59
6 39
35 50
55 52
88 91
94 40
32 53
79 18
87 59
35
94
26
10
58
65
2
33
7
45
12
92
19
75
54
60
64
8
6
27
68
3
46
81
23
25
71
72
61
32
90
85
37
51
52
43

