10
49 24
1
35
7
6
28
14
8
27
49
23
11
18
19
34
25
13
5
47
16
12
41
17
22
4
21
16 31
41 11
44 25
27 49
25 12
19 17
3 16
20 4
28 34
21 42
38 47
30 10
38 49
17 36
43 42
17 47
47 41
12 30
41 24
25 37
3 29
9
43
39
48
30
38
46
32
33
20

86 43
24
14
3
54
59
25
6
10
30
52
38
74
40
1
35
68
53
75
57
37
50
27
2
65
48
55
31
33
67
61
7
56
23
84
39
63
32
11
77
80
69
78
4
36
49 84
24 53
54 45
58 16
25 32
14 9
1 16
8 63
16 46
23 26
17 1
43 13
30 38
13 3
83 35
32 36
1 28
13 27
65 73
31 11
25 33
82 63
5 44
52 26
45 80
39 37
40 1
29 69
79 55
29 75
60 61
32 9
86 27
19 4
4 23
31 65
6
41
45
83
85
66
8

55 14
15
37
18
3
29
27
30
47
26
7
17
54
16
19
27
4 27
8 2
19 39
25 54
13 52
1 45
11 53
55 27
5 17
27 15
51 29
34 11
54 42
31 29
55 21
22 42
31 22
49 5
9 45
19 23
16 55
28 52
1 3
4 53
4 13
10 53
31 19
21
28
51
25
32
53
22
10
4
45
35
33
36
8
31
44
24
11
38
46
6
20

97 30
30
19
8
42
52
78
75
6
65
94
59
62
7
25
20
60
50
35
85
69
33
5
73
70
31
87
93
61
14
37
45
17 73
60 7
73 42
72 17
89 48
89 87
81 47
70 72
20 6
47 14
37 7
62 26
21 44
61 51
6 72
86 76
10 54
66 67
92 45
91 8
48 80
89 62
78 79
35 59
21 74
35 21
36 27
37 19
86 85
63 14
46 81
33 84
15 7
53 78
63 31
66 58
87 16
91 10
10 8
23 93
96 13
31 48
69 68
77 52
11 63
57
39
38
91
89
18
53
10
34
72
77
74
44
64
21
95
81
9
12
11
3
27
56
32
84
13
16
55
46
88
45
54
29
66
23
92
63
28
36
24
15
76
2
4
83
97
82
58
40
57
43
96
41
71
79
49
67
80

69 25
61
27
48
30
36
52
35
21
65
22
51
9
50
60
34
8
16
5
40
59
54
63
12
67
19
30
13 37
67 5
24 66
53 48
25 28
14 33
44 41
25 57
60 54
46 11
63 39
21 14
7 6
39 22
29 68
58 69
49 13
30 58
44 7
15 42
18 29
14 68
22 8
4 5
34 36
8 56
35 45
4 51
9 16
42 65
39
62
55
24
64
6
10
15
20
4
68
39
11
31
38
1
25
44
42
2
17
32
57
3
28
14
43
26
56
49
29
13
37
18
33
23
46
53
58
45

39 16
22
21
33
1
7
39
27
35
29
34
23
3
31
13
16
18
13
7 11
6 36
12 29
12 10
15 39
8 39
1 15
33 11
14 4
7 6
35 37
14 15
37 13
23
2
12
9
26
17
32
8
6
11
38
24
28
37
30
14
4
19
10
20
25
15
5
36

39 9
27
3
22
19
33
7
15
38
31
17
17 36
6 18
2 30
39 36
12 21
11 7
35 15
7 12
4 39
2 12
10 20
3 18
38 22
12 1
9 26
3 2
20 25
27
35
30
4
29
9
25
17
37
14
21
26
6
12
28
34
11
10
18
2
16
23
32
39
36
8
1
5

27 6
1
2
16
17
4
5
13
9 10
4 27
20 23
1 6
20 8
24 8
27 17
14 27
19 12
4 16
3 9
13 16
2 15
20
22
19
26
24
12
7
25
13
21
9
18
10
11
27
23
14
6
8
20
3

32 9
30
15
26
23
29
24
1
6
7
16
24 7
26 25
27 12
13 21
2 29
31 4
22 24
12 32
18 16
9 7
21 20
2 18
12 28
6 28
18 6
10 19
14
22
17
25
19
21
16
13
32
4
12
10
14
8
27

11 5
2
1
3
10
8
3
6 3
9 10
5 6
2
6
9

