7
73 36
23
31
30
47
29
16
33
18
37
24
67
50
9
71
56
38
70
12
59
58
65
22
10
62
40
14
43
45
27
63
13
39
8
20
32
42
36
8 29
70 38
17 42
18 48
56 60
18 17
48 14
26 32
11 20
51 15
49 31
43 47
53 19
28 51
36 10
28 70
41 14
25 28
28 63
70 60
22 37
56 48
34 67
44 33
45 60
10 61
37 66
30 5
17 39
45 58
48 21
10 72
41 8
28 33
58 48
28 26
9
72
7
28
57
44
69
1
15
48

95 27
87
82
23
91
11
78
42
79
32
29
40
65
59
71
77
93
50
92
24
58
19
26
21
5
75
76
73
31
30 5
53 23
42 48
39 64
26 78
5 12
83 47
30 39
78 43
21 84
7 30
65 1
67 18
5 80
25 95
68 86
2 81
74 67
12 10
26 71
39 38
11 1
60 70
89 29
61 42
47 77
58 40
79 57
39 17
92 34
76 29
62
12
86
3
47
30
62
90
31
66
55
35
84
9
60
54
13
15
94
95
64
43
74
63
4
14
88
80
8
17
48
18
39
69
52
36
33
6
10
7
2
68
28
34
70
1
72
46
44
45
25
67
49
41
22
37
53
51
57
81
20
56
38

16 8
4
8
7
1
11
9
10
16
5
10 14
5 3
3 11
13 1
6 5
2
5
12

37 13
22
6
2
9
29
17
24
4
28
12
30
18
13
17
5 23
8 29
9 21
2 33
21 28
7 5
3 34
5 30
11 23
8 32
3 17
22 23
20 2
27 2
33 21
20 11
37 24
20
34
3
16
21
33
31
36
37
15
32
7
11
35
23
14
26
1
25
20
27

44 18
9
28
6
39
38
37
32
36
1
40
26
17
4
8
44
5
34
25
12
7 44
21 4
21 2
38 34
14 30
33 44
13 12
31 24
38 40
3 42
35 31
40 22
13
29
21
15
10
18
35
42
23
41
43
3
31
24

77 29
50
72
60
16
54
35
44
68
6
37
27
63
5
41
29
65
1
69
61
66
56
28
75
2
73
59
9
25
13
33
72 59
46 17
59 10
2 12
13 2
66 32
42 14
14 69
3 72
60 18
33 72
2 23
53 30
16 23
24 47
16 60
69 54
51 41
39 76
34 45
44 25
75 44
61 44
11 49
76 70
40 44
16 74
33 35
67 20
31 41
39 46
16 65
40 57
41
43
33
23
46
62
74
49
3
26
24
14
22
15
53
57
32
51
38
39
19
45
30
31
71
67
47
70
77
48
12
8
7
52
17
18
58
11
64
34
21
42

48 15
32
37
31
25
41
8
27
20
19
1
35
14
46
28
33
18
27 18
47 37
5 26
19 1
25 19
2 46
4 30
11 45
24 7
23 33
40 32
3 35
35 41
6 9
22 19
15 34
37 35
11 47
5
26
29
12
4
38

