9
57 24
47
27
19
1
22
45
56
17
26
16
32
50
3
38
37
29
44
51
42
8
49
35
10
57
18
20 12
11 45
37 16
6 7
19 51
26 39
50 29
48 39
11 55
55 37
9 3
35 33
54 36
45 37
3 29
24 21
45 13
29 27
5
40
43
30
23
28

12 5
1
8
5
4
11
4
9 12
10 12
5 7
12 1
3
3
10
2

41 20
12
24
25
41
22
4
11
28
7
3
20
1
14
13
9
2
32
40
6
26
11
30 19
24 9
2 7
9 38
41 18
20 34
12 15
26 19
39 28
2 36
21 9
11
33
5
21
29
34
10
23
35
31
38
18

74 30
24
53
28
73
66
68
34
6
13
59
69
64
16
61
70
35
27
10
9
60
65
41
31
43
51
56
3
7
47
74
23
17 37
44 5
8 41
26 56
22 7
7 9
32 26
48 24
72 7
19 59
38 50
55 57
52 35
3 45
19 29
70 41
57 73
11 40
42 71
35 42
72 22
47 46
55 30
3
18
11
4

69 28
16
28
15
21
57
44
14
41
36
55
7
48
9
46
54
12
17
6
27
65
42
35
18
52
50
25
1
8
29
41 19
13 4
4 47
48 33
56 44
57 13
34 42
51 4
5 19
44 38
61 35
36 9
32 66
46 33
57 19
56 31
68 33
60 24
38 2
44 36
41 27
33 35
17 55
60 66
50 69
56 14
65 8
29 12
58 6
9
4
30
53
24
11
3
64
66
13

25 11
1
17
21
24
19
16
8
9
18
15
14
8
8 13
16 13
3 17
21 14
1 2
7 1
21 19
15 11
9
3
25
13
23
6
2
12
7
5

53 24
13
38
3
5
2
35
36
7
42
26
20
46
16
18
47
51
21
43
24
49
37
10
33
9
18
46 21
12 53
8 23
20 4
28 27
45 15
52 4
12 37
50 45
45 25
3 11
29 4
53 45
17 35
51 20
36 10
51 28
1 51
27
1
11
29
30
12
4
28
17
15
44
52
22
40
32
6
23
14
34
50
31
8
25
27
39
41
19
45

85 33
21
52
60
12
43
29
14
59
41
66
35
15
34
56
25
13
47
50
40
78
20
53
26
1
44
69
32
76
77
4
49
42
10
33
22 73
40 62
18 67
63 37
39 26
34 69
47 15
46 78
3 78
48 40
69 43
17 27
14 8
49 12
83 72
45 25
20 49
71 79
66 55
13 65
14 26
68 46
20 12
31 28
24 17
85 37
74 85
84 58
25 8
55 13
59 11
75 5
53 37
17
7
37
82
9
73
74
65
79
64
33
23
61
51
85
16
8
39

64 32
48
38
39
33
64
20
56
28
40
42
44
26
14
43
23
32
27
37
24
6
18
22
7
45
5
34
60
25
2
59
31
17
22
25 55
38 6
49 23
28 53
9 41
23 57
2 17
46 24
57 63
1 7
33 18
16 55
40 16
14 47
23 37
6 22
42 18
62 63
55 14
22 44
29 50
10 36
28
52
47
9
19
61
46
10
30
62
3
1
8
16
55
21
58
29
49
50
36
35
13
12
54
57
63
11
15

