5
78 32
47
76
4
77
51
8
65
75
37
13
6
27
22
70
42
69
68
32
21
11
46
72
20
9
17
48
64
19
66
39
60
16
23
48 77
5 58
1 74
11 57
63 35
7 21
38 25
24 73
76 25
40 65
41 24
25 50
64 51
70 39
74 76
59 24
25 37
66 30
20 31
76 44
70 9
61 19
12 30
25
10
2
28
78
56
7
52
33
41
12
35
54
45
59
24
15
40
44
67
18
14
55
5
58
49

41 12
9
3
2
39
30
8
19
25
41
36
31
26
19
17 4
14 6
22 31
36 11
15 13
1 2
13 35
18 5
37 2
13 23
17 24
33 10
4 28
12 16
3 27
16 6
24 16
1 24
35 2
11
32
35
23
40
29
33
28
12
7
37
14

30 9
16
18
27
14
29
25
4
8
12
9
28 23
15 29
11 17
5 10
12 3
12 9
19 20
19 18
11 24
20
22
6
20
10
1
24
15
26
30
11
13
19
9
23
2
17
28
21
5
7

84 36
24
66
63
81
40
41
74
12
28
39
70
23
48
72
60
69
19
71
26
15
73
58
18
1
44
56
5
51
82
6
53
8
37
75
34
79
39
29 19
6 13
8 39
66 31
73 19
78 5
74 57
84 75
47 24
44 67
32 27
72 75
3 27
75 57
30 47
83 12
39 72
21 83
65 34
76 51
11 75
37 77
52 21
68 63
59 80
19 62
24 3
48 32
23 29
21 40
84 39
12 20
27 51
9 75
34 43
4 9
14 10
26 21
62 64
3
45
46
25

69 18
42
34
16
19
52
60
67
68
7
9
27
2
25
59
43
1
48
46
31
3 17
24 42
63 12
51 29
63 34
68 1
63 18
31 17
23 9
27 4
24 58
36 18
64 32
37 68
37 29
44 38
7 49
55 47
38 55
16 47
62 39
6 2
17 6
6 16
69 43
37 32
52 47
46 43
21 26
38 37
41 40
23
17
30
35
62
56
3
24
44
63
20
10
41
15
64
22
36
45
11
53
18
21
8
14

