10
65 27
29
50
7
35
21
25
61
64
47
58
17
49
56
24
42
27
44
37
11
32
5
60
31
41
15
2
43
29
49 33
56 16
56 46
49 40
18 22
30 46
60 8
22 36
37 38
18 65
58 52
6 64
23 47
48 38
62 29
16 10
54 22
35 9
1 57
34 53
45 26
6 23
5 45
27 41
32 64
17 25
13 50
41 65
33 41
23
52
63
57
14
59
20
33
22
4
65
16
51
3
53
6
45
38
18
13
23
28
48
26

16 8
8
5
4
7
10
9
6
11
4
7 14
1 11
13 7
16 13
1
14

53 13
49
8
14
1
41
15
33
44
13
53
36
11
28
14
34 39
37 49
40 9
12 35
8 7
15 19
14 39
10 8
42 14
32 42
34 31
49 8
15 47
27 12
35
9
18
20
19
40
43
27
31
48
39
38
34
17
7
32
16
46
22
24
23
47
6
4
12
30
50
51
37
5
42
52
35
45
29
21

68 17
26
2
22
14
11
31
68
60
28
43
24
36
38
8
25
1
39
33
5 21
52 11
34 24
30 52
60 19
33 50
18 48
53 21
55 6
11 21
24 30
44 47
44 36
55 67
23 1
37 44
50 58
34 9
14 20
60 59
57 20
44 46
35 20
6 9
66 28
39 35
20 56
36 42
24 54
1 12
43 64
64 48
14 67
47
44
9
7
16
5
64
65
47
54
55
41
10
58
13
3
32
45
56
12
34
30
21
33
62
17
42
40
53
23
37
51
59
4
35
46
29
15
27
67
50
20
66
61
63
19
57
49

97 37
44
32
92
9
89
22
54
81
30
25
72
83
14
1
69
60
53
38
31
88
86
6
13
21
34
76
43
87
3
71
82
23
85
94
59
93
26
39
63 74
12 66
61 52
79 37
90 27
32 33
59 87
96 73
51 75
63 64
21 3
16 90
39 15
14 41
48 65
84 67
72 32
13 73
71 47
3 91
70 26
60 46
60 48
62 53
55 66
40 81
66 67
22 67
55 15
10 32
87 44
67 46
15 83
79 70
89 15
48 18
47 10
34 44
44 50
47
41
73
4
35
18
11
56
64
47
49
15
58
63
8
84
66
51
90
42
16
55
7
29
61
17
78
12
24
37
52
74
39
97
20
79
28
19
50
77
46
80
62
48
57
27
33
65

72 31
48
42
45
7
49
23
3
46
56
4
40
27
9
18
63
57
72
44
38
64
68
35
70
29
28
36
66
22
52
67
47
20
39 48
37 56
50 39
28 2
57 34
39 53
51 59
57 46
54 7
26 27
17 34
6 18
58 57
50 64
59 7
54 32
55 25
51 38
62 4
57 59
35
61
11
2
51
65
33
30
34
55
5
13
60
62
31
41
59
12
8
43
17
20
26
15
39
1
37
71
21
54
58
10
50
16
14
6

93 44
26
83
61
11
70
59
36
43
13
88
54
22
5
58
6
56
93
16
74
44
64
17
35
19
92
9
46
4
49
89
47
15
67
7
48
50
40
8
42
31
91
87
21
39
41
12 3
11 25
79 8
51 69
55 81
52 61
64 66
79 17
21 1
29 21
47 56
64 32
5 57
30 56
76 5
80 72
28 4
9 18
30 78
54 70
29 65
32 18
45 57
50 19
33 75
65 16
55 7
75 73
8 41
49 42
62 93
68 31
93 79
53 26
38 64
66 88
43 56
68 16
77 22
50 57
42 11
25
34
79
53
80
32
78
69
60
71
1
27
29
86
33
72
10
65
18
12
45
90
75
84
2
55

62 17
19
61
4
53
10
56
21
29
52
34
20
48
54
3
11
24
50
26
35 28
38 53
59 34
5 58
3 13
41 7
31 60
10 21
28 54
1 23
2 11
61 3
21 43
47 39
22 15
50 13
6 26
23 26
8 22
8 5
36 43
25 29
56 51
29 34
62 21
40 3
45
58
16
62
15
46
1
14
6
40
41
60
12
9
45
39
33
17
44
22
32
31
55
37
43
51
36
38
27
13
8
18
59
28
25
47
7
30
42
2
23
35
5
26
49
57

22 8
8
11
9
17
14
6
16
1
10
19 7
19 11
8 3
3 13
8 12
12 15
15 13
6 18
14 22
14 7
7
7
21
3
18
5
13
4

73 24
1
53
46
59
14
40
38
24
18
73
27
2
12
35
34
20
23
58
13
42
48
62
57
71
19
52 72
55 37
18 65
8 48
15 26
47 36
69 47
57 19
72 38
47 61
31 8
27 60
17 35
52 55
71 3
45 10
2 52
63 34
64 12
35
72
63
66
17
56
65
30
6
3
33
26
32
44
8
51
60
64
54
7
11
16
22
49
70
43
47
41
69
61
10
25
9
52
67
28

