8
42 17
8
36
5
22
19
20
17
24
15
30
38
28
34
13
4
10
29
16
22 27
3 20
7 38
12 30
24 16
9 29
35 23
31 14
2 40
19 20
31 20
11 39
16 1
17 18
18 5
40 38
12
11
16
39
1
6
23
7
25
21
3
26
9

76 20
64
66
47
69
20
54
70
43
14
55
68
34
1
44
12
51
76
30
26
28
21
61 60
16 72
60 42
30 66
56 76
61 4
50 75
76 54
2 66
52 22
69 38
7 56
28 56
52 12
33 39
49 63
19 39
9 31
27 15
27 49
53 56
49
65
31
39
67
29
7
27
42
63
57
22
24
25
45
60
16
3
52
61
15
11
35
2
32
74
71
5
56
23
41
59
10
46
17
38
33
6
53
21
58
8
62
40
36
4
48
13
49
73

73 29
34
2
27
72
63
7
39
28
59
11
18
10
23
62
29
3
40
32
36
31
53
22
41
21
14
71
44
24
64
31
11 68
70 58
62 65
50 60
11 63
7 33
20 1
69 73
38 69
42 22
54 18
53 38
62 21
22 73
4 7
19 72
72 49
61 37
52 43
32 61
3 2
34 64
19 30
1 23
4 9
1 72
17 67
73 32
1 26
69 21
33 38
10
15
9
73
70
55
45
4
42
5
13

51 20
45
19
17
29
42
33
47
40
13
38
44
21
39
22
2
27
16
26
15
32
25
6 25
26 51
30 25
33 10
47 21
27 48
29 50
15 5
31 15
22 21
41 27
4 40
38 51
31 21
39 16
16 22
23 14
40 37
44 49
9 51
31 4
21 19
6 9
7 16
19 48
3
9
35
31

26 8
26
13
3
25
10
5
21
22
8
21 16
18 21
11 9
23 20
7 24
8 5
15 8
11 12
16
19
14
20
8
18
11
15
12
23
7
24
1
6
2
4
17

50 13
4
39
46
10
48
47
50
13
9
27
44
32
22
20
39 27
50 19
16 45
44 22
33 48
42 5
28 16
25 6
40 46
23 26
49 20
26 48
36 22
33 5
13 36
48 37
1 31
15 1
22 8
11 13
21
12
21
7
20
16
23
37
33
26
25
41
17
43
38
49
42
40
28
5
36
15

82 26
54
44
56
79
65
75
70
33
28
62
50
22
39
36
42
15
9
8
60
45
51
43
16
26
57
41
31
47 69
39 48
44 59
5 79
47 8
77 71
36 78
77 30
34 73
75 25
39 26
75 54
10 30
38 67
72 41
36 5
36 72
9 57
80 41
66 73
55 72
78 46
29 45
63 36
10 72
10 5
44 48
52 25
57 30
70 59
46 27
56
11
47
31
72
3
19
17
34
66
64
38
58
69
35
81
23
13
63
4
6
18
40
53
76
25
46
37
71
27
52
49
73
78
2
5
20
29
82
12
74
48
67
59
10
61
30
55
80
68
24
14
77
1
7
32
21

82 21
31
45
72
37
41
77
24
40
74
82
58
22
29
25
54
75
78
81
61
36
35
36
7 66
69 74
14 13
16 61
33 69
13 42
29 75
70 17
38 67
45 60
59 46
42 10
44 51
43 82
58 73
42 28
47 30
49 29
31 21
38 66
64 10
81 8
67 46
67 29
68 18
63 34
56 81
27 15
66 47
37 34
62 36
12 61
3 61
2 33
7 28
18 51
48
57
12
33
19
7
6
20
67
1
30
11
55
79
32
9
48
43
16
49
27
76
23
46
53
66
39
18
51
4
64
50
62
34
3
69
56
63
44
2
42
70
38
47
21
14
26
8
60

