5
29 10
9
2
23
12
27
6
4
26
24
21
9
18 10
13 28
25 29
23 15
16 1
11 14
11 3
4 19
11 17
10
7
1
5
3
28
17
16
11
10
14

15 4
14
3
9
1
4
2 6
15 3
14 9
7 11
10
8
4
10
2
7
15
12
6
13
5

91 31
10
8
62
55
69
86
7
73
42
68
56
12
36
40
41
49
63
53
43
87
58
2
90
46
54
85
75
3
15
4
9
25
27 60
45 53
1 55
81 70
48 16
12 54
37 25
8 5
36 55
39 88
61 43
54 90
52 59
12 3
8 38
73 32
9 26
55 47
63 65
78 20
87 48
63 49
2 62
32 5
48 66
52
31
51
27
21
17
24
14
32
91
89
20
70
71
80
33
78
52
77
74
26
37
47
48
25
64
76
79
18
59
6
22
28
72
50
61
5
65
29
81
45
82
83
66
60
57
34
88
84
35
67
16
39

16 7
7
13
9
1
5
16
3
6
16 3
10 15
10 7
2 10
11 13
15 7
9
15
12
14
2
6
4
8
10
11

32 13
25
29
13
26
20
15
7
5
14
31
16
28
1
11
10 30
31 5
14 2
3 25
3 23
2 22
11 7
18 23
17 12
24 23
2 15
13
2
24
19
10
4
3
11
30
22
21
6
12
17

