8
78 36
26
29
57
71
43
69
67
6
4
9
52
47
25
63
75
18
20
51
42
5
62
31
27
48
46
70
17
22
1
32
35
45
21
8
77
33
23
14 25
20 63
69 21
70 29
37 28
15 33
68 57
49 20
67 53
68 13
30 71
56 74
24 17
65 70
37 45
76 8
67 38
31 59
31 23
74 42
17 14
58 77
13 11
11
7
13
40
38
37
28
3
74
16
11
49

37 13
8
26
5
35
11
33
1
25
29
37
20
12
23
17
21 31
23 7
26 9
13 26
11 36
12 33
20 17
7 18
34 36
4 12
22 23
1 20
22 17
19 3
29 19
36 26
4 6
7
21
4
36
30
18
24
17

51 21
40
27
7
37
4
25
20
16
3
38
24
50
42
36
12
47
29
32
11
19
43
23
46 23
17 37
26 2
51 4
22 51
8 36
40 44
27 30
19 15
34 30
38 39
30 24
18 42
18 22
40 31
1 17
36 4
47 31
44 26
25 18
36 1
8 14
20 1
24
10
48
45
30
1
31
51
13
5
22
14
39
44
33
8
6
28
21
9
17
46
15
41
35

61 28
12
1
47
51
18
58
39
20
35
27
57
26
14
6
22
36
10
30
42
5
31
37
55
11
49
33
19
29
20
54 39
45 20
44 55
53 45
50 3
59 23
35 50
1 61
31 43
11 57
47 45
27 2
48 13
11 49
16 6
9 34
13 25
53 13
8 15
4 39
11
34
3
17
16
48
54
9
50
44
59
28

33 8
31
15
17
3
32
2
10
5
16
10 16
29 12
14 21
10 24
17 21
17 15
25 16
22 31
5 4
6 32
20 19
17 19
22 32
29 31
23 22
5 33
22
24
8
11
19
14
21
7
23
20
29
28
9
1
26
18
27
30
22
12
25
6
4

71 20
62
27
9
65
57
69
3
32
4
25
22
68
38
44
54
67
19
11
17
33
35
31 29
25 24
10 54
23 52
50 18
69 11
30 65
36 49
18 28
13 10
39 32
35 18
40 1
41 25
45 63
10 52
33 3
15 61
41 53
66 23
50 22
52 62
25 28
31 8
44 29
43 71
37 1
36 13
37 58
15 65
12 67
13 30
69 46
67 21
46 16
23
2
51
6
45
23
30
50
66
49
24
61
52
55
53
46
71
31
14
70
18
56
40
1

24 11
3
1
9
20
4
12
7
10
16
21
22
11
13 10
6 2
11 15
6 24
15 13
5 7
16 20
1 18
4 17
21 5
11 14
6
15
6
13
14
2
23

91 27
69
49
88
63
21
85
71
32
66
25
24
11
9
28
6
26
33
86
23
16
5
53
41
64
72
61
3
40
14 88
28 67
43 64
87 37
33 44
90 37
55 90
63 17
7 23
51 8
91 77
24 18
59 7
1 26
7 71
15 62
79 31
54 46
23 86
25 77
60 58
81 31
53 54
60 57
12 47
30 41
48 62
71 17
76 61
90 49
41 22
6 72
84 56
53 13
49 76
51 16
6 48
39 73
53 89
10 37
23
55
45
36
18
62
91
42
51
81
29
50
7
57
47
14
27
10
17
70
87
48
13
58

