7
83 20
69
82
54
19
11
55
58
33
62
50
44
65
37
6
36
17
41
60
70
83
36
30 74
20 13
10 83
49 1
16 78
50 47
16 72
63 55
54 64
10 76
19 77
63 29
9 8
24 2
5 7
7 3
50 13
38 57
61 73
12 40
48 32
20 34
10 61
44 14
71 65
45 73
43 4
5 17
52 58
49 12
34 54
54 48
36 70
67 13
44 32
31 38
43
22
75
48
34
18
77
72
35
49
47
13
31
78
25
40
12
53
1
28
20
63
56
79
24
81
9
15
68
71
26
51
42
43
73
3
38
21
76
16
39
64
80
7

33 9
11
7
2
5
8
9
17
6
28
13
5 1
17 18
21 30
13 15
14 33
19 6
33 20
28 3
19 22
11 31
3 10
25 2
1 2
22
10
23
22
21
14
15
3
25
12
18
32
26
13
4
30
1
20
31
19
29
16
24

60 29
1
48
25
9
11
8
28
10
21
60
14
51
23
18
20
49
30
26
5
35
15
44
43
41
45
38
4
46
17
26
34 31
19 9
39 16
18 44
24 42
6 54
21 41
54 7
49 44
56 10
35 53
54 60
12 9
7 22
35 9
13 17
22 3
55 60
37 34
48 33
28 16
51 55
46 10
4 48
12 54
32 24
3
53
31
50

97 44
80
55
88
94
28
34
49
2
59
33
32
82
50
68
41
6
24
9
12
87
81
44
53
42
8
43
18
90
10
27
31
52
48
77
57
15
35
85
78
73
40
61
93
29
44
97 23
52 31
44 20
17 75
47 26
30 51
90 10
66 89
51 85
78 82
93 43
6 64
45 64
59 1
66 79
38 83
71 38
22 91
10 36
53 58
48 4
74 81
50 53
49 66
23 49
25 82
44 5
66 30
21 62
66 34
25 53
73 32
35 40
86 24
55 86
71 79
66 19
54 57
74 41
47 24
81 82
68 36
14 6
90 11
43
17
60
84
36
92
95
47
69
11
83
14
21
1
30
91
37
54
71
23
67
39
86
72
65
58
66
96
75
26
19
16
63
25
97
22
70
62
5
7
13
56
20
4

16 5
16
3
10
4
5
7
16 4
5 10
3 4
12 3
2 15
7 16
16 12
8
7
1
2
8
12
9
14
6

94 47
18
21
60
43
16
94
59
23
87
36
9
15
77
44
92
48
1
28
63
25
79
4
11
46
75
67
62
49
27
72
24
80
20
58
7
5
76
54
65
45
10
91
34
22
55
32
33
46
88 59
21 15
59 63
58 64
71 77
30 46
40 44
74 13
3 61
16 28
94 90
8 16
94 4
14 21
58 10
83 19
57 59
49 69
18 74
13 5
33 16
34 64
5 18
39 40
49 91
56 79
19 15
33 64
32 14
75 77
45 57
24 5
57 41
67 69
70 16
32 27
72 6
59 73
62 50
56 26
63 36
75 4
81 75
11 72
65 16
44 90
32
53
35
61
41
82
88
39
73
51
86
52
78
47
64
13
3
84
14
89
57
37
26
69
50
68
70
12
93
2
90
85
29

84 26
59
74
26
27
9
44
67
19
71
5
8
40
18
72
35
54
43
13
10
41
29
30
36
17
42
60
41
26 75
31 82
57 70
74 6
70 17
11 19
70 16
43 60
55 49
52 41
63 59
70 42
65 45
27 69
8 5
4 14
10 78
25 37
74 57
73 84
25 27
42 15
51 27
40 44
24 81
77 21
50 64
50 47
67 76
69 24
31 3
46 60
26 68
12 37
26 28
82 22
12 83
82 69
66 1
5 6
39 20
38
46
15
66
21
79
52
1
65
57
55
38
12
11
23
76
83
31
63
84
58
64
51
22
75
49
56
77
50
32
73
25
68
82
16
53
28
34
6

