7
38 19
18
23
11
38
10
17
5
35
4
8
13
12
24
2
21
29
30
19
6
10
31 14
27 29
21 29
1 19
33 25
3 13
9 4
15 37
37 22
13 16
19
9
14
32
33
20
34
26
36
1
28
16
25
31
27
22
15
7
37
3

84 25
66
48
21
12
44
39
18
67
15
37
60
46
64
62
83
55
63
26
49
57
29
16
24
17
81
39
49 80
41 55
82 40
53 55
4 28
11 65
39 20
71 16
31 76
20 67
35 30
57 8
58 29
65 53
25 51
3 67
19 46
8 14
14 47
60 59
8 12
70 13
27 81
36 75
66 32
65 56
44 65
35 39
38 72
5 55
55 68
74 10
23 20
6 75
25 56
42 59
30 23
9 56
80 78
27
32
13
43
45
25
47
54
71
10
3
41
80
59
65
56
42
6
58
51
31
7
14
73
52
23
35
1

17 7
11
13
8
17
9
12
1
5
3 17
13 5
3 11
1 2
17 4
2
6
4

50 20
42
13
31
16
18
27
43
1
32
40
17
30
28
22
10
19
20
33
46
48
24
22 50
48 37
34 3
27 50
21 34
24 8
7 19
47 42
44 6
14 9
18 5
4 34
46 37
47 15
26 32
43 36
14 6
21 50
28 33
24 17
6 20
37 26
39 6
21 22
5
9
5
49
4
26

92 45
22
1
44
61
21
20
78
77
14
33
47
12
79
17
8
85
16
27
9
2
15
63
45
90
49
10
34
43
29
3
26
55
75
67
25
56
50
13
53
73
70
87
74
35
84
39
67 7
3 63
57 75
62 54
50 40
58 67
16 20
61 26
8 2
10 56
26 88
57 63
70 49
7 39
86 51
57 50
91 89
73 34
86 84
52 49
60 61
22 83
39 49
24 48
38 63
77 82
12 14
33 16
65 42
55 2
6 15
86 66
79 17
60 35
44 87
74 32
44 39
31 48
62 59
37
80
11
91
40
6
31
58
52
23
68
60
32
18
65
37
36
82
57
83
76
48
30
39
62
69
51
89
88
64
19
41
71
72
28
42
4
92

89 33
39
87
82
45
37
43
85
24
58
23
63
59
2
12
78
73
48
60
5
19
51
89
61
29
66
68
25
83
50
42
3
81
36
24
30 79
50 49
57 53
78 59
68 52
83 31
53 35
75 73
71 46
52 33
10 60
20 89
31 79
45 87
41 9
66 71
22 14
1 20
67 26
83 62
53 2
65 3
30 52
63 81
49
56
53
47
84
9
79
80
22
33
57
18
75
86
52
71
14
34
49
28
1
67
26
54
10
77
27
13
15
46
8
38
7
76
4
31
64
69
74
41
70
35
11
21
16
20
65
55
6
62

17 5
6
15
12
2
11
7
13 1
15 2
8 10
3 15
7 17
16 15
1 7
4
1
4
8
14

