6
49 22
35
48
28
16
14
9
29
26
3
32
10
27
40
33
34
41
47
37
30
49
25
43
15
28 21
4 45
28 10
45 6
11 45
38 17
25 34
33 3
41 21
28 37
4 29
10 1
1 42
40 8
24 1
11
46
18
39
44
11
45
6
19
12
20
22

78 19
54
39
29
3
19
31
68
73
46
40
78
67
69
7
36
4
53
47
2
38
8 65
72 28
22 63
39 60
77 13
35 36
20 43
8 11
18 14
9 70
74 22
22 28
23 33
74 35
72 26
71 78
61 35
69 18
11 16
45 77
2 27
67 47
2 50
32 30
3 37
21 58
15 46
6 20
47 44
8 34
4 58
36 10
6 73
22 64
63 35
60 59
47 62
28 46
42
59
77
27
66
35
48
41
8
15
58
76
12
9
30
75
28
21
63
13
18
65
37
17
22
57
62
44
71
74
61
32
56
1
43
16
45
49
33
42
5
25
24

28 9
21
28
24
11
22
25
12
6
23
11
21 8
19 7
4 14
20 11
22 9
15 4
4 18
19 3
9 25
26 25
25 19
13
2
1
16
5
27
18
9
17
13
8
10
14
19

80 21
80
42
31
9
63
62
50
24
67
60
47
12
1
61
49
56
10
57
2
73
29
27
43 45
10 51
17 67
42 74
11 46
27 48
12 78
36 67
75 78
26 61
71 27
10 47
25 57
3 15
63 71
49 30
46 48
53 18
21 11
4 60
20 34
7 38
2 38
15 11
58 67
10 65
74 26
51
52
28
27
37
26
21
51
48
74
65
59
71
40
15
41
11
14
68
23
70
54
46
17
69
77
13
36
34
66
35
33
78
5
39
20
19
30
16
76
7
58
44
38
64
53
32
55
6
3
4
25

12 4
7
9
12
4
4
10 3
9 7
5 10
4 11
6
2
3
11
1
6
8

10 3
6
10
2
4
7 1
4 5
9 4
3 1
3
4
5
9

