7
70 21
43
32
56
57
27
66
2
28
52
33
17
47
10
25
12
19
11
61
9
69
41
28
19 8
66 8
63 30
4 8
67 22
43 53
48 26
20 25
6 58
64 34
57 55
16 12
38 23
61 4
30 58
54 37
59 50
32 59
55 68
47 66
34 15
32 23
29 16
50 27
37 43
16 38
2 7
51 68
28
45
30
44
38
34
65
64
1
29
46
4
59
36
48
49
58
24
5
15
3
51
22
23
18
13
60
37
63

51 17
25
32
46
27
3
29
36
8
42
45
30
48
47
6
35
2
34
25
27 30
25 38
29 47
29 7
9 3
28 6
30 19
18 44
19 28
40 39
14 37
10 19
50 18
20 2
29 42
38 31
10 42
2 40
1 46
20 41
24 2
31 36
5 51
3 5
35 51
14
22
9
12
15
38
13
4
43
50
1
16
20
14
37

17 4
8
6
7
13
4
5 9
8 3
16 7
14 1
11
4
5
10
16
14
17
3
11
15
2
9

21 10
3
4
5
6
7
1
17
18
13
11
9
8 14
4 12
11 12
18 3
4 19
7 1
9 8
16 12
7 5
8
9
10
21
12
16
14
20
2

51 17
47
27
3
26
24
50
4
12
29
18
8
44
40
23
19
5
2
17
39 40
50 19
29 19
34 4
13 28
20 44
24 41
41 51
38 21
50 14
25 4
11 8
25 23
7 35
12 16
26 12
29 44
34
32
21
16
45
42
25
33
10
39
34
20
36
43
28
22
38
35
13
48
41
7
17
9
30
46
31
15
6
49
37
11
14
51
1

60 18
46
58
44
5
21
9
16
12
22
31
36
35
54
7
42
11
57
1
19
51 38
10 18
31 23
26 7
21 30
35 11
24 47
21 45
25 17
53 21
10 3
56 21
54 53
8 60
58 35
43 11
53 52
35 18
30 24
14
17
29
33
2
19
20
8
41
27
15
23
10
59
18

59 29
35
29
50
24
4
33
27
41
20
18
53
10
40
54
44
36
52
16
59
3
17
22
26
56
6
9
47
12
30
25
16 43
12 46
58 6
24 48
58 2
23 12
13 15
18 1
19 49
35 17
41 48
55 27
41 37
45 18
46 31
7 53
51 10
1 47
54 52
3 35
43 30
17 5
58 43
48 32
9 33
25
37
38
46
58
19
5
31
49
15
23
8
28
51
2
43
48
11
25
39
13
45
1
34
55
21

