5
18 9
13
18
5
2
10
8
15
6
12
7
17 5
7 3
9 6
5 15
11 6
13 4
14 6
8
4
9
7
17
16
1
14
3

27 9
15
24
27
7
20
9
21
25
3
9
16 24
4 17
2 24
19 7
7 26
23 5
17 13
9 10
16 19
12
26
13
16
8
14
11
12
19
6
22
23
18

62 22
4
21
48
29
34
17
22
16
13
24
15
52
5
37
1
53
35
8
41
38
19
30
31
27 24
20 2
1 13
2 12
39 29
53 35
45 36
20 54
3 27
40 13
6 57
35 7
29 41
23 62
17 6
58 44
39 19
57 33
37 46
48 36
19 49
3 57
10 29
9 23
57 40
44 42
39 59
57 25
37 21
44 24
7 53
40
61
3
31
27
39
55
36
10
58
6
2
25
18
23
50
12
47
49
56
7
54
40
45
20
32
11
44
59
26
28
9
42
43
57
51
60
33
46
62
14

87 38
52
74
30
50
12
43
57
85
16
5
69
53
64
38
48
22
7
42
19
60
29
31
73
36
79
8
17
32
78
75
9
51
62
76
49
65
87
54
30
61 84
77 6
6 12
9 51
53 69
38 43
70 32
84 79
12 39
30 32
76 2
28 83
61 21
42 54
10 47
85 8
15 61
13 19
54 8
35 30
41 15
64 80
85 2
83 33
73 43
4 29
1 24
52 71
57 9
84 47
0

87 22
16
87
55
14
47
68
80
62
41
31
45
15
13
24
46
72
21
39
61
22
11
57
39
59 84
74 36
52 9
31 58
83 81
14 54
29 14
68 60
74 23
81 72
4 73
74 17
24 71
4 56
79 49
68 55
21 24
50 9
84 11
18 20
17 58
70 18
21 63
14 64
34 84
72 86
42 48
43 75
71 34
46 53
27 44
46 25
73 5
3 11
50 45
53 22
77 17
70 13
70 51
14
10
20
74
52
60
48
78
81
9
36
17
7
35
69

