5
18 8
8
4
10
3
16
13
11
2
8
3 5
5 12
16 14
13 14
3 13
3 7
10 11
1 10
9
6
7
9
18
1
14
15
17
5

42 15
27
20
12
29
23
7
36
19
9
18
34
3
39
1
2
17
30 6
15 8
15 19
23 7
36 8
22 35
40 34
17 19
30 15
40 18
23 38
13 20
5 6
38 16
37 10
40 42
29 30
11
4
8
38
6
5
13
26
41
40
28
32

24 9
23
10
21
14
4
17
6
9
13
11
23 21
3 4
17 6
19 2
9 12
13 16
17 24
9 19
15 14
16 14
19 18
15
5
15
16
24
12
19
8
11
7
3
22
1
18
20
2

26 8
10
9
19
3
4
25
14
6
7
19 18
24 5
12 20
16 18
14 22
15 18
9 25
11
13
8
18
11
24
5
15
7
17
20
12

99 43
2
21
35
70
26
54
79
25
38
30
60
92
50
76
78
15
17
27
5
67
31
6
13
39
61
14
65
57
84
85
46
62
42
52
68
20
63
75
81
9
41
32
51
27
82 78
62 47
54 70
88 80
95 23
30 77
90 91
8 90
92 56
72 45
92 68
46 39
39 86
10 70
89 42
48 61
67 79
7 34
99 5
17 6
27 92
99 35
83 9
24 29
28 20
7 77
15 67
12
80
37
58
45
96
94
40
83
98
12
49
43

