10
87 26
76
44
53
64
49
15
71
7
54
17
12
27
33
14
66
50
65
67
25
41
80
32
87
3
28
4
32
8 73
25 65
68 58
55 60
80 10
36 66
22 38
66 59
53 42
59 10
1 77
63 34
82 48
55 86
52 27
35 61
33 75
78 33
9 22
50 42
72 30
6 39
41 44
63 36
65 57
36 76
76 65
36 14
86 33
81 34
50 37
73 9
1
38

51 25
33
24
44
15
38
12
2
40
17
41
35
9
48
8
47
7
14
13
37
25
49
27
28
4
10
19
23 2
40 43
18 46
50 22
25 37
33 14
16 45
49 17
28 40
24 43
15 3
46 11
51 22
15 31
9 11
29 15
14 21
25 18
38 37
25
46
50
36
26
43
1
39
45
21
42
18
23
16
19
5
29
31
3
30
51
20
22
6
11
34

71 31
13
10
64
62
68
8
35
63
30
46
18
22
45
61
36
50
67
60
34
59
17
32
44
21
52
5
70
4
57
41
6
20
26 9
46 47
61 34
57 36
21 25
25 26
35 12
47 30
55 67
19 17
22 11
63 16
2 33
7 68
6 38
46 56
28 48
62 20
32 3
23 6
34
7
47
19
33
58
11
39
65
28
1
40
2
31
51
25
48
69
14
12
49
24
27
42
43
20
71
16
9
55
56
3
26
37
66

27 7
2
10
4
9
18
8
7
9
7 13
14 2
22 6
22 4
11 20
5 13
26 25
18 1
17 9
14
26
1
23
5
11
27
21
24
13
6
25
12
3
19

39 17
33
25
30
22
36
32
16
10
4
23
1
8
38
20
34
18
14
18
9 25
38 10
5 17
39 35
32 36
13 2
28 5
18 20
35 18
20 32
22 13
23 11
18 14
8 20
35 19
12 33
7 23
34 11
2
24
27

67 29
20
7
10
11
24
38
56
34
17
49
19
55
52
48
53
42
40
62
39
18
63
66
15
47
9
54
60
21
8
29
52 10
21 59
9 17
18 14
47 34
37 32
8 2
59 34
47 53
24 3
19 27
32 42
35 12
5 41
30 20
41 62
24 16
25 38
48 41
61 63
31 48
64 6
2 47
58 5
42 3
7 62
64 31
58 66
24 42
20
5
29
3
50
27
35
64
23
51
46
44
2
13
16
14
57
30
28
59
1

48 19
17
20
10
38
4
48
13
34
37
45
27
1
21
30
26
15
8
32
33
24
27 16
25 18
24 32
37 10
31 32
9 28
27 20
20 29
26 39
17 40
6 41
21 33
16 44
24 34
13 45
40 18
5 47
47 30
32 2
10 17
31 46
19 32
2 34
15 9
29
25
22
42
29
9
46
39
47
31
44
19
16
36
12
6
40
24
7
2
23
43
28
11
3
14
35
5
41
18

67 28
31
61
60
2
3
36
6
50
62
39
25
40
42
56
57
26
41
7
43
15
64
14
4
34
45
38
44
11
18
11 54
20 16
26 32
40 11
53 26
56 18
67 31
31 22
1 60
65 6
49 45
55 60
51 60
7 60
24 8
23 12
14 46
59 57
18
23
30
32
1
55
21
48
8
47
65
29
18
59
24
49
53
66
35

71 25
47
29
9
22
40
63
43
5
44
66
45
48
52
49
64
35
53
19
38
42
6
60
41
23
56
30
40 31
23 18
67 58
44 54
52 41
61 63
25 4
53 38
54 31
28 48
34 56
4 5
21 15
62 26
16 41
12 5
30 65
10 18
6 44
34 60
23 15
61 36
48 18
34 66
57 68
57 67
61 39
41 62
61 44
50 12
38
10
59
62
20
71
1
17
68
31
57
14
51
33
32
54
36
18
26
69
37
4
13
34
12
61
21
30
7
2
58
28
3
16
67
46
25
55
27

85 42
43
85
68
75
41
40
66
67
23
45
32
79
17
29
5
60
28
18
10
30
21
73
46
82
71
35
33
57
54
19
52
83
6
12
27
48
42
69
4
38
39
78
37
60 18
27 43
62 15
61 79
67 42
33 68
51 66
14 12
62 69
37 26
8 46
60 20
19 30
48 15
31 23
42 52
13 77
40 57
12 79
80 21
5 46
49 52
77 29
28 13
22 39
78 60
32 2
41 84
66 33
10 34
74 49
78 26
44 83
15 39
18 63
10 20
44 70
1
56

