6
84 29
64
41
52
36
35
2
32
16
69
15
43
46
1
51
71
76
39
4
40
50
49
21
44
22
14
20
65
18
60
35
24 40
71 81
29 74
61 71
48 64
12 46
74 61
43 82
14 13
78 41
35 32
8 4
15 61
81 28
10 42
16 33
8 70
51 81
11 49
79 49
31 83
8 10
14 51
44 2
35 52
57 71
20 68
39 43
61 18
45 58
61 22
26 39
81 69
77 16
7 55
55
8
63
57
68
59
80
38
26
79
12
54
17
25
45
73
58
34
48
83
23
56
10
7
75
19
81
37
78
28
84
42
66
31
77
30
82
13
6
9
3
33
70
74
61
67
5
11
62
24
55
29
27
47
72
53

87 42
69
3
76
50
70
85
54
34
52
41
79
19
59
5
87
53
43
29
33
1
78
44
55
14
86
65
6
23
30
62
48
12
77
57
24
80
16
18
66
84
51
73
26
59 81
9 10
68 35
57 77
11 8
62 73
40 63
55 2
62 4
84 78
70 7
23 75
65 25
16 48
80 41
71 10
82 2
26 5
61 38
66 14
67 13
68 12
47 44
54 63
3 84
15 1
18
7
63
60
21
17
74
46
15
64
75
4
10
31
11
13
28
25
56

78 20
52
76
8
60
45
77
48
55
43
15
54
62
19
40
57
1
12
10
11
20
24
27 14
32 5
48 65
69 48
77 11
2 13
51 7
60 12
39 64
18 52
16 57
4 13
34 8
69 74
17 62
58 71
6 66
19 7
34 69
11 3
60 56
23 58
43 3
4 18
30
73
41
64
17
33
3
2
27
56
70
68
34
69
37
13
49
4
29
72
50
74
51
22
9
58
63
53
67
26
36

94 36
4
42
56
85
1
83
33
22
66
41
37
80
55
32
60
90
35
46
3
48
24
8
6
87
12
68
20
78
75
77
27
11
57
62
38
81
23
45 54
29 15
6 40
57 82
84 88
89 47
43 37
9 28
28 78
26 23
62 59
85 70
49 34
86 69
56 36
89 69
38 90
8 81
69 72
38 10
64 66
90 30
2 58
4
16
51
82
39

61 26
43
39
27
44
34
1
42
8
9
45
19
55
60
20
6
5
25
17
54
12
36
49
33
46
7
53
23
4 55
60 38
23 1
50 28
49 57
60 13
25 18
19 36
5 27
12 4
8 22
21 45
18 52
57 51
54 52
33 50
22 57
3 42
14 19
35 24
19 33
8 30
48 8
2
14
15

40 18
24
9
8
35
33
20
21
13
6
4
25
19
11
10
39
40
27
30
14
35 26
31 18
37 34
36 32
16 36
14 22
32 14
5 16
11 1
16 39
27 23
24 23
21 17
16 3
16
5
31
15
2
16
36
7
14
18
28
38
1
29
22
37
17

