9
27 8
22
4
17
14
6
9
20
11
13
15 5
22 7
5 2
18 26
3 13
16 1
26 25
14 17
18 5
13 1
19 9
3 24
14 27
11
15
13
2
10
16
23
1
3
5
25
12

43 14
19
29
17
4
20
18
2
5
30
37
31
33
1
3
20
40 11
30 1
7 18
10 4
9 14
5 13
18 21
21 14
26 39
5 20
9 7
31 13
3 24
41 7
29 9
35 13
28 19
25 4
2 30
7 1
19
42
13
22
21
16
35
25
28
38
27
34
39
9
36
6
40
14
43
7

18 5
15
4
7
17
5
7
7 9
13 10
11 7
14 18
11 4
16 12
12 13
6
16
13
9
18
3
12

47 11
41
26
30
14
10
46
28
32
35
5
11
11
2 34
46 37
12 33
24 37
13 33
36 29
27 39
30 26
3 28
34 40
9 7
35
18
16
27
25
2
17
21
23
38
39
8
20
24
33
29
40
36
7
47
6
34
13
3
4
15
12
37
42
19
1
31
44
45
9
22

12 5
7
12
1
2
9
5
4 11
4 10
1 10
10 11
12 5
7
10
11
3
5
6
4
8

33 15
22
7
15
30
26
10
11
17
25
28
12
29
5
20
27
9
27 33
18 22
16 2
26 3
28 33
21 33
2 33
1 11
25 27
9
23
33
13
4
6
1
2
32
16

82 38
50
32
9
2
67
28
72
6
44
61
39
73
52
35
14
75
38
22
76
71
80
11
15
62
46
78
74
18
79
21
77
30
40
63
24
16
19
70
21
27 33
19 58
52 70
32 55
11 63
18 36
1 42
30 80
29 67
43 65
62 42
16 41
17 63
73 35
51 12
60 46
38 4
13 35
26 39
76 31
14 22
33
57
17
56
20
60
48
58
55
41
65
1
68
54
33
64
51
42
34
37
10
69
47
53
5
81
26
25
43
23
13
8
27
59

93 24
39
9
13
74
71
57
15
63
66
82
42
29
49
77
92
75
43
34
24
68
87
86
3
54
42
52 66
18 73
89 35
86 13
16 28
43 24
50 42
67 45
44 63
41 29
86 64
64 92
60 70
11 33
18 40
20 27
73 32
92 30
5 48
52 85
26 44
40 79
86 3
61 62
53 29
39 53
69 13
81 26
83 66
25 79
29 57
52 90
28 30
34 87
11 55
62 6
37 27
69 46
40 15
24 22
30 68
56 39
3
14
30
52

51 19
8
38
30
14
2
9
40
20
27
42
43
45
39
6
22
48
13
29
11
21
1 5
24 37
18 24
40 9
41 26
23 3
45 32
8 45
20 40
29 9
18 40
15 47
30 37
26 12
36 20
26 51
30 40
23 16
47 2
43 23
48 10
16
41
32
49
7
46
25
37
44
33
24
18
15
47
26
35
4

