5
23 9
21
15
6
16
5
4
11
8
10
10
4 8
16 17
13 21
18 8
2 5
5 13
4 11
17 5
4 18
14 18
8
2
14
20
12
9
3
23
22

29 14
21
19
5
6
13
3
12
15
25
9
28
10
22
23
7
14 9
26 19
14 18
14 21
3 8
25 8
3 27
0

83 35
1
7
74
67
56
76
31
51
39
75
50
35
36
28
78
22
34
63
44
40
55
16
9
65
11
54
37
26
10
61
2
82
58
79
47
34
46 41
23 72
9 44
47 32
33 80
5 67
56 23
40 7
49 33
33 37
73 79
41 67
59 83
63 79
7 58
53 10
45 58
52 8
6 5
12 40
6 77
61 15
52 82
16 73
69 38
13 65
44 57
80 63
3 48
9 28
29 21
74 36
4 38
80 55
41
57
27
80
59
38
20
72
68
21
8
12
49
62
71
6
29
53
43
64
60
23
13
45
81
83
3
19
24
17
33
14
30
25
42
15
48
77
69
73
41
18

100 37
20
15
5
88
94
50
41
35
62
8
47
71
82
3
1
40
52
67
57
58
34
26
16
38
79
42
28
24
83
30
39
85
46
60
63
37
7
30
30 89
20 57
56 18
6 33
61 100
76 41
19 86
58 50
98 85
80 46
99 69
84 88
18 93
84 85
38 72
53 85
12 94
19 45
17 50
32 6
28 35
100 92
27 10
42 97
62 30
88 58
1 92
6 30
8 79
5 59
21
78
80
84
97
70
77
56
22
23
100
54
18
65
13
48
75
31
69
99
25
4

15 6
1
7
13
6
2
9
5
8 14
6 15
8 13
12 8
6 2
8
3
5
4
15
10
14
8
11

