10
81 22
14
66
15
79
22
63
37
34
42
1
77
47
25
11
80
75
45
26
36
8
50
33
33
19 73
59 60
80 72
46 14
35 19
32 46
37 21
48 47
3 36
25 62
62 70
64 33
4 12
65 5
80 77
38 44
1 20
14 56
20 21
17 2
13 28
15 3
46 57
12 81
49 61
5 18
76 47
71 45
35 5
50 28
17 67
63 1
61 13
43
65
17
60
5
44
40
52
41
67
71
39
57
7
70
72
43
73
59
55
3
56
35
12
76
6
78
19
31
61
23
64
18
30
62
24
58
27
74
4
16
53
9
54

63 22
27
57
58
47
51
63
42
17
37
30
14
44
22
55
45
6
38
29
24
18
15
52
16
24 63
53 24
57 20
26 37
52 1
43 62
15 3
58 41
34 11
8 62
58 33
29 5
6 12
7 60
26 33
35 33
2
10
13

41 16
6
18
30
14
35
22
2
4
13
10
37
11
1
38
28
8
14
11 6
20 12
12 22
23 3
37 18
22 20
28 9
30 2
39 36
34 22
7 2
26 9
29 16
3 6
0

30 8
15
3
17
8
13
30
29
12
10
7 14
4 28
4 18
24 14
24 15
6 8
3 16
30 26
12 29
5 27
16
22
2
14
4
18
9
10
24
19
21
6
16
28
1
23
20

82 36
75
70
51
24
21
44
74
63
2
11
20
10
32
59
80
15
35
46
26
12
17
68
5
72
30
78
73
52
79
36
61
25
28
14
53
27
37
65 52
50 58
41 26
14 27
79 75
79 18
64 11
51 72
10 32
74 77
64 7
72 59
81 26
61 5
37 50
51 6
52 67
33 1
35 63
12 9
29 28
60 67
33 63
62 42
23 54
77 25
52 25
41 16
32 60
40 51
31 75
54 27
13 17
15 70
35 76
61 7
9 52
22
56
69
7
41
1
42
33
76
45
43
18
13
16
38
48
49
64
71
47
77
29
9

65 24
59
62
37
60
32
24
6
58
21
9
47
28
8
61
23
36
33
1
45
22
34
5
26
20
21
37 50
27 50
30 2
61 28
64 24
35 43
57 23
43 6
1 17
49 8
13 23
55 3
15 1
9 14
64 57
12 40
57 43
41 18
36 26
52 18
61 6
22
57
17
3
41
31
40
16
38
39
56
13
43
30
25
42
54
64
51
63
55
27
48

87 32
64
83
24
75
55
84
3
78
45
17
36
4
73
48
41
23
40
68
49
77
85
34
28
54
74
9
80
76
65
86
31
19
42
58 75
6 4
26 55
64 74
44 75
1 86
19 26
35 19
35 47
18 83
20 5
70 23
9 69
82 30
68 73
43 24
52 10
82 2
52 18
4 11
26 68
26 54
55 34
6 55
8 76
87 40
54 6
36 15
11 61
36 30
24 44
5 36
83 60
50 80
58 87
37 23
68 4
26 46
58 49
31 74
11 59
70 30
6
57
26
1
14
70
35

86 33
26
60
4
9
25
82
11
33
38
1
30
83
29
85
56
86
34
57
67
54
22
46
31
75
80
73
36
48
2
3
13
15
21
41
47 84
50 80
56 13
1 6
65 84
14 78
3 57
23 53
66 76
68 34
55 32
65 69
65 3
11 67
82 10
33 61
45 48
14 73
22 6
54 43
26 32
19 41
21 82
85 14
35 22
83 71
69 3
42 79
35 82
78 85
63 58
33 51
43 21
8 78
8 52
44 67
56 85
3 22
73 16
27 23
38 17
22
18
14
17
50
59
42
43
28
71
52
23
40
24
32
35
74
78
55
69
37
68
61

19 6
1
13
19
11
7
5
8
5 18
13 14
13 4
7 16
6 12
18 4
10 1
19 9
9
15
2
3
4
17
6
9
16
14

31 14
21
23
31
30
3
15
2
6
9
18
17
27
29
7
15
12 22
9 6
22 23
11 14
4 1
18 11
3 14
11 10
22 20
21 27
31 1
2 9
11 22
10 30
15 5
2
19
8

