7
55 21
3
11
54
35
36
42
19
47
21
50
16
4
38
51
30
28
12
41
55
5
7
13
41 46
3 43
21 52
1 22
23 2
52 8
11 15
6 21
3 13
37 30
13 12
33 45
4 27
29
53
6
22
29
24
13
34
32
27
2
31
26
1
49
10
20
33
15
45
37
23
39
48
17
52
9
44
46
18

19 8
7
6
17
11
2
14
3
4
4
7 18
4 1
19 16
11 12
8
9
16
1
19
8
18
12
5

62 23
32
3
8
52
13
47
27
21
40
34
62
15
25
4
56
44
26
41
30
50
49
37
24
21
60 34
20 45
35 43
62 17
9 39
12 51
39 52
11 29
11 32
23 37
18 48
24 1
37 42
61 25
2 36
47 21
28 35
50 11
7 30
54 7
43 9
20
17
11
9
12
7
28
5
61
16
42
36
51
43
60
19
20
2
14
54
31

74 33
40
5
48
46
10
30
11
27
72
7
28
6
12
33
65
57
59
42
49
15
50
21
67
25
51
14
19
39
53
4
38
44
60
25
25 23
64 30
23 59
61 35
4 43
56 33
14 4
8 73
31 71
4 70
5 60
18 61
50 2
30 25
72 17
7 22
56 47
65 73
34 74
35 42
47 43
60 4
15 11
55 46
67 22
22
23
74
1
63
34
52
64
54
13
2
47
24
35
73
9
18
66
17
56
68
45
32

36 13
4
11
30
35
36
33
9
8
7
20
17
3
12
11
23 9
15 11
22 30
18 25
19 8
31 7
20 8
36 35
23 6
2 5
28 24
11
2
5
34
15
28
23
13
25
22
1
16

65 26
39
17
5
1
33
41
23
13
26
62
55
28
45
12
64
19
20
65
14
2
53
52
49
11
15
21
22
3 38
21 45
32 20
30 35
43 56
6 50
8 54
51 60
9 8
19 46
40 32
53 59
41 50
8 36
22 15
2 37
33 1
34 45
7 51
17 30
39 44
7 63
1
60

98 30
96
42
7
22
27
44
78
76
5
31
72
69
66
83
40
68
52
91
94
1
21
62
64
23
50
46
12
65
30
43
28
94 63
6 23
72 94
15 72
97 50
6 25
81 9
98 53
63 26
1 58
56 38
84 45
83 67
83 50
93 79
65 67
74 6
8 93
59 32
25 60
62 6
29 81
89 63
23 5
80 24
94 12
29 43
33 24
55
25
6
75
29
63
4
85
71
32
86
79
57
67
53
18
92
28
80
26
87
39
47
54
59
19
90
41
81
37
2
82
8
98
60
77
93
89
48
49
14
55
24
45
20
9
33
95
88
51
15
73
61
74
35
16

