6
26 6
20
24
11
8
2
17
10
2 12
17 3
10 15
25 10
1 19
20 11
22 23
2 23
6 11
16 23
8
19
13
15
18
6
7
1
14

65 19
49
47
36
8
43
54
16
1
46
21
33
23
18
50
27
3
28
20
42
19
26 49
39 52
19 36
60 50
64 6
54 36
30 11
36 41
34 23
30 27
11 13
19 30
23 36
28 7
28 52
28 12
9 29
43 21
61 3
20
61
32
14
40
45
57
44
39
25
53
60
37
13
26
22
38
11
30
48
9

20 7
16
2
7
3
8
20
6
8
6 2
10 5
5 13
8 18
15 11
18 20
7 15
4 1
7
1
18
19
13
10
14
15

99 35
63
68
91
81
94
43
32
85
74
41
44
97
69
58
98
1
52
31
73
21
54
62
16
38
39
3
26
86
12
72
96
14
56
88
78
44
12 4
28 89
69 31
4 91
19 24
68 73
91 11
20 80
98 74
5 75
20 42
26 55
63 39
20 2
31 51
80 62
93 56
20 81
61 29
30 51
57 1
79 66
74 37
5 40
57 14
45 80
69 86
22 13
95 54
30 84
31 20
44 48
53 50
94 53
87 75
48 36
60 80
4 94
93 14
96 93
14 50
57 30
72 97
77 46
61
4
89
45
42
64
13
57
50
5
87
48
67
33
22
7
49
24
59
30
23
75
28
95
80
60
70
76
27
84
99
79
25
8
18
10
15
6
71
53
36
17
47
51
34
20
55
77
92
90
2
29
37
9
66
19
35
93
61
82
40
46

61 20
56
58
35
59
38
48
36
16
25
9
32
42
31
46
20
50
34
45
14
49
30
45 38
59 27
28 21
20 59
20 51
20 18
55 23
4 26
41 38
41 54
34 58
39 25
20 10
61 55
59 44
12 45
22 6
59 51
54 10
11 3
43 18
25 58
61 27
36 3
36 52
54 20
39 52
16 9
61 46
54 59
6
27
47
37
54
53
60

70 35
50
57
28
43
20
2
17
39
62
55
1
21
48
13
29
8
36
53
42
30
23
37
31
25
22
41
18
40
49
51
7
10
5
58
44
27
70 29
39 6
43 44
52 7
57 46
21 17
25 8
41 7
49 20
6 45
4 57
15 1
23 4
13 3
44 17
60 42
47 49
33 40
29 63
53 25
32 67
26 63
25 17
3 50
45 49
53 57
47 11
4
68
45
24
34

