8
57 27
47
32
26
16
25
4
36
2
56
49
6
45
11
3
38
30
35
50
5
14
9
44
8
41
54
43
48
24
2 49
36 44
6 10
5 41
22 12
42 1
30 33
21 12
37 49
51 13
3 38
2 50
36 21
16 36
51 44
30 28
3 7
19 8
9 34
31 44
5 48
1 18
54 10
53 21
17
12
28
15
10
17
18
19
39
51
57
52
33
31
23
27
55
24

54 15
34
13
42
21
28
37
40
29
46
26
12
36
33
8
10
20
8 9
38 2
9 2
15 27
1 2
31 37
31 46
48 54
43 22
29 18
6 24
13 33
13 5
39 24
25 20
13 37
2 11
52 39
37 44
6 54
4
39
11
48
19

11 4
6
5
8
7
5
2 6
9 5
3 7
1 10
5 4
0

54 23
5
27
37
8
11
19
28
21
2
53
30
3
1
4
31
34
44
20
12
49
15
42
36
26
46 54
42 13
30 37
47 43
51 10
51 42
21 27
15 11
43 31
34 49
8 3
49 22
8 14
21 26
8 47
42 34
13 37
7 5
14 1
34 13
27 38
21 15
49 36
14 43
3 5
49 40
25
43
9
29
6
17
33
32
54
10
23
24
45
14
41
50
35
13
38
51
39
16
22
48
47
46

98 29
77
78
92
27
79
86
65
13
73
71
76
14
87
9
85
33
15
75
30
49
26
19
68
35
16
63
38
3
96
47
79 9
33 35
59 47
67 77
14 71
55 85
36 14
2 1
90 18
11 20
98 74
98 17
68 57
81 1
73 42
15 64
42 21
29 56
55 7
20 13
25 13
39 7
14 56
88 33
3 82
27 9
21 24
44 55
79 90
19 3
12 42
75 53
65 36
71 53
61 13
25 97
6 93
85 75
4 76
53 89
26 32
79 46
64 96
53 8
38 80
84 93
26 52
52
81
25
28
56
44
84
47
22
89
48
23
39
52
95
32
40
64
4
98
7
34
91
72
69
58
20
83
97
94
57
66
36
2
53
41
80
82
21
60
93
55
31
11
50
54
17
90
67
10
42
70
88

87 28
85
47
12
72
15
53
46
76
14
21
70
24
48
41
63
74
29
50
36
78
69
61
57
49
62
25
38
66
41
44 16
52 19
72 55
59 65
41 27
35 84
36 13
39 12
21 27
3 47
50 20
45 9
2 43
37 45
86 85
53 24
61 28
54 37
56 42
19 55
43 81
61 12
22 69
22 63
63 8
81 20
83 27
35 32
34 26
15 69
56 57
66 38
67 54
19 23
16 5
42 74
30 14
26 31
82 84
77 51
8 25
33
8
26
44
65
19
51
34
64
7
33
28
60
9
42
2
1
23
58
11
35
73
43
79
56
5
37
17
45
40
16
10
80
81

30 12
12
25
21
7
22
20
2
11
14
18
8
9
9
7 18
12 27
12 4
18 26
9 15
12 2
20 13
15 5
1 17
18
17
29
3
4
6
30
23
15
10
1
16
27
24
26
5
19
28
13

11 5
10
3
4
6
7
5
7 11
11 4
8 5
6 9
6 1
6
8
11
1
2
5
9

