6
65 19
22
5
16
34
50
49
1
43
52
54
65
46
37
32
42
60
45
21
47
21
10 8
35 55
20 14
63 59
10 64
46 2
29 24
11 24
64 40
9 24
29 21
46 29
43 46
54 6
42 22
55 15
20 26
58 65
26 59
9 20
30 46
32
56
8
63
11
62
40
24
14
53
18
38
17
6
58
20
64
26
29
55
44
2
59
15
35
25
51
36
10
19
39
4
12

32 9
8
1
4
13
14
32
6
3
2
16
2 30
27 23
6 13
12 19
32 18
9 28
8 4
13 31
14 21
4 9
20 2
24 27
17 12
10 21
24 8
19 28
14
19
12
7
23
17
18
26
21
27
20
31
15
29
10

56 15
27
14
21
52
55
6
38
7
26
32
56
20
33
8
25
25
39 18
36 55
48 7
37 47
37 8
20 11
39 47
24 15
55 3
8 43
32 3
15 30
11 42
49 37
17 56
13 28
15 9
52 18
43 55
43 7
17 54
23 51
35 30
25 3
2 41
3
11
29
24

89 34
38
10
83
64
42
11
6
57
59
71
27
89
68
8
28
25
82
88
70
44
3
37
76
23
13
56
79
69
19
72
12
62
21
29
35
63 25
30 16
56 75
66 70
14 55
69 14
39 11
4 59
53 14
71 42
74 15
83 80
2 48
78 47
65 88
5 57
33 39
76 55
15 31
36 4
83 32
17 25
18 87
17 37
10 18
47 33
43 5
61 5
13 33
64 21
1 55
66 65
86 49
62 88
87 10
21
47
26
55
58
46
40
39
78
45
9
7
51
86
20
60
5
43
2
32
24
15

35 16
25
32
21
23
12
13
18
34
26
27
22
7
19
6
16
29
9
20 10
5 29
31 16
3 2
23 5
12 23
11 1
2 21
20 9
12
24
28
5
20
8
30
15
10
11
17
14
31

44 12
35
23
25
9
10
34
12
1
17
15
39
36
22
18 26
7 11
15 3
16 34
35 2
23 5
37 10
16 14
37 39
24 44
44 39
12 1
24 32
15 36
25 20
42 19
17 33
32 5
34 5
6 34
18 23
43 8
18
5
7
38
33
6
41
29
14
32
43
24
28
30
27
18
31
44
19

