7
20 10
6
7
18
12
11
16
14
20
17
8
6
18 1
11 18
20 6
2 19
19 7
1 20
2
13
2

21 8
16
13
19
1
7
10
17
2
9
10 3
1 12
8 18
9 18
9 3
3 19
17 20
4 1
6 15
6
20
9
5
18
14
21

47 12
46
4
36
17
35
29
23
14
18
21
33
40
13
6 17
17 42
31 12
24 20
26 31
13 24
10 43
24 47
25 22
1 9
37 6
37 36
33 11
18
13
27
25
10
8
30
9
7
34
31
2
5
41
37
47
24
15
6

41 13
36
2
21
14
9
17
25
27
23
34
33
4
7
16
8 19
7 32
22 4
38 26
41 12
22 14
15 23
41 34
16 30
35 22
9 41
10 3
28 1
34 7
2 22
38 36
23
1
38
24
12
40
6
3
41
26
19
13
29
39
18
31
8
5
11
28
32
37
10
16

39 14
2
31
38
18
9
5
6
16
32
17
11
8
30
22
14
34 9
29 27
2 18
34 12
5 15
4 17
20 4
4 22
37 11
14 17
4 38
4 1
20 39
29 21
15
4
36
28
27
33
37
29
10
12
13
14
25
7
35
19

65 26
44
12
24
35
3
36
61
11
39
10
58
54
60
7
49
64
40
25
9
21
16
13
2
27
20
1
30
40 59
17 13
61 21
13 27
5 24
18 25
2 13
61 40
44 53
57 11
63 64
27 58
60 51
31 35
17 12
22 17
29 65
52 2
24 29
33 6
2 41
44 26
7 33
3 9
5 27
62 60
53 2
58 26
55 53
16 27
34
53
51
41
29
59
42
43
63
6
30
65
34
47
5
31
22
38
37
14
23
26
4
18
32
55
45
46
28
15
52
17
48
56
19

31 13
7
6
27
11
22
23
18
3
2
4
9
19
16
14
27 11
24 4
26 7
29 25
19 17
13 29
31 5
11 15
20 28
18 12
13 3
27 2
14 4
26 30
11
28
17
29
5
26
15
20
31
24
1
30

