8
94 39
19
11
34
40
5
20
13
76
32
47
90
88
84
58
62
36
21
89
59
79
57
56
65
78
69
49
54
31
45
63
48
64
41
9
61
27
33
52
85
27
49 33
42 33
51 65
34 62
36 58
83 56
9 15
93 24
62 57
89 82
56 57
74 21
35 55
3 51
83 51
85 45
3 49
18 91
70 33
77 60
80 70
41 49
37 7
41 8
71 40
74 30
68 62
42
14
1
77
72
8
3
29
30
25
92
82
51
75
83
68
16
37
80
87
7
71
26
50
42
43
74
94
6
38
60
70
10
22
17
28
12
39
2
35
91
44
23

29 12
4
22
8
2
3
13
7
9
15
12
18
21
12
7 8
20 19
25 28
3 10
26 24
21 13
16 3
28 14
13 6
16 26
16 1
21 20
0

57 28
6
4
52
54
37
22
51
24
8
11
46
32
10
56
17
34
12
40
25
14
43
5
21
7
48
18
45
47
28
54 55
42 43
16 56
55 21
27 55
50 19
11 45
16 10
38 3
10 8
50 32
8 19
50 45
5 23
22 49
36 30
47 18
41 40
8 24
16 45
18 44
45 10
4 56
16 23
23 1
3 6
16 15
49 44
10
50
23
1
2
35
49
29
36
42
38

81 25
46
54
40
55
39
30
15
4
20
44
65
66
14
64
72
63
51
24
10
29
26
71
81
79
67
30
20 30
69 3
28 45
40 61
35 27
71 14
55 4
22 11
39 79
73 19
67 56
16 74
76 53
17 46
65 12
76 6
17 81
34 60
61 44
45 26
73 64
3 30
29 17
81 74
81 45
31 7
50 46
55 58
65 36
74 37
28
1
77
18
75
9
57
3
35
42
5
7
31
41
19
60
59
38
6
12
56
28
73
76
16
21
74
69
8

99 49
49
94
93
19
67
7
45
12
80
87
32
63
42
33
17
25
97
70
14
69
36
65
54
1
29
83
18
37
62
22
46
88
21
60
61
39
52
15
40
92
5
20
89
85
71
68
13
99
27
26
70 60
37 58
60 38
79 8
40 58
79 93
50 22
69 34
60 50
56 47
66 9
39 22
17 91
82 63
73 67
73 32
95 43
44 78
45 20
32 54
16 21
32 2
58 75
96 59
24 12
11 71
48
86
55
35
84
72
50
8
16
10
31
3
78
98
73
6
34
75
48
91
95
26
74
77
64
9
82
28
2
59
53
96
41
38
56
23
44
24
79
4
51
11
90
47
76
58
66
81
30

50 18
37
28
9
32
25
44
20
6
26
8
1
48
38
47
3
49
18
16
22
9 17
22 16
20 1
25 32
18 24
33 43
16 7
41 50
34 27
44 34
35 12
44 47
31 18
34 46
29 27
41 37
7 44
4 12
10 41
22 17
47 30
5 18
28
30
5
23
21
7
11
22
24
42
35
34
10
33
40
15
43
13
46
14
19
2
50
12
29
36
39
27
4

98 35
47
17
71
4
22
95
72
36
52
62
68
30
9
74
65
57
34
16
27
42
48
98
81
92
63
87
61
69
90
8
59
26
67
35
3
42
89 39
93 25
80 19
65 19
72 41
23 38
44 29
56 58
83 88
59 74
87 92
61 23
11 84
82 30
84 49
45 17
51 75
87 6
65 49
9 54
97 68
97 72
97 10
46 17
18 40
47 26
79 43
48 44
92 75
92 57
96 51
87 19
3 71
39 67
67 90
75 50
80 84
53 59
75 70
51 79
8 74
77 30
8
84
70
80
39
23
82
91
56

91 34
66
64
81
11
18
85
42
10
32
57
45
73
4
86
23
12
2
48
21
74
60
68
52
39
29
72
87
88
25
8
19
63
82
38
28
33 90
86 6
51 3
39 43
62 43
12 70
50 79
37 81
66 81
84 25
75 54
76 71
12 18
59 1
34 1
7 41
56 4
6 8
24 70
85 84
85 52
14 86
59 24
74 42
11 12
39 81
44 28
16 15
47
5
7
26
16
33
91
70
28
90
80
27
84
76
46
34
59
78
51
31
54
6
75
53
35
17
65
41
13
44
49
22
24
61
43
83
56
50
58
1
77
30
69
9
14
36
67
20

