5
20 9
9
4
20
14
12
10
11
17
18
10
17 5
17 8
3 13
1 3
18 9
2 7
2 15
15 12
11 10
16 8
9
3
2
13
16
7
6
8
19
15

55 16
45
7
1
32
55
6
29
40
30
14
43
48
31
25
52
22
22
3 48
40 31
22 55
51 24
34 8
23 44
22 16
26 41
13 3
26 36
19 42
50 17
49 2
52 36
18 44
11 50
55 50
13 50
51 26
4 50
46 23
13 24
24
19
39
46
47
37
3
16
10
12
42
34
49
21
11
54
35
44
36
15
51
33
8
27
13

43 14
42
20
13
26
38
14
22
18
31
23
11
1
39
32
10
27 18
27 40
12 38
26 2
39 1
25 12
16 24
41 14
14 30
34 40
19
27
24
6
7
40
43
33
3
17
37
5
2
28
8
4
34
12
35
29

86 26
17
31
74
56
9
22
62
20
53
50
66
16
18
7
85
83
58
25
82
60
32
2
81
43
72
15
21
77 82
14 11
65 84
63 11
9 18
27 32
39 42
56 34
13 85
23 25
73 30
48 75
36 43
71 74
67 44
67 25
78 66
38 51
73 46
18 45
43 35
60
26
54
47
84
1
28
45
19
38
77
29
51
52
46
14
4
5
39
11
44
12
70
24
68
13
75
21
35
80
78
48
61
37
41
67
34
30
42
10
71
73
76
79
63
55
57
69
23
8
65
49
3
59
40
27
33
64
86
6
36

32 10
10
4
31
17
8
24
27
25
32
22
11
2 27
21 17
6 8
25 7
10 12
21 29
1 26
26 14
9 17
3 27
30 24
17
30
14
7
13
3
21
2
9
23
11
26
6
20
19
15
28
29

