6
17 4
12
6
13
11
7
8 4
11 7
6 5
14 11
13 14
2 16
8 16
10
10
1
7
17
15
16
3
2
5
4

44 22
33
39
38
16
23
12
7
37
28
26
42
44
32
17
34
1
4
36
9
25
18
13
13
37 29
28 41
22 19
34 1
24 26
31 8
42 14
36 33
5 32
41 13
15 43
2 27
15 19
21
15
27
21
10
29
31
40
2
3
22
20
19
14
6
5
8
43
30
41
35
11

15 5
8
6
9
7
11
4
5 6
11 7
8 11
12 1
6
1
13
12
4
15
10

60 24
48
24
10
16
23
49
8
26
51
50
18
40
59
11
9
25
42
32
13
29
53
1
55
3
28
21 26
1 47
56 37
45 55
25 3
12 23
55 49
9 39
55 13
38 6
29 44
32 42
50 15
38 25
49 14
17 57
43 54
17 5
21 1
40 60
6 18
15 4
33 16
1 31
5 21
2 41
10 46
51 28
15
31
35
43
22
21
52
30
56
38
37
2
54
34
45
44

21 8
17
9
18
6
7
2
13
19
5
1 5
20 21
9 18
11 18
10 5
6
10
4
3
11
12
20

47 23
16
32
14
17
36
27
35
42
34
15
25
39
28
24
47
45
18
23
38
40
1
22
31
11
16 1
4 25
39 30
39 23
39 45
4 31
11 15
33 44
42 9
39 17
25 19
0

