5
66 29
11
31
5
54
27
20
40
15
55
64
26
21
56
16
65
36
63
10
46
19
13
62
44
28
33
35
47
38
39
24
23 44
46 25
18 1
17 10
29 63
46 3
13 46
6 15
12 35
38 56
28 32
3 61
14 56
29 22
45 20
52 34
1 10
26 8
11 32
14 20
56 30
7 8
51 10
31 24
22
66
60
6
37
41
23
32
14
17
24
49
22
45
43
29
51
25
57
50
8
58
42

32 16
13
23
4
20
8
25
10
32
1
6
28
7
9
26
14
16
13
14 32
20 3
23 18
20 6
19 12
21 23
19 21
31 14
4 14
2 27
20 29
17 29
13 21
6
12
15
3
22
31
17

33 13
24
16
12
27
5
29
26
2
9
17
31
11
15
9
6 4
4 20
19 20
29 24
26 7
27 23
10 27
32 17
20 16
18
1
13
20
23
18
25
6
19
7
3
4
8
14
33
32
28
30
21

16 8
12
3
4
10
15
14
16
7
6
2 12
5 14
8 3
12 15
12 13
9 15
4
13
5
2
6

41 17
2
39
19
4
3
9
7
25
24
8
16
21
41
22
40
20
5
12
23 33
15 12
40 11
21 1
10 17
27 18
9 24
4 24
30 17
25 34
33 25
15 29
22
30
29
11
10
38
35
18
6
27
13
28
17
26
12
23
31
32
1
36
34
33
14

