7
83 38
3
35
5
44
24
46
38
60
16
71
33
64
22
72
61
50
25
11
77
68
57
39
59
48
1
13
20
21
66
26
81
69
32
53
55
17
19
79
22
17 37
22 36
37 43
7 64
70 19
59 52
74 64
59 30
51 36
28 50
44 19
3 29
65 54
9 45
79 67
1 78
79 23
65 11
81 37
49 38
57 69
49 7
31
49
83
12
63
9
14
56
40
8
28
7
37
65
70
6
4
76
74
2
18
43
82
23
75
41
54
10
45
29
78
30

32 13
25
9
11
13
27
5
30
2
12
24
20
32
17
8
25 7
14 16
5 32
8 28
18 26
8 24
7 3
24 25
16
16
4
29
14
18
19
21
15
23
8
1
10
22
26
3
6

91 38
33
25
11
50
12
37
77
35
45
19
44
38
70
64
84
8
52
14
61
47
34
39
20
74
15
83
24
41
4
78
75
32
81
79
66
48
51
63
32
40 73
26 50
4 18
49 91
30 36
57 89
9 45
51 18
39 10
51 15
8 48
35 66
81 14
66 65
19 23
90 57
46 29
35 61
51 77
5 87
75 76
54 30
18 22
54 34
89 81
86 48
8 85
8 74
77 52
30 52
45 32
22 82
23
27
54
28
58
65
7
22
49
21
86
85
87
73
62
6
57
5
71
80
67
72
13
43

26 7
8
25
7
13
26
4
19
11
18 3
1 2
8 16
9 7
5 11
1 22
17 6
4 5
15 20
7 11
16 20
12
3
23
22
10
11
20
1
14
16
15
2
12

15 3
13
2
8
3
1 3
8 5
11 5
11
12
1
9
5
7
14
15
10
4
11
3

97 30
25
73
41
74
50
22
85
70
83
39
84
82
34
81
28
30
29
54
79
42
23
52
48
13
11
10
64
80
69
93
46
45 77
65 47
79 8
44 66
78 1
19 41
50 90
62 11
37 67
5 52
59 61
67 68
26 66
14 72
79 71
16 5
50 65
10 50
28 25
41 60
34 59
63 40
81 66
22 3
42 95
5 34
32 62
59 37
85 2
95 34
26 3
13 88
75 23
62 74
17 67
7 97
10 54
55 5
63 87
39 9
25 17
48 19
73 7
25 47
92 31
18 29
54
6
53
2
47
43
68
62
65
58
60
8
77
87
24
86
17
55
44
59
7
45
38
88
56
35
32
96
71
63
61
51
12
95
76
26
36
97
49
90
37
31
19
27
21
78
18
91
1
72
40
33
66
46
89

52 26
47
19
26
8
4
42
40
48
2
22
51
27
7
20
50
17
23
28
31
11
38
43
21
15
16
34
17
26 47
47 4
15 33
45 18
24 52
29 40
32 41
2 24
19 41
5 40
13 27
23 17
20 51
14 7
31 21
7 3
21 10
11
3
44
41
52
37
6
30
18
10
49
45

