10
99 33
79
41
63
97
10
84
24
98
4
96
61
87
53
95
33
26
12
9
36
27
21
5
48
78
65
39
85
19
1
46
43
54
23
40
31 66
9 79
90 78
23 20
8 85
6 62
74 24
22 5
53 60
40 54
21 9
42 20
84 55
57 46
37 78
67 68
97 99
99 19
88 9
30 80
84 67
65 74
22 35
16 52
86 71
46 44
28 35
21 32
9 49
82 31
48 21
84 27
59 11
4 3
21 85
98 23
11 46
26 95
90 25
50 37
5
55
52
49
30
92

62 28
53
24
56
57
52
45
10
42
60
9
51
37
28
13
25
12
11
3
50
7
55
6
36
22
4
32
40
2
19
23 3
35 59
55 35
31 20
22 62
8 34
9 47
44 12
44 39
28 10
17 32
44 17
55 45
29 15
41 33
30 59
50 47
12 4
53 2
11
34
17
30
48
21
47
18
41
1
54
46

15 6
10
9
15
11
4
8
6
12 7
10 8
2 5
1 5
1 2
12 9
5
5
1
13
3
12

19 6
2
3
14
1
13
10
7
13 14
18 14
4 3
19 10
18 5
14 12
7 18
8
7
4
5
9
8
11
16
15

63 19
5
44
15
39
16
24
10
1
50
11
14
48
51
19
28
54
22
46
53
15
56 19
45 26
21 36
47 55
7 4
54 50
47 34
52 63
54 5
2 32
37 53
22 2
37 48
48 38
46 5
3
59
29
49

50 25
17
13
2
5
38
20
3
40
37
23
8
36
21
47
34
18
39
22
6
9
1
16
11
50
15
17
50 45
4 33
30 19
20 43
33 20
36 1
10 27
43 23
33 38
45 24
1 29
2 22
28 44
7 21
33 32
24 33
31 29
16
33
28
48
24
46
7
12
42
43
19
44
35
32
45
31
10

18 6
4
3
6
2
5
9
8
1 14
3 18
5 4
8 11
13 15
14 12
11 5
10 17
3
18
13
12

84 26
49
60
16
57
30
29
2
42
48
43
31
76
17
66
34
81
39
1
28
63
52
74
50
5
84
64
22
23 31
40 45
68 53
48 18
3 52
32 45
18 52
37 16
76 11
65 47
82 30
48 39
83 84
55 30
70 31
62 73
24 1
65 61
81 27
47 30
56 74
35 83
56
56
7
25
58
24
14
47
44
77
46
32
8
19
61
13
11
10
45
20
55
67
62
41
53
71
15
59
6
82
4
18
73
79
21
70
68
69
75
54
9
65
78
83
27
36
35
37
51
26
23
38
22
12
33
80
3

82 22
19
67
62
6
52
27
61
57
68
41
14
12
5
7
39
82
54
46
20
77
53
43
30
82 56
45 24
82 81
44 69
30 49
3 47
55 25
25 61
73 35
17 71
13 37
20 32
43 15
40 50
30 1
67 71
81 71
10 61
81 25
78 47
58 16
64 63
34 17
13 20
75 26
16 51
27 26
64 76
82 55
39 5
25
81
40
10
71
47
49
25
56
73
11
79
16
31
13
17
78
76
38
3
8
60
65
18
50
58

76 38
65
24
2
15
53
34
69
73
13
62
6
14
29
26
75
20
76
49
7
18
10
3
54
43
58
70
40
60
11
39
35
52
45
57
17
37
46
8
22
12 47
73 25
73 3
36 52
62 4
46 52
25 70
15 38
44 10
58 64
44 49
19 16
66 24
17 64
66 40
31 16
36 69
66 65
70 73
56 10
67 60
4 22
22
61
4
30
63
64
5
59
33
9
1
67
38
44
71
48
41
50
32
28
47
25
16

