9
22 11
18
6
22
10
21
12
4
9
7
11
19
10
16 7
13 6
16 9
12 18
7 20
14 7
18 19
18 5
9 11
14 21
6
8
20
2
15
14
3

78 26
17
29
45
60
63
73
56
69
74
65
52
30
12
36
53
39
76
15
3
10
6
54
31
13
8
18
29
39 34
51 18
21 7
19 50
33 26
70 55
25 31
16 56
34 20
17 10
63 24
23 54
43 37
8 46
69 58
32 3
14 71
59 19
63 21
56 71
20 8
59 6
19 13
21 48
64 17
29 18
14 49
38 24
49 6
39
57
5
14
59
48
16
33
64
41
2
71
38
20
7
40
72
49
11
4
47
25
26
68
55
35
70
58
61
19
23
28
77
37
44
21
75
22
50
66

95 42
66
1
56
40
10
89
20
32
3
2
68
77
71
8
39
62
44
22
64
70
19
74
88
50
93
73
69
27
87
80
35
59
84
57
48
65
4
78
76
45
16
92
25
5 66
68 62
70 60
84 21
22 84
61 65
77 42
11 19
62 23
51 94
51 95
22 16
60 77
4 45
83 86
87 92
69 84
33 95
35 49
19 62
14 80
7 54
75 14
56 79
80 30
26
25
75
91
54
15
83
55
21
95
90
30
11
33
26
82
67
85
28
43
14
9
58
24
38
61
42

28 13
2
18
28
15
4
9
17
5
25
16
23
19
11
10
14 6
6 12
18 5
11 13
17 25
28 1
28 27
4 10
23 28
23 12
8
22
12
8
27
14
21
1
6

81 40
43
17
59
31
30
77
60
20
61
14
40
39
35
81
15
54
29
55
2
24
6
38
52
56
33
63
8
65
46
57
68
48
10
51
18
72
5
1
19
3
33
10 4
19 50
38 63
30 44
37 50
75 9
46 45
49 3
7 50
63 48
81 69
8 31
71 43
80 67
15 37
55 15
40 74
35 77
48 10
5 6
10 21
47 35
68 12
15 63
21 49
53 76
2 63
41 75
46 75
57 67
35 41
24 64
35 53
10
7
36
71
70
58
64
25
62
12
67

95 44
17
22
12
65
46
57
58
75
64
38
9
44
42
2
70
53
24
80
19
47
81
61
62
48
30
79
86
72
35
78
92
20
3
5
56
26
8
6
66
60
4
59
49
7
24
58 5
14 79
49 47
94 82
10 51
37 45
11 47
75 80
55 38
72 71
9 40
28 10
49 23
7 91
33 56
65 28
83 40
42 56
7 16
74 55
42 87
32 46
46 88
27 20
6
74
36
55
84
52
18

73 19
7
40
52
66
5
67
57
51
34
15
70
19
32
37
61
13
18
38
10
30
67 24
22 71
56 3
11 48
62 35
6 57
46 22
72 37
73 5
1 48
57 62
59 51
23 58
46 27
28 43
8 67
72 51
65 19
42 67
43 24
18 23
24 51
33 46
15 4
56 68
72 23
39 45
66 67
58 65
22 66
34
35
63
64
36
26
46
48
41
25
68
21
33
31
29
47
73
4
49
24
56
28
69
16
12
45
6
17
3
53
62
1
42
8
39

51 21
35
29
23
4
7
9
15
51
36
10
30
5
28
45
34
21
39
48
38
43
24
24
22 35
30 15
2 14
24 15
36 37
46 1
12 28
36 14
6 45
48 32
12 18
39 45
33 22
22 43
13 5
27 2
51 4
2 24
5 43
29 13
3 49
23 9
14 39
14 20
20
27
17
40
42
3
14
46
19
50
11
44
18
47
16
22
8
2
25
32
1

56 22
55
36
35
40
13
24
22
34
51
53
27
17
47
11
12
1
15
29
21
50
54
18
14
49 53
47 16
53 16
50 34
46 49
6 13
56 12
30 41
19 46
52 41
14 47
11 38
7 2
51 1
33
8
25
44
56
37
46
48
42
39
30
23
2
4
6
3
49
5
26
32
43
19
10
28
9
16
41
14
31
45
38
20
7
52

