8
59 17
58
23
53
19
57
56
8
18
52
38
22
30
6
48
37
36
47
19
35 20
12 27
30 58
46 14
16 15
9 37
21 59
31 17
54 9
4 59
39 3
8 27
59 1
15 33
27 13
1 31
57 18
18 7
30 24
35
44
10
25
16
34
32
45
5
54
4
27
13
9
39
7
24
12
3
28
14
55
26
15
50
20
59
49
46
42
41
35
51
11
33
29

69 27
57
28
15
48
39
18
30
49
23
3
40
38
32
7
53
11
25
56
29
50
51
46
10
58
44
26
66
25
7 63
61 31
26 37
34 5
43 60
8 67
19 44
58 54
10 47
28 5
13 44
38 27
45 57
7 25
31 41
46 39
38 30
65 60
18 11
27 65
67 36
18 14
54 49
28 19
21 49
9
67
42
5
52
21
19
60
61
9

71 17
68
33
53
49
15
2
31
67
5
20
8
61
47
19
39
62
9
27
49 27
30 59
24 60
58 5
55 69
20 32
40 43
22 69
61 15
27 17
8 23
46 58
24 26
19 52
69 66
28 22
64 40
35 27
50 53
52 42
28 42
21 3
9 18
62 41
48 29
55 29
12 44
23
60
69
18
25
66
57
37
71
50
14
30
12
4
64
17
29
55
7
22
38
13
35
3

21 10
17
15
3
14
10
21
7
6
5
1
8
14 3
11 9
7 8
12 20
13 17
11 1
12 14
11 7
3
16
2
20

71 18
5
6
25
3
42
38
21
71
22
62
47
23
29
55
57
61
8
9
23
11 15
16 57
3 13
17 26
67 9
62 42
71 37
14 28
40 70
22 56
47 28
50 38
33 34
11 71
19 14
68 7
11 6
36 21
58 34
56 32
48 44
14 38
54 14
20
46
36
66
48
17
37
41
70
58
14
63
60
43
2
20
30
24
40
1
64

91 23
39
91
37
1
53
5
8
34
28
80
32
44
29
85
50
62
63
72
26
18
6
2
68
43
4 75
21 6
38 45
3 28
88 18
41 2
80 65
9 37
67 37
34 47
73 77
91 80
53 46
88 50
23 66
20 91
44 14
54 18
32 73
37 61
81 12
50 13
30 64
47 45
16 27
33 66
71 89
72 47
85 63
28 34
35 23
8 62
9 11
28 13
56 6
82 42
34 69
20 35
54 8
57 34
27 66
49 74
22 5
62
23
73
89
12
17
75
27
43
45
11
30
66
16
58
52
40
74
69
87
82
51
88
21
3
86
9
64
46
22
60
19
24
4
84
36
70
79
65
48
77
33
31
47
15
76
13
41
61
38
49
35
10
83
90
57
14
67
59
71
56
55
42

39 17
5
10
17
3
4
28
15
16
13
25
14
7
33
38
30
11
37
15
35 1
24 12
37 1
1 17
6 12
13 11
29 14
12 35
34 2
1 39
27 37
27 29
31 24
18 26
19 20
14
32
8
12
2
19
35
34
26
29
18
20
22
23
27

11 2
4
8
4
4 7
1 9
8 1
4 5
1
7

