7
45 17
18
12
39
44
42
7
9
16
11
33
30
22
25
4
3
24
15
15
9 15
34 10
9 21
36 31
34 32
13 33
36 5
7 2
17 42
15 17
44 12
29 23
27 43
34 42
17 36
2
5
28

96 24
42
1
25
57
72
33
77
91
65
73
67
78
14
60
27
40
28
16
54
39
23
64
35
76
47
28 94
12 9
93 17
51 34
28 47
65 91
75 77
93 3
51 79
80 93
83 6
9 44
15 12
33 52
1 64
17 35
67 27
89 82
27 14
24 29
69 86
2 1
33 96
67 34
30 16
66 43
52 96
58 92
45 8
22 6
15 30
78 46
93 19
62 60
52 27
95 54
61 71
18 81
2 49
33 70
77 95
23 68
81 67
77 48
83 33
63 31
59 29
8
43
62
48
3
56
93
82
85

69 24
28
9
31
17
67
53
32
15
64
46
54
44
6
10
37
55
24
51
3
66
38
21
25
69
27
58 64
25 55
43 7
50 51
20 49
63 25
34 68
65 2
62 10
57 64
43 23
4 63
63 16
7 57
48 4
28 37
9 68
19 9
33 37
16 44
57 1
49 57
9 55
20 26
19 57
8 13
41 51
36
56
36
12
59
8
41
40
65
19
39
45
2
29
42
60
68
63
34
48
11
4
35
13
7
58
43
22
27
23
61
52
1
49
50
20
47

79 22
58
6
69
41
26
11
52
39
71
55
27
15
53
16
34
65
66
14
59
36
31
19
27
19 67
25 33
50 27
71 9
37 79
44 31
5 32
70 50
71 21
72 62
65 64
11 15
56 1
42 58
45 29
51 73
26 42
76 29
58 29
77 51
28 69
63 38
34 51
73 75
26 12
36 23
68 19
17
67
70
9
68
74
73
10
17
62
5
51
35
21
8
37
44
75

70 28
60
63
19
26
34
41
68
70
50
16
2
67
27
55
8
52
28
53
48
57
13
61
25
40
46
30
45
47
19
42 47
27 19
31 39
4 59
27 11
61 68
36 39
36 12
14 52
51 53
51 9
67 34
29 55
45 13
65 68
9 17
50 48
64 60
20 11
19
51
22
14
58
21
18
42
54
66
4
59
3
31
38
43
32
36
20
49

97 42
48
83
1
14
94
9
61
86
8
27
58
46
68
40
43
67
69
95
53
25
17
24
30
77
42
70
64
63
44
56
85
72
93
28
84
52
34
76
15
71
5
88
26
94 6
57 74
36 50
45 59
80 34
77 61
84 87
6 46
57 45
83 75
27 21
5 69
19 24
92 67
90 73
39 47
73 75
82 61
97 86
17 11
21 91
63 88
32 24
60 94
72 48
39 74
27
39
96
7
23
36
22
78
2
54
32
33
26
45
74
41
89
65
60
90
91
59
97
57
13
49
20
75

41 10
41
23
1
18
28
20
38
29
40
10
17
36 34
38 15
3 41
17 31
8 1
29 18
6 31
20 1
39 21
1 7
21 20
40 33
34 24
24 20
8 19
25 35
40 15
24
13
36
15
35
14
27
8
32
9
37
24
21
11
34
3
26
22
2
7
12
19
17
6
5

