5
53 14
41
31
20
29
10
11
35
33
2
8
28
34
36
51
18
6 52
2 47
13 36
12 52
49 25
51 49
3 22
6 20
10 53
9 5
50 2
51 40
43 4
50 34
18 30
12 40
38 5
16 14
16
48
1
3
45
42
37
6
15
22
44
50
46
39
16
7
52

34 13
11
17
27
13
22
2
15
1
30
33
10
28
4
15
7 19
20 6
9 4
21 23
12 28
10 2
27 30
8 2
8 31
18 6
32 12
5 22
22 8
33 22
12 2
3
18
29
26

82 36
29
3
74
54
25
17
22
4
32
16
43
69
34
36
20
62
30
68
81
1
5
40
42
7
52
59
46
39
19
10
73
66
71
15
21
24
41
28 9
12 47
55 58
64 73
49 75
31 68
7 8
30 58
34 18
62 18
47 81
14 45
72 52
72 26
7 30
33 73
53 28
75 61
26 51
39 10
12 3
19 14
2 49
75 34
41 2
65 39
14 49
40 44
51 16
3 32
39 75
73 62
49 35
81 24
24 32
68 39
35 70
31 16
61 82
11 14
58 61
39
82
35
80
45
44
2
11
57
31
6
48
60
61
27
72
58
13
65
67
47
41
18
70
77
63
14
33
9
76
50
56
79
49
55
53
75
64
38
28

86 42
40
39
28
44
10
82
36
14
22
4
58
8
75
29
27
86
77
31
5
11
24
81
61
65
68
33
79
67
21
55
47
26
9
41
6
83
38
13
46
59
2
57
40
72 84
77 67
72 59
40 57
3 55
51 4
23 72
1 84
12 30
18 19
28 62
51 42
78 66
22 40
48 42
13 6
69 43
26 4
15 47
42 74
65 21
27 40
83 30
56 57
50 16
56 32
82 53
83 5
49 19
76 53
14 30
35 18
33 82
73 72
39 28
81 60
22 13
15 75
69 57
47 25
1
3

78 22
54
78
58
74
14
47
11
45
44
1
66
56
46
4
71
36
70
42
2
59
17
21
31
54 21
13 58
46 67
73 59
21 25
29 72
56 78
37 30
46 44
5 11
7 6
28 24
46 62
9 39
22 28
40 72
57 30
13 52
74 2
16 51
54 27
59 12
28 48
71 1
31 49
62 74
13 6
7 27
56 3
61 32
42 15
28
57
19
43
65
72
25
52
27
7
35
40
77
28
15
8
37
24
30
73
53
18
64
49
63
41
23
20
10

