10
50 18
3
28
45
10
32
29
44
40
36
23
13
8
15
39
43
41
18
4
22
24 4
11 20
6 3
43 25
9 1
7 26
4 35
41 29
19 32
1 7
39 38
11 7
39 47
24 46
25 4
15 26
6 21
48 21
38 25
8 13
34 48
20 22
22
25
48
7
20
47
34
35
50
22
16
49
12
46
42
30
5
6
21
1
24
27
14

23 11
6
13
19
14
15
23
4
2
7
21
9
6
10 13
17 12
8 9
21 7
23 9
14 16
3
1
12
22

88 31
79
44
58
70
73
76
2
51
86
30
56
52
22
26
48
12
15
20
40
45
71
77
7
81
8
65
21
63
78
43
13
24
73 79
50 4
64 58
82 69
57 39
10 86
70 67
65 50
65 53
7 86
77 85
87 37
21 51
41 77
87 8
74 82
11 30
39 15
60 57
71 47
48 19
64 45
28 79
71 42
41
31
59
9
25
72
19
47
14
34
53
29
16
69
41
64
60
35
55
83
17
80
36
46
75
50
1
62
67
18
57
42
54
10
33
87
27
84
38
4
3
88

45 21
24
32
2
10
33
27
3
23
13
44
41
16
5
6
7
18
12
40
4
15
42
22
11 21
44 34
17 24
25 5
7 22
27 6
36 4
24 6
18 14
39 41
10 36
3 7
34 30
39 19
14 7
44 28
10 21
9 21
23 24
40 2
19 4
34 28
1
1

16 4
9
12
13
6
7
11 4
11 8
6 14
3 11
9 10
14 2
6 8
6
1
14
3
15
10
7

27 12
3
12
17
26
27
16
20
1
6
11
14
18
13
1 3
17 1
6 17
27 19
10 26
6 1
23 18
18 24
27 17
13 12
19 18
5 27
10 1
12
23
25
21
2
9
24
7
15
13
19
5
8

73 34
20
11
17
55
5
18
61
13
48
27
15
49
44
33
19
23
30
6
68
42
54
38
57
35
10
41
1
62
24
43
26
72
7
31
20
50 9
70 10
49 7
34 15
32 16
24 14
60 37
37 16
16 47
52 26
18 3
72 57
72 61
8 70
71 63
22 67
49 33
36 32
43 8
4 64
33
64
4
58
45
32
34
63
29
60
2
59
71
14
21
53
39
22
73
47
52
36
28
12
70
65
16
69
56
25
51
3
9
37

15 6
10
5
13
3
9
14
7
9 5
10 5
5 3
11 5
8 1
9 3
15 14
3
4
15
2

48 20
9
4
47
29
7
18
27
43
22
21
13
31
1
33
26
19
30
24
46
32
20
48 7
13 11
10 16
47 23
2 16
4 41
36 21
32 29
19 4
10 4
37 11
25 20
45 13
42 14
2 28
34 38
9 28
13 32
16 35
4 25
8
41
8
10
17
42
48
36
45

100 31
35
37
56
46
99
18
3
87
70
57
5
7
72
86
22
84
63
100
65
66
50
34
83
15
16
64
11
43
53
49
82
29
4 8
16 4
1 49
63 64
89 58
97 39
92 86
1 78
48 15
76 47
2 37
42 19
10 61
18 64
73 16
30 25
87 74
76 73
66 8
42 9
13 82
45 8
90 9
71 1
2 48
29 96
77 14
74 68
45 85
29
81
31
20
25
76
85
8
29
94
27
39
21
77
19
33
61
98
32
12
71
30
95
69
4
40
42
2
47
13

