6
40 17
28
10
8
11
3
37
14
25
23
32
39
16
5
38
27
22
15
10
14 26
30 36
8 31
28 32
21 15
3 12
15 11
23 18
15 9
28 14
9
21
1
33
17
40
34
9
4
20

42 20
27
1
3
17
34
23
26
28
10
33
32
14
25
12
22
29
18
15
21
11
16
36 27
14 22
37 14
36 9
16 8
26 17
16 41
8 18
28 24
28 10
24 14
12 42
39 26
32 9
28 26
8 42
8
5
42
40
7
9
35
8
19

42 21
21
24
42
36
16
2
34
15
26
8
9
35
22
23
10
3
41
11
5
38
29
17
18 6
7 21
28 20
41 22
31 42
1 42
27 40
40 4
37 22
18 24
6 22
2 39
1 4
22 15
13 4
21 37
22 10
1
25

58 27
1
56
5
6
52
35
36
33
44
53
49
26
8
39
57
24
41
31
29
47
30
18
48
42
25
3
7
19
15 33
13 25
54 40
43 8
39 16
13 37
8 57
7 35
8 3
51 40
33 52
21 12
27 35
44 25
19 36
40 56
46 5
21 37
32 11
31
37
32
15
27
10
17
51
23
21
58
46
34
54
13
45
22
4
43
28
9
19
16
14
2
38
40
20
11
55
50
12

10 2
5
10
5
7 5
10 6
8 3
9 7
5 3
0

50 19
29
16
24
25
4
50
41
47
44
22
7
35
31
17
10
45
15
36
5
16
29 44
44 36
49 28
19 7
25 49
26 18
35 36
14 24
44 15
17 33
33 27
45 41
47 4
6 50
32 5
36 11
25
6
39
19
46
43
11
13
2
34
30
42
20
26
8
32
18
48
49
28
23
27
38
3
37
33

