7
47 19
33
4
35
29
17
36
13
44
28
25
32
20
45
9
39
47
42
43
27
20
44 8
22 46
25 10
41 11
37 17
1 33
3 34
34 46
13 39
7 40
41 34
46 11
32 37
31 24
8 34
15 18
8 40
18 9
44 18
47 19
4
15
11
10
46

79 27
28
41
65
30
17
2
38
47
44
25
7
67
49
36
29
32
54
39
56
1
55
9
3
66
61
12
5
38
35 5
3 45
60 2
69 1
12 43
60 45
45 29
61 47
6 35
24 69
26 68
55 30
78 77
45 66
21 12
67 57
42 30
50 65
19 37
8 32
15 48
8 51
34 70
63 54
44 52
41 30
2 23
30 13
47 36
69 18
64 43
76 40
8 79
62 33
60 11
36 44
76 44
23 75
52
18
8
71
11
6
62
15
50
23
45
24
69
59
63
16
37
21
42
52
74
40
10
68
72
4
43
13
51
46
77
75
19
64
58
33
70
48
57
79
76
20
35
53
73
27
60
31
14
22
26
34
78

74 29
44
39
71
64
13
31
1
28
34
41
56
21
59
15
10
5
67
18
50
48
25
27
72
11
12
49
29
74
61
32
45 73
27 43
53 23
62 45
49 73
7 21
49 35
51 23
50 70
25 9
62 36
41 47
57 70
13 8
69 25
15 56
39 45
67 47
34 58
10 15
10 47
46 34
14 3
46 9
28 26
62 33
61 63
39 58
9 55
10 33
61 22
23 37
10
35
47
6
20
63
45
58
66
51
70

100 32
48
34
35
79
99
19
63
47
82
50
86
14
88
39
51
1
8
54
91
58
5
87
93
55
72
43
76
68
45
60
44
83
29
91 86
76 35
79 67
50 35
66 12
90 49
32 85
76 49
28 73
42 63
11 2
42 23
61 76
13 45
92 66
52 55
71 24
16 44
89 20
6 96
43 72
44 93
36 35
91 77
93 11
76 26
91 71
38 88
39 5
58
96
33
52
42
81
57
3
85
23
4
10
31
97
75
11
24
62
25
59
38
49
20
18
7
61
67
36
27
13
77
32
84
2
98
26
89
92
73
21
94
15
6
69
22
29
28
17
71
40
95
74
78
37
12
70
100
30
64

93 46
67
65
17
9
48
37
46
82
8
87
83
43
29
55
25
69
42
5
16
47
53
56
11
33
26
68
14
39
23
73
91
89
30
61
10
28
52
21
24
19
51
63
90
1
66
45
41
52 34
91 13
62 42
52 6
12 60
52 32
79 82
18 69
88 89
13 15
22 82
81 72
77 76
50 12
52 27
79 56
22 71
14 81
76 67
28 89
83 13
46 15
54 35
82 5
12 31
70 22
83 23
27 7
2 65
30 54
73 69
9 65
24 22
16 33
58 92
55 59
49 36
37 9
73 86
46 90
58 54
11
59
60
74
20
36
84
32
41
18
6
31

85 26
52
15
80
37
4
62
84
76
6
29
31
36
19
11
45
81
78
64
66
46
75
69
33
38
10
22
29
13 32
5 32
10 69
75 12
29 80
17 50
2 13
44 41
26 69
46 18
78 42
59 65
37 54
22 81
29 18
60 25
46 17
63 22
78 68
4 54
13 79
56 45
39 25
40 61
22 41
47 60
23 21
71 56
23 9
27
73
55
24
1
2
40
7
48
79
60
9
74
65
85
71
49
35
72
30
83
14
16
58
51
50
68
44

91 23
33
28
61
36
63
17
59
70
56
2
18
72
47
41
73
21
74
8
88
5
15
85
45
31
64 86
49 18
9 13
25 51
25 54
77 16
32 21
57 35
41 15
91 18
31 28
61 21
60 78
69 11
1 21
51 52
6 48
1 35
46 82
54 53
88 5
59 47
51 53
72 48
13 86
78 54
8 28
13 46
78 21
58 88
7 65
42
86
30
34
40
6
87
48
13
79
69
11
84
58
37
91
3
35
67
90
29
22
77
52
49
65
82
76
32
55
62
83
10
75
42
57
25
38
39
23
66
60
19

