5
53 26
30
49
20
45
17
23
1
26
32
3
44
12
14
53
33
11
31
6
19
40
24
22
29
50
10
8
26
3 19
3 24
53 36
43 41
26 12
28 26
42 5
46 4
12 41
21 4
14 47
49 11
17 14
44 4
32 47
27 35
27 9
38 29
51 15
25 3
12 14
28 14
28 33
46 52
13 44
5 46
1
52

83 22
30
5
56
70
78
54
63
21
49
41
24
35
72
3
71
43
8
13
40
34
48
51
41
57 52
43 22
37 22
33 43
44 76
69 27
78 25
23 71
58 19
51 64
37 73
56 33
40 28
32 44
46 9
1 51
62 71
66 13
30 42
39 55
6 41
8 68
26 8
27 48
10 72
68 37
81 61
75 72
30 2
82 32
49 76
26 83
17 66
74 75
10 67
49 10
48 34
64 69
16 29
16 43
6 50
16
76
39
1
73
36
60
6
46
11
4
83
45
19
28
79
53

52 14
24
37
36
38
8
7
45
50
9
41
11
35
42
1
15
26 45
44 8
25 9
7 49
49 14
32 34
10 38
8 12
39 28
19 22
11 24
50 38
17 35
1 32
44 39
12
4
34
39
29
28
16
30
19
51
15
17
2

86 43
50
83
9
67
65
70
80
82
32
63
60
3
61
31
5
44
42
48
58
41
11
6
4
12
1
73
46
22
76
56
53
47
81
45
13
35
62
15
78
55
49
17
74
29
36 30
68 58
66 65
29 64
74 44
82 86
51 80
62 86
31 49
82 42
65 30
46 59
83 39
1 4
19 58
3 6
78 9
56 8
78 86
79 59
77 69
75 40
5 20
11 38
41 30
53 86
24 6
56 70
70 69
13
29
25
54
28
30
38
77
7
8
10
84
64
59

84 42
25
11
55
59
66
68
16
28
9
47
72
23
40
22
44
42
48
74
61
52
35
82
36
31
24
14
19
7
65
8
73
78
27
49
38
62
12
53
3
20
41
71
32
32 66
76 19
32 39
28 47
59 36
47 61
2 58
77 2
4 66
65 44
51 65
28 56
12 1
68 7
71 74
72 83
76 21
24 83
3 36
28 80
38 9
84 31
81 56
53 57
82 6
46 27
4 35
49 1
18 79
37 7
20 44
48 30
19
80
46
81
84
32
37
30
76
79
64
56
13
43
45
50
60
39
83
18

