6
91 37
76
45
87
13
37
22
54
90
75
53
10
74
72
24
91
43
25
36
89
42
61
2
30
31
18
78
51
62
21
33
20
77
70
34
11
65
86
22
15 86
59 44
57 7
27 85
25 70
84 89
71 84
41 6
16 14
56 44
54 76
14 62
84 11
86 40
16 71
35 73
37 73
35 31
34 68
42 28
18 86
51 72
51
64
58
5
32
40
88
69
29
35
4
55
66
14
47
16
71
12
46
80
26
38
39
7
68
27
85
83
84
8
50
48
60
17
23
56
1
49
79
63
57
28
52
41
19
6
44
73
9
3
81
15

48 22
11
4
19
7
31
8
3
33
30
13
35
45
47
14
5
41
18
6
38
32
40
34
16
20 28
33 14
42 27
23 26
24 9
26 43
40 15
47 46
20 13
48 41
31 43
46 6
24 33
15 5
48 22
20 4
18
24
21
2
26
28
25
9
43
46
42
29
37
1
17
39
22
12
48

18 8
14
2
10
7
16
15
9
3
5
3 11
11 13
5 14
7 16
6 4
9
8
6
11
1
18
17
12
13
5

15 6
12
7
10
4
14
6
3
10 12
11 12
14 1
0

78 37
71
28
62
50
16
55
75
57
76
73
10
27
48
6
38
60
19
58
78
3
37
13
34
44
52
11
46
47
4
25
59
20
36
40
1
14
22
28
51 69
54 41
78 46
50 38
60 10
71 22
9 22
31 67
23 26
29 21
52 19
35 62
23 2
25 11
43 27
64 70
5 31
2 41
21 11
2 54
41 74
31 12
56 44
36 37
27 36
35 43
21 1
78 9
1
53

84 39
74
40
71
70
59
51
19
84
52
7
20
39
2
77
46
14
47
1
69
13
73
26
41
6
54
44
61
48
45
60
78
82
81
5
34
10
56
29
9
38
41 70
44 61
47 41
50 26
61 18
70 52
19 65
15 57
58 64
60 33
5 79
33 38
83 61
73 82
75 3
62 14
40 42
72 39
13 41
26 67
78 39
80 15
76 74
22 45
34 80
53 73
20 40
76 52
44 32
27 66
39 77
66 48
80 72
47 67
83 82
19 43
64 54
36 3
36
64
37
63
50
16
58
32
38
4
25
35
18
28
3
27
67
62
21
17
79
49
43
55
66
68
22
83
75
11
80
72
8
65
42
57
33

