6
25 8
24
22
18
10
2
8
11
25
12
16 25
5 16
7 3
4 1
7 15
18 1
25 8
16 1
14 4
7 24
16 19
9 22
4
12
15
23
6

82 24
23
64
52
28
3
38
57
70
61
66
63
36
19
17
65
68
30
76
74
26
31
20
2
49
22
3 65
21 43
5 42
6 37
37 71
3 59
34 32
18 13
10 70
61 57
11 55
62 35
1 2
53 69
21 54
10 37
23 36
39 19
57 23
72 69
43 25
11 43
7
56
46
8
60
11
80
1

75 34
53
64
34
26
43
9
71
58
6
55
28
27
42
39
1
52
68
38
47
70
74
72
37
73
30
41
36
66
8
14
51
20
22
69
25
28 25
43 62
18 12
69 51
43 68
8 15
3 42
18 61
31 71
66 67
29 57
67 63
2 32
26 35
54 66
66 15
60 8
31 1
28 14
32 24
60 33
27 30
58 65
3 14
6 52
18
60
23
19
32
21
50
44
31
54
24
18
45
12
7
46
56
62
10

78 29
22
41
19
63
68
59
32
9
29
27
5
42
73
60
47
11
55
44
30
7
35
36
69
20
52
4
40
15
28
21
68 54
30 39
38 45
32 60
11 66
58 9
3 27
21 37
21 57
43 57
53 30
8 7
35 29
13 52
13 70
5 7
26 33
56 44
38 55
41 78
12 64
23
78
70
53
26
1
17
46
54
50
76
6
16
23
33
18
57
13
39
49
21
66
3
71

56 20
23
33
43
3
18
19
11
54
37
31
55
34
44
5
26
12
56
14
40
28
15
6 55
47 6
54 23
43 47
14 11
54 11
20 30
38 9
51 50
38 14
11 44
34 13
48 47
5 29
41 1
27
21
8
10
47
25
52
38
1
53
39
36
4
13
27
45
50
35
48
46
51
29
49
15
22
9
24
32

79 35
68
21
1
77
8
4
13
45
35
57
9
14
70
2
73
18
28
44
30
59
78
58
71
72
41
26
25
50
15
56
74
49
6
10
11
28
67 59
33 64
63 72
5 26
72 57
19 58
73 9
51 52
27 37
68 16
52 57
69 73
68 13
68 9
44 8
9 8
22 62
5 70
37 18
47 5
43 6
5 25
16 58
62 36
15 50
37 21
33 40
52 31
39
46
64
29
5
66
52
17
47
53
55
60
22
27
40
38
43
42
36
3
51
16
34
37
12
79
23
62
76
48
54
7
39
67
31
20
33
61
63
19

