5
84 29
60
35
72
38
26
30
7
82
14
54
74
47
9
16
68
52
71
28
83
57
39
40
1
18
11
3
81
73
20
36
73 38
56 84
82 20
72 11
60 56
9 80
77 5
1 15
78 15
57 72
83 77
27 40
51 39
18 38
7 67
84 10
9 46
7 59
8 57
67 1
28 53
30 75
24 9
67 34
14 16
5 35
44 51
16 70
8 23
35 17
49 14
61 59
57 42
58 43
32 29
1 51
31
34
69
29
79
41
75
46
59
58
23
51
37
62
24
55
44
17
48
6
84
2
45
33
56
19
67
8
10
25
61
64

13 5
1
4
9
5
3
6
1 11
13 4
11 4
10 8
13 8
3 5
6
7
8
10
2
12
6

43 16
19
22
10
15
42
34
9
1
35
43
7
24
40
18
25
27
17
28 9
12 28
12 19
23 27
30 34
16 20
10 23
35 17
30 17
6 36
17 10
16 29
15 34
9 5
19 10
26 11
16 4
0

19 6
8
12
1
10
18
6
5
12 7
18 17
17 11
10 14
8 4
8
13
14
11
5
2
15
4
19

47 13
35
15
5
36
45
20
4
24
7
42
30
26
27
22
6 14
33 4
1 22
33 22
37 6
42 1
13 12
26 17
25 46
36 16
43 25
17 43
16 43
33 5
14 29
11 35
26 19
4 24
31 41
43 47
25 23
2 40
22
3
11
2
38
39
40
1
32
46
31
25
44
23
19
34
33
29
8
17
10
18
14

