10
85 36
66
85
50
24
15
9
23
69
22
12
84
63
5
82
72
19
40
1
73
74
17
32
16
14
75
59
61
27
31
52
57
44
33
58
77
70
30
34 49
54 85
39 7
1 3
57 67
65 30
2 63
15 72
62 2
24 57
7 19
38 10
21 7
9 78
5 34
17 51
35 9
8 23
55 7
29 70
74 15
62 79
49 43
28 3
84 62
25 61
77 51
79 6
84 25
75 54
37
64
37
21
26
80
55
60
65
42
36
6
28
48
53
62
29
56
11
18
25
3
78
43
41
10
68
20
79
38
81
51
83
54
8
35
45
39

44 14
5
35
15
25
33
14
8
32
16
9
2
7
13
41
11
42 12
33 15
23 7
36 4
31 29
43 17
7 25
7 12
27 39
29 27
38 32
27
20
27
34
36
24
30
21
42
22
28
44
11
43
17
3
38
18
29
19
23
12
10
40
26
39
31
37

61 26
16
8
30
34
11
15
26
20
53
40
9
7
18
42
41
29
31
2
5
55
57
35
54
12
22
23
16
25 10
16 60
53 35
19 31
54 61
52 48
41 26
57 23
58 25
55 34
56 20
1 27
50 13
20 30
15 38
54 48
30
60
13
32
59
28
58
6
48
51
39
19
49
10
50
47
25
38
56
21
61
4
36
17
24
43
52
3
44
33
37

49 12
46
7
14
37
33
23
21
22
20
17
19
36
15
29 13
40 32
31 17
3 27
14 12
46 39
4 2
12 37
33 27
34 24
36 34
8 32
39 2
37 16
4 5
23
26
11
30
48
42
29
15
4
41
16
39
38
27
5
32
35
49
10
13
8
3
45
18

91 25
26
78
49
89
51
37
33
22
40
67
64
76
16
24
87
55
80
25
12
90
75
82
44
34
62
41
9 73
72 1
76 55
28 8
46 35
45 63
74 27
31 8
42 49
68 81
5 82
26 90
39 75
69 82
70 61
4 78
72 16
73 71
3 90
18 51
14 65
51 73
49 61
56 5
40 86
65 89
67 54
58 84
79 43
26 45
63 61
18 71
68 63
57 62
89 45
21 60
66 56
68 54
41 79
6 75
12 34
19
45
74
18
58
70
71
4
83
57
86
68
60
30
77
9
28
14
65
53

41 12
2
20
27
17
15
28
24
34
13
5
14
26
10
3 29
30 27
14 26
35 31
22 21
9 1
21 24
33 22
36 2
4 11
18
12
7
33
18
11
39
36
1
29
16
3
22
19
10
23
21
35
4

79 24
42
79
37
35
57
38
70
50
62
44
25
10
6
17
27
65
18
14
43
76
55
31
48
73
22
27 49
47 31
43 45
28 53
69 19
62 25
31 21
25 44
55 70
22 74
39 62
13 64
15 73
30 3
16 3
15 41
73 7
63 54
79 1
26 76
34 24
31 69
23
69
7
4
8
63
5
39
49
71
46
15
60
72
22
33
75
12
32
61
11
59
78
47

83 40
54
72
64
12
39
23
5
4
20
10
9
76
41
37
50
24
42
32
43
2
45
17
63
25
33
73
77
56
79
8
62
40
6
68
67
7
55
58
52
71
40
63 3
41 14
42 33
57 20
45 81
51 61
64 37
72 51
63 2
57 7
20 56
30 4
65 15
4 20
71 58
20 68
49 29
64 1
42 77
77 50
23 69
21 57
7 69
37 76
68 35
11 62
33 1
60 25
44 19
12 54
36 34
47 26
24 83
60 49
4 5
48 26
79 59
56 75
8 10
12 43
9
81
21
27
15
57
34
16
80
60

51 19
8
10
16
11
12
27
32
29
6
2
1
19
47
5
36
48
18
15
7
24
44 42
5 16
51 4
40 38
40 24
36 32
13 37
22 31
40 34
33 23
10 25
41 38
24 27
14 40
41 50
14 51
6 10
49 39
26 14
14 13
7 40
48 20
23 1
26 19
16
38
50
17
46
39
34
31
28
23
22
30
51
37
42
40
9

89 42
52
37
46
33
35
66
53
29
59
80
24
73
88
61
56
40
20
62
34
36
39
60
11
27
42
70
63
55
41
75
67
74
83
64
58
86
22
68
57
44
21
30
41
26 79
1 23
85 31
16 15
2 53
38 63
89 54
62 35
37 24
44 68
17 45
37 48
42 62
22 77
35 43
7 5
23 9
32 23
6 49
37 58
19 45
36 28
35 74
72 24
27 21
69 26
79 75
75 5
65 38
38 39
72 50
59 6
43 12
81 48
61 59
18 38
24 30
46 53
52 32
3 9
84 35
45
49
28
13
78
3
77
65
7
14
54
50
25
87
1
17
12
43
5
69
18
10
47
79
84
6
45
71
82
38
32
9
23
2
81
19
26
15
48
85
4
8
16
89
76
31

