8
67 28
1
31
61
13
35
62
23
52
14
40
45
9
20
38
54
15
33
5
57
17
46
39
34
7
50
42
51
53
28
46 2
12 19
39 30
13 67
5 52
18 9
60 44
6 11
32 36
54 40
16 51
26 65
32 55
16 1
46 42
33 62
41 11
41 33
37 38
39 15
20 10
11 32
35 15
3 54
4 63
50 18
47 42
50 7
19
65
25
22
63
26
29
44
47
56
21
3
59
32
24
2
43
64
16
58

42 12
27
3
31
26
12
41
16
38
25
9
32
15
21
28 18
18 8
32 14
34 37
19 30
7 19
14 23
13 1
29 39
24 25
42 37
13 31
9 28
15 20
38 11
18 14
18 26
31 24
22 7
20 34
12 30
13
42
13
4
37
28
8
1
20
18
6
11
19
40

18 9
1
4
3
9
5
7
15
2
16
7
16 6
17 7
3 9
2 16
2 17
3 12
14 5
7
11
6
10
14
13
18
12

39 15
3
16
9
24
30
20
6
5
32
2
33
1
22
14
19
19
31 20
15 30
9 22
6 24
31 15
21 24
23 32
14 11
25 17
4 15
4 20
22 3
35 14
18 28
21 2
9 7
20 21
23 36
25 6
15
7
17
25
21
8
39
4
36
34
27
29
18
13
11
10

73 35
2
53
49
16
54
9
40
29
41
39
55
61
70
36
59
37
13
34
18
42
65
3
72
68
71
60
20
23
46
17
64
52
35
24
14
28
1 14
19 46
2 23
3 47
38 58
32 17
64 44
56 23
28 58
68 49
29 38
25 72
14 23
73 49
32 43
47 11
63 41
6 34
47 39
65 53
57 45
44 53
33 59
8 23
33 57
65 48
50 41
57 44
5
21
73
69
48
4

59 20
17
46
45
26
4
40
5
7
11
35
53
43
36
12
58
39
38
52
2
29
28
56 32
53 58
14 22
38 4
24 54
17 32
58 35
5 23
57 54
2 45
21 26
15 52
25 49
53 47
32 50
43 37
36 22
7 52
42 32
12 4
33 50
2 36
2 42
55 18
13 39
57 31
2 55
13 35
5
8
56
10
23
47

98 44
95
18
41
37
47
2
29
93
3
10
55
6
89
13
78
87
43
79
83
92
1
25
91
28
60
17
71
33
81
39
38
32
74
46
24
21
12
61
15
73
84
97
62
44
30
6 60
53 69
49 13
81 61
54 62
26 40
80 1
96 46
84 79
35 83
64 85
34 57
47 98
16 96
84 28
73 92
90 70
12 95
65 7
86 47
31 37
18 12
78 29
71 57
97 90
27 43
45 89
41 80
17 80
21 37
40
65
94
98
22
4
53
34
82
14
59
64
36
67
58
90
7
31
63
48
23
76
27
49
77
40
19
50
70
52
42
5
88
8
96
68
35
51
57
11
16

32 16
9
21
11
18
27
19
29
12
2
23
17
15
25
28
6
3
15
12 14
10 14
1 13
9 21
25 28
30 10
30 12
32 16
7 15
21 17
31 12
6 15
19 16
30 3
27 8
3
13
20
24

