10
55 15
44
35
55
15
27
40
52
10
43
4
41
14
2
34
50
20
26 46
10 21
30 3
13 55
19 51
41 22
46 11
27 3
54 53
9 23
18 55
17 16
40 16
12 37
50 51
17 48
22 54
5 44
23 38
7 2
37
13
1
45
31
19
25
48
20
51
26
36
28
16
47
30
21
7
8
46
23
6
18
37
5
24
29
53
3
22
12
9
33
49
54
11
38
42

99 36
71
44
87
64
12
62
3
25
34
15
58
97
32
11
43
94
72
40
50
92
74
66
85
14
45
35
13
4
47
20
86
23
98
41
39
82
49
25 83
85 5
70 73
14 30
85 39
6 79
49 41
89 14
83 62
32 45
76 71
91 47
52 82
15 96
73 43
65 41
77 70
31 13
46 95
91 16
71 73
49 79
93 70
24 82
6 2
54 37
90 55
98 95
65 89
66 20
29 49
39 47
22 26
51 59
70 13
8 13
11 62
79 10
82 81
6 23
17 68
27 26
35 94
16 40
8 73
45 62
82 93
90 82
36 57
34
28
67
55
59
2
54
36
90
80
61
8
16
52
24
69
56
9
53
93
10
88
46
33
18
31
27
76
79
30
95
7
83
81
73

35 16
5
4
35
21
33
10
1
30
13
19
12
22
7
20
9
3
12
25 10
32 24
6 28
22 33
22 6
29 28
32 18
26 31
34 3
9 14
17 20
2 34
19
26
17
6
29
15
32
34
25
14
8
16
27
2
24
18
11
23
31
28

70 27
33
43
65
17
56
6
55
8
25
23
38
34
61
30
41
39
59
48
10
57
49
14
42
11
29
27
24
19
15 40
1 24
47 40
42 17
1 56
55 49
68 70
69 51
30 64
6 2
34 43
1 57
37 17
5 37
7 59
6 9
66 55
30 26
47 53
24
9
19
35
52
47
53
58
2
63
44
66
28
37
68
3
16
70
18
67
15
51
45
46
50

42 16
16
27
5
10
35
39
42
12
31
38
25
22
37
9
11
17
20
18 16
20 18
9 42
22 20
37 41
2 10
20 37
22 40
13 19
31 20
34 12
32 24
34 36
38 39
42 6
28 9
41 24
21 39
7 5
8 2
5
13
23
40
18
30

41 15
19
32
41
17
7
35
4
30
38
18
33
40
39
14
26
10
11 27
5 11
16 36
10 23
23 30
8 11
39 30
28 3
6 11
18 27
7
31
24
16
37
21
10
28

35 8
18
15
5
28
26
27
29
1
13
29 10
30 28
5 33
26 8
35 11
8 23
1 19
14 34
19 6
11 6
7 5
30 31
12 11
19
22
20
3
8
4
31
11
6
14
23
25
24
13
19
30
34
32
9
10

54 27
34
22
36
19
52
43
33
24
42
5
46
26
38
11
31
47
8
28
4
54
12
32
6
44
2
39
53
27
1 20
46 26
45 54
36 2
28 21
46 30
50 17
39 19
25 50
30 10
17 52
27 45
9 16
51 28
6 37
28 6
51 21
51 5
20 50
25 53
46 38
47 1
8 33
2 50
37 32
3 37
26 15
25
40
50
14
7
18
21
13
29
16
1
10
23
51
30
35
3
37
41
45
9
20
49
27
17
48

71 27
70
20
66
8
27
44
68
9
21
65
36
60
58
25
46
7
62
26
10
2
16
61
39
30
38
51
71
33
45 18
62 10
49 12
13 62
22 60
64 18
23 51
47 23
5 25
48 39
25 11
28 18
18 52
27 7
10 19
58 66
43 1
56 63
43 70
43 4
45 47
7 42
19 33
5 31
54 48
27 46
67 48
6 68
49 1
46 30
2 18
28 48
25 45
41
48
5
28
35
17
55
52
42
40
41
34
19
57
67
32
43
59
15
50
37
18
47
13
45
24
23
33
12
31
29
64
22
14
1
4
54
6
3
53
56
63

88 37
31
66
27
36
40
67
56
87
63
44
65
88
25
38
33
22
11
47
68
71
55
12
80
83
85
75
7
29
81
10
28
69
17
1
13
70
60
29
37 54
30 67
27 55
39 41
48 21
22 80
18 43
69 66
25 68
33 15
40 58
39 4
26 79
51 54
78 48
34 82
56 61
58 59
66 77
18 28
67 13
48 81
62 7
7 63
8 66
82 76
34 11
87 55
42 25
14
53
74
32
61
26
42
20
76
35
73
9
58
51
59

