5
17 8
16
5
1
9
8
7
2
3
7
7 13
15 14
4 15
8 17
9 13
1 4
3 9
7
13
4
14
11
15
12
6

68 19
1
45
38
37
64
44
31
58
14
32
36
27
16
24
15
66
7
30
9
28
47 67
8 65
40 63
10 55
30 51
56 34
44 8
57 25
36 18
31 9
57 23
1 50
55 35
61 3
17 58
53 63
20 8
9 20
66 11
7 18
41 51
13 2
65 3
65 29
9 53
17 49
15 42
1 15
3
57
21
61

90 23
68
26
90
46
77
2
71
38
30
5
69
11
32
21
17
34
83
23
82
41
40
60
14
25
76 50
75 19
7 64
47 18
81 30
18 43
5 85
70 41
14 8
12 10
57 15
17 18
80 30
70 29
41 65
24 6
33 12
52 65
33 72
76 84
13 37
5 74
67 20
71 17
8 38
64
75
16
42
25
54
59
89
84
79
88
76
6
15
1
65
50
4
24
9
20
53
55
57
67
72
29
74
48
8
86
19
85
45
39
56
52
3
7
87
73
70
51
35
37
78
33
36
44
61
27
22
47
43
10
58
64
49
18
28
62
80
31
66
12

57 27
5
40
2
51
53
31
27
4
47
28
30
32
41
14
35
37
55
50
43
29
12
15
1
13
10
6
25
25
47 16
10 20
23 13
54 48
44 57
46 31
19 13
9 43
11 21
36 23
13 22
14 3
38 35
24 18
47 21
11 15
44 34
35 15
57 52
20 52
13 28
24 33
53 52
44 15
43 6
8
9
11
16
7
23
46
49
24

90 32
43
5
13
8
53
68
20
52
10
65
22
88
40
59
50
64
1
44
41
23
18
67
77
55
66
35
74
48
34
6
60
17
29
72 31
87 68
86 36
84 4
78 8
18 69
17 36
43 7
16 23
29 46
40 48
49 3
79 43
57 52
10 57
18 83
70 35
55 74
85 64
46 48
10 70
33 67
49 62
12 30
58 19
90 44
51 46
79 14
36 88
51
58
14
27
54
83
38
75
81
21
28
61
70
24
39
63
19
85
78
46
89
87
16
82
29
57
45
36
90
51
80
30
62
11
42
49
37
7
26
4
15
31
69
86
9
71
47
72
79
25
3
12

