5
61 19
45
52
43
25
9
6
39
5
53
51
15
4
56
19
37
44
31
42
17
23
25 31
58 59
36 39
8 60
14 55
20 46
25 14
46 41
22 41
17 56
8 31
17 43
50 10
2 32
37 7
44 43
27 34
17 51
36 51
61 5
60 23
16 17
47 52
24
13
23
50
8
48
30
47
33
38
10
22
28
60
1
59
54
58
61
41
34
57
46
55
7

10 4
4
1
6
7
3
4 8
8 2
3 9
2
2
3

75 37
69
12
66
60
33
39
31
37
4
20
11
35
5
1
38
63
23
18
17
9
72
40
19
50
15
30
28
56
22
64
58
75
53
44
26
16
6
25
67 20
1 38
42 58
59 49
43 75
10 49
25 46
57 42
63 10
22 60
41 38
44 71
57 59
14 32
1 20
23 48
64 58
17 46
62 75
35 75
51 42
5 64
36 72
17 24
45 2
14
45
61
59
24
70
52
57
27
29
21
43
3
74
32

31 13
11
22
15
10
27
1
12
3
16
29
7
2
14
13
19 7
7 20
15 27
2 9
8 27
31 11
20 27
18 13
11 14
29 17
8 22
17 27
4 3
14
13
18
20
30
19
24
8
25
28
21
9
26
31
23

20 6
5
4
16
1
11
18
6
2 11
5 4
8 6
7 12
10 19
3 4
9
20
2
14
8
3
15
6
13
9

