6
31 7
3
15
29
6
20
18
11
13
22 9
24 29
24 27
13 2
26 12
3 2
7 14
25 28
14 2
28 13
24 16
17 20
27 8
8
10
2
12
14
16
1
22
25

50 18
26
19
27
42
22
9
40
10
41
33
18
11
48
49
24
15
35
8
18
27 10
44 5
37 26
45 37
29 6
25 10
35 45
8 1
1 3
36 45
27 2
46 35
25 40
11 1
17 28
10 33
25 21
43 33
23
30
46
50
17
36
21
29
7
23
32
39
13
44
14
25
12
45
6
47
20
34
1
37

74 25
69
54
15
49
44
12
62
36
32
60
1
48
6
3
18
52
23
4
72
7
21
31
29
27
63
37
12 37
50 48
25 9
50 16
47 32
27 71
74 37
13 15
41 27
51 56
62 51
22 3
68 22
22 39
7 67
22 2
71 25
46 66
18 47
68 71
25 26
38 46
69 17
39 20
4 48
48 52
5 32
65 21
21 15
25 73
44 2
67 22
41 40
2 4
55 52
13 43
15 17
21
71
43
64
5
19
41
56
39
51
65
11
13
16
35
68
33
59
55
25
70
47

68 18
8
37
9
2
19
33
55
43
58
14
67
27
12
29
1
17
51
54
31
35 31
41 7
1 32
15 68
4 37
40 6
18 25
61 66
22 28
1 53
65 42
41 23
51 62
48 64
52 66
34 53
61 56
64 7
6 44
9 47
53 37
24 59
8 41
43 41
48 18
61 20
47 57
5 6
24 14
54 52
6 50
17
61
53
6
65
64
7
4
11
23
30
13
31
38
42
49
39
48

51 25
50
19
38
47
27
37
21
39
45
34
7
23
9
29
1
8
36
13
46
40
28
20
6
18
44
25
31 9
13 1
7 8
26 23
26 45
43 7
19 48
18 48
51 40
25 32
10 2
49 28
10 8
10 30
3 12
13 47
46 6
44 42
31 19
7 36
31 35
46 14
12 22
34 9
1 47
5
32
24
4
49
22

40 12
35
12
17
22
16
5
3
18
7
32
1
28
19
27 19
31 37
40 16
29 18
9 8
34 11
12 6
8 37
28 19
10 35
8 5
34 22
26 22
28 24
24 37
35 8
18 28
6 35
21 33
25
27
9
40
8
21
2
11
10
4
36
33
24
29
19
38
30
14
31
6
26
37
34
25
13
23

