6
19 8
14
15
18
3
17
9
10
11
8
5 6
15 10
16 8
14 17
14 8
7 5
13 16
4 16
6
5
7
12
2
8
16

80 31
8
80
58
33
24
31
69
72
73
60
29
55
71
27
43
51
9
50
13
25
41
54
11
28
53
40
7
20
67
76
35
40
20 4
57 51
16 13
13 5
56 53
7 63
46 14
8 58
71 69
8 24
8 29
70 60
39 27
58 17
9 56
3 73
56 6
18 12
1 2
68 41
74 77
30 49
73 70
53 28
70 21
5 68
4 19
53 80
50 34
7 6
68 46
42 62
73 28
1 48
45 25
12 2
60 42
41 49
48 45
2 65
32
64
10
12
6
19
14
4
66
3
59
49
48
22
21
70
17
79
26
18
37
46
56
1
45
74
57
68
23
16
5
2
65

78 21
7
36
2
42
3
25
55
5
73
48
26
67
58
71
18
19
9
74
15
22
33
32
28 25
73 61
48 74
75 67
38 10
41 26
8 37
10 70
14 17
71 69
37 56
54 71
54 18
64 31
23 39
51 64
22 8
25 11
23 21
76 47
6 69
9 77
45 11
4 65
54 63
47 33
49 26
38 57
23 5
7 47
10 52
7 41
18
4
57
10
13
52
16
20
54
21
63
40
78
70
31
29
32
37
23

77 26
64
63
61
72
1
7
26
5
70
43
20
22
62
68
59
73
24
50
56
9
57
39
16
3
32
29
31
33 71
40 7
47 22
27 35
55 22
37 3
19 60
9 49
66 55
70 15
59 58
8 55
34 75
50 74
60 42
14 17
37 40
18 73
18 35
77 43
47 58
73 3
62 51
74 71
22 77
56 36
7 29
56 24
14 63
60 14
37 59
51
52
19
41
42
38
66
25
46
49
75
35
11
53
27
40
48
44
15
77
76
69
31
34
8
30
28
58
71
33
67
23
55
54
4
10
21
13
60
14
6
2
36
12
37
51
17
45
18
74
65
47

29 13
3
28
20
15
23
21
9
2
6
25
29
8
1
14
14 21
20 1
17 21
21 10
26 15
8 21
18 6
27 1
18 8
1 26
16 14
2 12
2 4
23 13
7
26
16
22
18
7
24
4

88 39
9
7
84
15
44
31
16
20
12
19
54
30
88
83
52
11
43
36
78
46
33
28
21
62
48
3
82
14
32
38
50
5
71
55
81
53
67
40
10
34
10 28
17 58
81 18
9 26
61 80
40 34
26 60
4 27
35 87
22 48
46 26
35 44
15 6
42 9
79 88
2 50
25 70
70 37
38 2
5 32
73 88
7 80
36 30
29 74
21 43
1 58
44 61
13 24
68 19
25 68
7 48
32 45
31 63
86 69
6
51
86
24
61
63
37

