7
91 30
91
89
29
35
28
15
33
77
11
38
48
51
84
54
57
17
39
55
6
81
8
85
58
67
50
19
3
40
13
26
38
55 41
32 50
25 15
14 5
90 66
7 37
30 74
54 88
76 52
29 66
1 44
66 13
20 40
35 14
20 41
21 56
12 2
53 56
46 32
57 70
44 47
45 29
31 69
62 82
67 44
39 42
2 45
61 51
4 22
90 59
22 71
21 3
81 88
84 35
90 79
72 63
6 75
73 21
1
68

45 12
7
30
36
27
24
31
22
3
17
23
1
44
17
39 16
7 3
26 16
43 39
21 31
6 34
12 45
40 12
8 44
19 11
15 36
36 31
24 17
33 8
41 20
36 1
16 11
12
42
21
9
20
29
39
8
4
35
32
2
12

75 32
1
52
18
7
56
38
55
51
39
16
33
23
40
50
31
70
4
72
12
44
71
61
37
41
25
43
20
46
17
29
35
15
31
4 29
61 64
59 56
71 11
65 26
56 25
26 15
3 23
15 37
46 29
60 9
25 54
22 8
54 13
72 30
24 52
19 12
37 11
10 24
38 66
13 5
37 66
59 39
3 43
23 17
4 56
60 27
61 28
41 51
38 12
15 9
40
28
19
65
24
22
54
34
47
32
62
13
5
69
75
53
67
11
10
58
66
27
21
6
60
14
64
68
3
36
42
9
8
30
57
74
49
59
73
45
48

95 44
57
88
62
41
19
22
65
86
24
61
56
34
3
64
6
38
72
71
89
81
79
25
94
8
32
63
84
50
5
59
80
28
35
40
23
42
83
12
26
17
49
39
10
91
45
18 32
87 3
32 56
4 82
93 77
4 62
15 76
6 60
23 71
48 55
30 69
47 56
5 30
1 3
49 66
58 92
22 87
23 12
25 31
84 15
90 56
76 65
13 37
46 74
30 43
66 78
65 54
2 29
75 73
46 1
13 70
71 59
40 75
50 67
65 21
46 77
75 29
29 93
46 31
90 80
5 42
22 50
44 53
33 29
2 41
43
90
73
20
92
1
27
11
44
7
14
46
51
36
85
16
37
53
67
93
87
29
77
82
15
9
47
66
76
2
69
78
13
4
58
75
43
68
70
95
52
45
18
60

58 21
55
30
41
54
4
56
26
13
34
18
53
35
42
17
12
31
27
3
36
50
25
19
13 51
57 36
17 28
22 9
56 22
36 43
25 31
55 5
43 51
1 29
37 52
31 18
53 42
54 53
7 56
22 19
48 29
51 30
24 23
20
43
47
15
22
2
8
21
23
48
10
39
28
1
51
40
52
29
46
19
20

98 48
15
60
97
12
14
16
53
7
78
75
1
19
89
95
59
51
61
54
76
37
57
82
88
65
52
9
47
29
94
41
36
8
86
87
83
66
96
23
50
69
79
6
56
43
85
24
38
71
28
75 97
95 30
62 27
93 72
26 20
46 94
86 21
40 4
63 77
67 64
70 50
21 74
51 9
38 2
9 66
9 2
17 11
34 12
79 65
74 90
69 46
51 29
19 47
87 60
61 20
96 61
66 53
83 52
45
26
90
5
34
27
93
72
13
77
55
81
62
70
42
32
33
11
84
20
4
74
80
45
2
64
17
39
63
21
68
28
30
25
10
31
18
58
22
67
46
35
49
48
91
40

81 26
65
7
2
31
75
45
28
19
60
77
23
68
76
4
81
53
30
55
5
79
49
73
20
63
10
52
28
43 65
24 64
51 1
64 4
65 70
9 34
41 22
51 13
76 40
6 4
80 69
66 73
36 68
67 11
50 18
54 74
56 38
28 65
7 48
2 79
65 79
33 34
64 19
76 12
38 58
49 79
51 43
62 61
49
62
21
12
59
61
27
43
39
64
29
47
36
69
57
11
37
56
40
70
74
8
46
42
9
41
50
32
16
35
51
54
34
78
80
44
67
25
26
14
24
15
66
18
17
58
3
22
71
6

