5
22 9
19
15
10
18
20
3
7
13
14
6
20 11
15 14
8 10
10 7
9 2
14 10
6
11
12
5
16
22
17

36 12
12
23
35
9
2
34
11
13
28
8
20
24
12
32 3
24 11
33 24
35 34
26 2
24 16
9 22
22 36
20 31
2 32
2 10
7 14
3
31
6
18

25 11
19
4
11
10
7
13
16
15
25
5
3
10
5 8
22 7
4 17
3 16
22 16
1 25
16 4
13 20
17 9
6 25
13
21
14
6
18
20
24
22
12
23
8
9
1
2

72 25
71
70
58
28
10
30
61
31
37
33
24
9
68
23
48
16
63
25
3
29
35
44
40
15
69
32
68 1
57 49
59 24
60 65
10 25
56 9
7 20
70 18
57 6
71 69
6 13
41 23
24 38
54 12
46 65
32 5
21 12
72 39
15 51
20 8
59 69
72 37
8 72
56 10
58 15
66 18
17 13
40 69
42 71
55 67
29 54
18 16
21
59
60
34
12
18
39
54
53
27
4
22
47
13
72
43
11
21
46
5
56
66

88 30
85
30
58
66
20
52
72
61
32
81
46
67
76
63
5
28
8
27
47
53
70
31
11
23
44
86
43
38
77
65
38
34 38
51 68
47 7
4 67
27 34
23 10
2 8
2 47
88 23
74 8
87 14
77 47
61 25
52 55
82 48
78 53
47 80
22 82
51 80
62 59
77 24
85 80
20 26
24 80
38 77
18 78
42 1
31 35
29 17
55 9
33 30
72 16
86 49
45 73
73 71
76 43
29 72
26 14
41
59
64
34
69
40
50
83
42
24
57
7
35
55
88
36
51
87
29
68
84
80
15
10
16
19
4
73
37
49
18
2
17
12
45
75
82
74
62
48
6
60

