9
20 9
9
8
12
6
20
11
19
14
15
9
19 9
6 11
17 10
2 15
1 4
13 14
3 5
9 6
10 2
8
7
10
4
18
17
2
13
5

12 5
5
10
2
8
9
3
4 8
10 9
2 3
2
6
11

95 46
65
21
42
41
44
59
10
91
32
25
33
2
95
24
18
56
37
31
45
80
64
68
22
82
40
39
57
27
5
1
93
8
62
15
72
92
13
12
75
81
87
11
28
89
20
29
36
11 91
16 6
76 29
82 92
20 42
80 22
7 42
39 82
52 26
35 28
38 86
37 55
18 51
55 3
91 86
17 90
88 49
87 24
78 51
93 38
21 35
44 16
44 9
58 75
27 57
17 4
57 91
2 40
33 7
3 49
94 29
24 14
11 44
7 40
13 95
57 55
41
49
67
60
7
76
36
61
43
34
88
26
38
86
90
94
51
77
78
50
47
16
6
83
63
74
35
46
52
53
4
14
48
30
9
19
84
70
17
58
71
23

34 13
34
10
1
2
29
8
22
3
9
4
7
25
31
16
19 33
18 21
14 28
17 14
31 17
30 6
26 18
21 17
15 11
19 28
15 31
27 8
7 18
7 26
16 31
9 4
16
27
26
33
11
5
12
13
14
32
19
16
17
28
23
18
15

20 10
7
3
13
20
8
14
18
5
16
9
7
1 15
18 2
7 6
4 14
13 3
5 4
2 8
6
12
2
4
17
6
19

32 8
26
6
5
14
25
9
19
24
16
4 30
25 1
9 16
24 18
3 32
19 21
19 15
2 27
4 10
29 1
15 28
23 13
14 25
21 9
21 23
24 13
17
2
12
21
10
3
30
17
16
1
4
29
8
15
27
23
31
11

78 25
31
67
23
26
60
78
15
66
38
71
57
50
33
48
1
51
12
21
65
49
56
13
75
64
69
19
66 48
2 43
52 30
1 72
39 7
47 39
68 54
52 20
68 33
70 61
38 30
59 22
66 61
11 24
74 11
29 16
32 57
70 10
69 51
33
55
36
62
35
41
39
32
59
61
18
2
11
5
25
72
8
6
28
43
76
19
4
37
74
22
34
10
47
30
46
44
17
58

47 21
29
42
16
11
20
8
6
43
47
3
25
17
18
32
26
37
46
41
30
19
12
23
21 9
11 45
45 47
9 16
43 23
29 10
30 29
22 13
6 12
41 6
17 29
41 46
3 43
32 39
5 30
9 33
38 5
39 11
31 18
24 31
12 25
33 5
36 7
8
28
45
5
34
15
33
38
2

57 28
22
37
19
57
18
4
56
41
7
31
51
21
8
13
48
42
11
23
50
16
47
24
27
1
5
54
9
14
26
13 56
27 1
29 25
31 18
4 6
11 29
28 17
42 14
8 4
2 21
17 42
51 31
23 47
15 53
28 35
46 36
20 30
26 6
30 13
31 1
27 41
4 16
49 56
3 52
14 6
12 6
23
32
53
43
15
30
55
25
40
44
26
52
20
46
34
36
17
45
29
6
35
39
49
2

