7
39 19
8
18
23
9
16
36
33
12
1
11
24
17
38
13
32
10
37
21
6
10
8 29
10 2
4 1
5 28
34 8
4 29
6 34
38 17
18 16
34 20
12
39
20
28
27
35
30
26
4
14
19
34
7

84 21
70
18
25
28
49
82
80
4
43
65
14
19
8
69
44
67
26
77
52
20
2
35
2 70
84 19
39 25
54 1
84 55
77 27
22 31
73 11
75 36
39 47
76 28
9 7
52 2
37 70
30 15
40 71
15 46
50 38
37 44
33 10
31 18
54 73
25 78
72 6
67 34
66 15
55 57
8 74
72 69
5 65
15 82
5 15
68 76
71 65
79 83
8
17
22
35
36
83
41
21
42

36 15
9
7
3
18
10
24
17
36
22
2
33
30
6
4
21
10
13 30
8 33
34 30
36 33
16 26
34 9
26 15
10 5
3 36
34 36
20
1
16
13
15
27
26
14
12
31
20
5
25
29
34
28
8
32
19
11
23

14 6
11
3
8
7
14
5
4
1 9
9 5
8 14
7 14
4
12
4
6
9

46 18
42
36
18
46
10
12
1
9
34
20
24
11
19
3
32
13
5
39
17
11 35
8 21
29 1
2 21
26 11
21 38
37 30
34 37
37 2
38 31
31 30
2 28
18 23
35 25
26 40
26 8
12 26
22
45
22
4
23
16
15
33
27
31
8
41
2
43
6
28
40
7
21
14
17
44
25

18 7
16
18
11
2
9
7
5
7
16 14
5 10
13 15
2 9
3 10
7 14
2 7
7
15
10
12
6
8
13
4

66 21
17
62
10
32
54
58
57
22
49
48
40
14
15
19
34
47
33
28
24
43
39
30
30 13
33 5
66 55
10 17
31 9
29 64
7 53
29 63
25 62
32 38
52 15
11 56
24 17
46 3
40 62
64 23
2 52
41 18
40 37
65 31
29 3
37 1
2 18
1 51
1 34
3 7
7 43
45 55
14 66
31 27
7
12
21
35
30
7
52
63

