10
32 15
11
24
18
4
15
7
19
16
21
10
17
3
31
1
14
16
27 22
9 13
27 21
7 9
8 25
22 4
32 26
20 9
10 2
16 31
18 22
12 26
12 5
17 7
17 15
22 16
13
22
20
27
26
30
12
13
9
2
6
8
25
5

98 26
72
92
62
45
93
77
7
96
3
83
68
23
25
21
94
73
2
54
53
46
13
5
57
44
70
55
30
87 64
37 77
18 48
45 63
69 28
50 33
68 32
46 96
62 80
41 22
5 27
10 16
71 50
43 30
52 14
50 70
97 26
82 52
53 62
20 72
18 14
82 60
96 30
17 22
75 57
40 77
28 13
83 6
5 25
79 94
15
69
27
28
66
19
22
24
50
86
60
38
65
87
30
9

26 12
3
15
20
25
24
5
2
11
10
14
7
23
10
2 20
5 13
12 5
24 17
14 16
18 26
25 21
2 21
9 16
15 20
11
4
26
6
18
13
21
1
8
19
17
22

93 41
62
55
25
83
58
31
37
20
29
49
87
33
13
3
78
1
90
35
89
43
65
47
71
86
8
60
76
10
18
93
73
34
53
84
82
54
66
79
17
23
81
23
38 37
76 36
74 93
89 61
47 7
61 30
39 76
25 83
15 66
49 17
78 55
7 38
52 13
21 71
70 31
19 51
84 60
45 29
47 27
35 87
90 7
79 24
79 85
40
80
85
48
42
16
61
7
6
11
15
24
88
50
14
5
46
92
70
63
67
45
72
39
51
9
19
26
36
30
91
74
32
69
52
77
68
56
59
57
22

85 41
31
49
14
84
25
22
66
6
30
13
7
10
24
70
58
52
77
51
83
65
44
26
63
8
35
32
5
4
81
54
74
20
59
55
76
78
3
73
19
34
79
29
3 64
47 84
75 53
58 84
65 69
74 76
65 20
71 80
35 21
51 41
26 75
32 31
23 32
56 36
48 14
10 3
44 43
55 73
56 48
24 42
60 18
66 32
80 81
26 66
34 37
55 64
76 54
66 22
66 79
5
23
62
43
60
37

76 32
1
65
53
60
39
6
25
36
48
16
2
55
63
8
68
54
35
38
61
22
29
19
75
32
56
41
9
20
40
64
66
23
37
10 29
39 26
40 7
56 73
47 15
22 72
52 69
11 16
35 14
38 55
48 3
45 20
61 44
10 33
6 4
53 71
48 28
43 59
41 76
26 28
41 35
72 38
2 59
7 3
23 69
38 28
26 67
22 75
24 61
28 47
30 63
32 42
19 43
33 21
52 76
63 61
48 55
35
33
27
49
10
15
37
43
71
58
67
24
44
57
74
42
72
21
26
46
73
13
50
51
69
17
7
18
4
3
62
59
47
52
14
70

29 7
13
23
27
7
29
19
22
9
6 29
1 8
10 8
27 4
8 5
19 6
14 24
21 14
6 16
4
1
15
24
14

62 17
49
24
2
53
21
40
10
22
9
25
38
34
32
19
59
55
42
20
18 7
9 21
57 19
24 35
14 19
8 56
43 8
30 31
25 5
45 1
17 49
58 38
32 30
55 39
38 4
17 11
40 34
42 41
17 43
26 11
24
27
28
39
12
51
29
46
11
41
26
30
35
62
57
17
18
61
52
15
36
54
7
31
50

45 22
11
14
3
10
31
39
19
45
16
34
8
6
35
32
9
17
27
22
38
30
41
2
14
19 29
20 39
13 37
7 2
25 7
16 30
4 17
29 38
25 39
32 17
1 17
35 41
14 1
7 17
14
26
5
23
36
37
42
18
15
44
21
4
20
1
29

28 12
27
1
24
15
23
7
10
2
14
8
21
3
9
7 2
15 7
13 5
24 16
11 22
27 12
8 18
28 19
12 22
4
26
22
5
16

