5
33 11
32
26
2
19
24
7
16
20
5
9
1
12
27 23
33 8
20 7
30 24
6 8
11 28
4 24
14 16
18 32
22 24
5 24
16 15
13
14
6
33
30
12
17
10
3
27
31
29
15
8

80 23
53
13
75
56
58
48
55
61
31
40
68
24
80
59
26
14
50
57
11
36
16
77
5
38
5 2
65 5
57 8
34 36
1 28
12 39
35 32
63 26
21 58
57 3
63 47
30 19
36 5
33 23
71 62
14 57
3 78
54 49
5 42
34 67
70 50
40 29
74 45
58 66
7 72
15 70
24 15
27 60
14 19
38 13
55 43
24 17
73 16
64 24
59 17
5 41
14 54
52 74
36
17
44
23
67
73
62
42
66
46
29
72
4
37
7
64
9
78
70
34
63
15
25
1
52
54
74
71
32
47
21
19
38
12
51
3
2

73 29
4
67
16
40
52
27
23
5
45
58
8
59
6
33
21
2
70
31
34
35
66
54
9
51
37
42
53
47
72
19
54 6
29 23
62 20
18 72
22 14
9 33
62 27
47 22
25 68
61 39
9 32
27 51
27 32
73 53
57 56
17 26
44 34
51 59
37 46
23
20
71
63
1
46
36
10
50
32
14
48
22
18
44
17
61
56
65
11
3
49
60
64

16 4
12
3
9
7
7
10 8
12 5
15 13
4 7
12 6
5 15
2 3
3
11
8
6

26 13
21
2
4
3
18
1
9
10
24
25
16
11
14
7
21 2
21 3
1 9
6 15
9 17
15 1
12 23
2
20
23

