7
23 8
16
5
2
4
12
18
15
7
7
16 12
2 11
1 21
23 21
13 12
8 4
18 14
1
1

12 5
12
4
2
1
7
4
12 2
3 1
1 11
5 9
2
3
6

42 11
28
14
34
17
30
22
4
25
40
8
29
19
28 13
9 18
10 25
28 42
1 13
24 3
3 34
22 14
20 18
31 15
4 13
15 35
11 2
6 7
25 21
38 31
40 17
22 28
25 29
2
16
3

99 28
57
24
18
90
43
29
12
2
30
62
66
33
50
35
32
23
93
39
17
44
60
38
10
70
31
13
73
27
25
20 97
19 74
8 12
38 89
63 22
9 62
73 64
30 52
20 27
82 27
18 93
58 59
78 59
55 78
56 67
96 70
62 70
37 18
60 38
64 72
13 22
76 48
30 33
59 92
14 7
61
5
88
79
99
81
87
75
65
77
59
3
19
74
37
98
85
95
89
9
94
76
72
20
41
26
83
28
69
91
68
4
46
8
78
53
54
61
96
40
58
48
97
84
86
71
52
11
6
1
49
63
16
56
64
36
25
14
80
51
67
45

83 20
59
3
31
21
24
39
68
50
49
33
15
29
78
17
11
77
7
5
22
66
38
9 11
41 53
33 9
64 80
49 68
24 71
28 24
76 39
52 83
10 12
83 13
4 52
77 4
33 61
39 75
55 62
39 68
30 31
25 18
24 11
6 59
29 64
23 1
64 16
23 62
37 10
6 82
59 40
66 26
72 36
69 20
16 63
37 39
70 63
71 82
47 18
17 63
3 25
14
70
13
40
30
2
26
35
28
76
73
52
43
58
9

73 35
25
1
18
13
10
30
54
19
36
66
73
55
59
21
63
9
33
7
15
14
16
53
48
50
71
58
38
45
40
28
44
42
61
17
41
23
48 40
14 23
47 5
35 65
57 18
19 10
69 1
48 22
57 30
57 27
41 46
7 12
37 7
28 46
39 56
66 51
10 14
14 64
23 46
55 21
71 20
56 35
55 40
16
64
22
11
65
24
72
57
29
35
70
68
62
12
23
27
69

53 25
46
35
10
39
32
52
23
38
19
51
50
31
30
28
12
33
37
9
5
48
44
8
36
40
25
19
50 25
52 49
16 4
41 48
3 29
40 45
26 43
34 14
35 28
53 52
42 45
39 53
34 4
8 37
44 5
41 22
13 48
44 31
20 53
1
3

