5
31 10
17
1
27
25
31
16
28
2
10
5
10
12 22
10 19
9 20
4 9
30 8
16 30
26 1
23 24
25 12
19 16
5
15
7
21
4
9

40 19
35
34
36
6
25
17
3
10
28
20
27
8
13
2
14
23
12
26
1
12
29 32
29 1
37 28
27 7
30 9
3 38
9 6
29 3
36 25
37 9
40 25
12 34
14
38
32
16
5
40
4
9
15
7
22
33
29
37
24

55 14
2
38
9
30
10
37
40
45
24
20
28
17
29
4
19
35 12
50 23
47 16
8 5
44 43
18 14
53 14
34 32
28 17
33 41
13 33
6 44
40 8
4 48
30 12
54 1
45 48
54 40
13 54
22
19
54
36
1
23
35
48
26
6
22
21
33
55
49
50
15
14
53
5
13
41
18

94 32
9
33
59
74
53
71
30
45
94
24
43
60
5
46
1
17
42
83
36
32
47
48
34
52
68
66
80
61
8
91
75
72
39
74 10
31 76
48 23
9 73
84 50
9 34
76 46
45 64
70 58
51 32
92 1
17 61
59 87
28 34
27 56
29 45
3 38
60 63
28 39
78 10
47 82
93 85
45 48
80 69
45 9
20 64
54 36
66 61
93 20
51 65
20 23
5 75
40 70
50 89
20 40
12 74
31 7
14 70
54 93
13
88
6
81
41
16
69
79
39
10
86
70
50
76

46 19
11
27
40
41
39
42
46
32
31
45
5
29
3
21
37
1
28
7
43
13
15 1
7 10
2 15
7 9
15 19
24 12
14 6
9 24
9 33
14 19
19 44
28 20
39 41
22
19
12
16
6
2
25
20
10
22
38
9
18
26
17
44
36
8
34
13
23
30
24

