7
67 27
3
17
13
47
44
58
35
24
38
41
57
46
27
56
40
8
61
37
4
2
36
45
54
59
63
1
19
20
4 53
25 47
66 39
55 17
28 42
55 18
48 32
5 10
54 30
35 9
37 56
31 42
52 53
53 44
24 48
15 11
18 61
63 49
35 42
9 45
25
12
25
21
6
20
26
22
39
16
18
49
43
55
10
29
51
52
48
53
66
5
28
7
60
11

64 30
20
54
8
57
48
33
40
64
55
26
23
21
12
52
31
43
27
6
7
16
63
44
19
37
32
11
30
45
17
25
27
53 35
17 12
53 12
31 44
62 39
46 20
3 26
1 13
60 14
54 36
57 8
13 43
46 54
44 57
29 17
60 10
44 43
6 7
10 11
63 12
6 51
59 51
49 17
27 6
24 57
20 32
31 29
34
49
13
14
56
3
51
46
18
29
10
60
36
15
2
35
50
42
4
24
62
34
1
58
9
41
5
28
47
53
39
38
22
61
59

12 4
8
9
11
6
3
4 7
3 12
11 2
5
4
5
2
1
12

64 28
16
46
24
18
48
52
41
44
13
31
8
42
17
20
60
35
30
40
1
26
22
23
49
36
21
62
45
58
29
58 37
12 51
28 44
64 31
54 63
23 15
48 40
29 11
60 31
3 37
10 9
55 38
53 58
42 21
29 4
18 57
7 10
49 21
45 58
53 6
25 61
59 43
21 5
61 40
60 33
24 32
35 26
51 36
7 28
30
43
11
59
57
47
3
5
50
27
32
14
9
54
10
12
51
7
39
6
19
61
63
34
33
28
25
55
37
4
56

76 20
35
52
54
6
3
27
13
32
41
40
75
1
57
8
46
39
56
25
60
38
29
36 34
72 6
37 43
61 10
13 64
59 18
49 51
29 48
2 70
70 9
1 74
57 20
38 29
9 51
27 51
11 69
31 70
10 42
49 74
70 53
40 7
9 43
71 11
8 2
52 45
43 59
10 59
45 24
13 6
35
73
20
68
5
59
4
69
49
36
55
2
33
12
7
28
63
72
62
42
48
10
37
47
34
24
21
18
22
29
50
11
64
19
61
31

81 28
18
32
10
60
61
79
75
68
26
65
22
77
15
39
37
53
80
4
29
45
14
33
38
12
44
64
55
74
36
39 26
23 81
26 27
13 44
26 5
80 66
46 3
68 9
41 61
60 13
29 60
14 2
6 45
22 11
64 9
21 51
24 6
8 55
53 34
45 46
68 3
23 9
3 57
46 39
33 23
11 17
56 5
26 61
18 70
72 78
47 63
58 68
57 44
45 1
70 61
25 23
21
66
47
71
16
21
54
73
1
52
43
62
57
50
48
31
36
76
9
28
63
11

91 24
36
2
41
26
86
69
46
65
35
83
31
43
3
39
13
79
67
81
91
42
56
87
71
76
32
11 6
65 79
86 65
19 55
11 35
83 88
72 24
45 69
34 23
79 58
44 50
50 45
85 50
84 78
22 59
2 67
7 82
67 11
80 62
81 87
19 61
48 28
65 85
54 74
77 82
90 11
24 69
14 1
60 47
41 45
88 59
86 81
10
61
53
9
68
90
44
1
14
20
47

