9
50 24
25
11
20
17
31
24
21
23
3
33
40
9
50
36
35
41
42
4
48
18
16
49
12
38
19
32 37
25 14
9 18
6 48
6 31
21 41
34 41
35 46
47 29
26 6
43 4
7 16
39 42
35 31
26 18
41 23
3 13
46 9
1 37
0

23 11
7
9
10
11
18
20
12
17
19
23
22
6
22 3
15 20
5 11
19 13
10 6
17 7
3
6
14
21

20 8
20
10
7
16
4
14
13
11
6
2 20
5 12
4 12
16 7
6 3
11 5
12
17
5
2
8
19
6
15
3
12
1
18
9

81 25
69
79
44
21
57
62
10
33
61
54
59
32
66
5
74
52
73
3
20
77
50
49
26
22
78
28
63 23
62 49
59 52
9 31
15 50
52 14
25 13
72 59
54 32
63 36
5 36
76 66
75 43
77 80
24 4
29 14
26 71
12 27
73 4
71 56
44 63
45 80
81 43
2 10
76 39
50 76
80 31
6 25
37
19
15
37
56
72
4
34
27
12
80
63
70
39
81
9
65
16
53
58
38
76
68
55
75
28
42
67
1
24
7
31
29
17
2
11
47
46

89 40
34
55
84
45
79
56
28
63
22
82
77
20
51
52
7
46
64
18
1
40
29
86
27
36
43
58
83
76
8
33
15
10
4
38
80
17
12
75
69
2
31
79 10
73 55
67 78
4 69
4 23
12 18
8 45
81 37
46 12
68 15
84 70
60 82
41 77
71 44
45 40
43 73
61 3
46 20
50 71
17 25
80 83
48 24
5 74
23 34
4 18
82 23
14 43
28 72
13 9
34 75
76 73
10
53
72
87
85
42
67
47
13
44
81

97 28
82
10
91
11
44
27
52
72
17
60
65
3
69
50
39
2
33
97
90
54
37
6
78
40
96
22
38
55
25
79 12
41 48
95 39
79 56
77 61
62 16
56 24
65 53
36 81
43 70
67 28
9 6
31 55
78 87
83 5
59 73
92 97
78 44
75 45
58 83
23 66
83 70
89 44
45 38
3 46
67
31
79
75
18
12
57
32
42
58
14
47
71
9
80
13
30
94
21
77
43
85
48
24
83
74
8
36
62
51
20
84
28
34
29
53
73
63
25
15
41
93
89
61
26
23
46
19
1
16
5
64
81
68
92
7
45
87
35
66
49
59
70
56
88
76
4
86

41 11
39
17
33
19
23
4
40
38
32
6
16
15
4 36
14 12
20 39
39 26
10 3
6 26
18 8
38 32
32 15
8 25
2 25
19 16
25 10
24 16
28 1
4
12
7
37
15

94 44
90
55
62
22
50
4
84
70
34
25
87
82
68
56
45
94
24
7
60
73
74
76
75
61
3
53
14
23
12
9
71
89
42
86
8
40
27
26
19
83
29
66
88
13
42
77 3
43 74
71 45
25 31
93 91
44 16
61 53
2 58
11 1
62 48
89 62
93 83
64 13
21 86
77 91
34 37
38 4
68 60
29 11
78 56
57 53
24 12
72 78
62 52
6 43
72 91
41 18
41 58
58 39
5 75
34 5
53 70
83 86
54 79
33 14
91 3
60 21
41 17
19 50
72 48
88 53
84 79
5
63
43
79
31
47

88 42
60
87
77
85
83
59
9
69
47
7
64
1
6
33
51
63
36
25
16
27
17
86
70
40
26
19
76
84
8
56
45
78
49
62
80
3
35
72
34
12
38
68
30
59 25
32 23
34 46
36 51
86 72
6 13
73 57
84 31
34 6
28 50
74 37
11 25
28 56
2 16
79 66
1 72
77 44
67 43
5 79
8 62
12 46
79 72
61 74
37 45
27 2
18 25
7 23
16 61
55 53
86 12
25
61
24
54
30
2
53
15
65
22
71
10
23
73
21
39
79
88
52
67
55
50
46
43
18
13

