6
51 17
28
24
43
37
42
2
40
27
16
25
51
44
13
38
3
32
49
18
11 7
49 17
27 30
10 12
45 7
42 44
32 15
28 18
37 10
19 33
33 42
26 18
36 8
39 49
36 39
39 3
5 40
51 14
11
33
50
12
30
4
34
19
45
9
8
7

46 17
34
3
33
5
28
37
27
17
14
30
18
13
9
32
6
19
46
11
35 45
33 2
10 45
44 40
4 32
8 17
17 43
11 34
12 30
5 29
17 26
11
15
38
21
2
40
25
29
43
24
22
20

12 6
10
1
11
3
4
6
5
3 10
2 11
5 10
1 6
6 12
0

67 31
14
65
35
21
24
30
37
57
63
44
55
33
56
39
6
22
8
16
45
4
41
38
50
10
47
43
46
32
59
19
23
22
11 62
48 5
60 9
23 26
7 18
40 49
59 3
67 27
63 55
39 24
32 55
67 20
29 49
34 15
55 35
26 51
13 7
21 42
21 34
54 15
55 23
6 41
1
48

90 25
70
23
8
40
26
31
72
15
9
25
21
45
3
30
51
88
32
34
55
7
20
13
58
48
62
36
50 60
17 76
87 51
34 11
13 79
35 4
43 15
90 38
24 41
16 77
51 43
25 81
31 43
43 6
35 54
57 15
32 62
8 78
15 48
28 58
68 6
67 70
41 50
21 73
71 3
15 86
14 35
10 86
51 65
52 43
31 71
66 2
80 74
8 35
50 44
4 42
52
74
19
83
69
27
66
4
63
22
81
6
86
71
18
35
56
64
80
59
11
36
52
28
73
33
10
76
77
39
29
49
90
82
2
42
17
60
79
68
44
12
47
53
41
43
85
37
87
57
65
24
54

61 27
16
51
59
22
47
19
2
32
60
54
30
14
41
20
48
31
61
11
3
10
53
33
24
55
28
4
5
15
54 55
24 61
56 57
61 39
15 44
61 3
45 35
48 26
3 38
25 21
41 39
23 9
32 28
12 25
40 46
34
27
38
23
35
40
1
37
29
25
52
56
50
46
21
34
57
44
36
39
6
26
45
13
58
43
17
12
15
7
42
49
9
8
18

