10
38 16
23
4
32
34
13
2
27
6
29
30
24
12
15
10
28
11
16
18 4
2 12
3 31
16 17
6 18
6 26
3 1
3 22
24 29
10 4
2 5
18 29
32 9
18 2
30 3
30 29
5
33
14
18
16
36

19 6
4
2
12
3
14
6
9
11 8
13 5
8 9
10 11
5 11
7 15
10 2
5 14
7 16
4
5
16
13
17

78 35
53
38
68
78
29
75
46
2
47
4
1
27
7
43
63
55
37
11
35
72
61
22
58
25
8
62
13
9
65
69
66
70
52
32
31
25
24 61
46 18
44 49
59 32
76 20
4 65
7 22
8 51
3 26
54 5
50 25
26 56
54 11
2 19
19 10
49 53
26 4
30 39
58 36
45 40
64 32
28 12
60 66
41 52
8 58
21
54
59
45
10
18
24
41
60
21
12
34
71
6
67
15
51
17
19
42
16
5

80 36
9
53
72
65
51
23
52
28
63
80
47
38
35
68
71
61
22
34
67
3
19
5
49
30
66
76
77
33
79
73
45
14
8
75
57
21
33
53 62
36 53
14 48
10 30
3 42
1 33
65 34
24 19
55 68
53 54
18 30
43 44
36 55
2 59
25 26
37 21
50 20
20 45
74 65
57 7
39 55
35 54
71 78
50 19
76 71
20 67
8 35
37 18
45 12
67 45
25 32
63 79
65 33
31
16
32
24
31
4
2
15
29
54
62
20
26
10
64
74
6
7
48
44
42
36
43
40
50
59
27
55
58
69
60
25

93 37
46
49
28
33
10
23
48
47
35
19
72
26
29
7
34
85
71
84
44
15
37
52
50
18
75
38
70
16
64
4
93
81
69
2
24
9
12
31
74 57
32 5
23 92
69 67
83 34
87 69
52 14
84 41
77 62
58 35
78 5
90 22
81 47
17 19
57 50
69 27
39 23
9 18
37 78
93 88
30 7
5 58
74 82
11 60
49 67
63 17
42 21
90 43
60 76
79 88
13 23
23
83
43
8
27
36
79
87
54
25
73
63
51
90
89
62
32
66
82
13
5
11
67
76

47 19
40
44
6
35
13
46
26
11
17
4
14
24
39
5
28
23
47
18
19
19
12 31
6 27
29 43
6 36
16 23
15 37
30 47
10 5
4 7
3 25
2 44
46 26
27 1
12 17
15 4
32 38
26 19
27 31
43 4
26
37
21
34
32
38
8
7
20
42
43
15
22
27
31
9
36
33
2
45
10
25
3
12
41
29
1

13 4
7
9
10
3
3
3 1
7 9
3 11
4
6
11
12
4

82 35
22
4
77
79
37
76
26
17
74
7
52
41
57
82
65
1
60
58
16
28
46
35
6
72
12
21
75
59
61
48
62
51
53
39
50
28
2 18
59 78
21 45
43 71
65 6
13 29
45 79
14 26
6 11
34 74
53 3
51 22
34 67
76 59
76 79
11 69
14 4
25 22
81 67
31 10
60 24
21 54
51 34
38 66
77 21
58 8
65 54
42 67
18
19
73
31
30
68
2
15
47
36
38
43
24
56
71
25
49
70
34

28 12
28
6
8
24
23
7
3
25
9
15
13
11
13
27 1
21 23
27 2
7 17
21 28
20 8
9 28
9 27
14 8
27 26
22 16
21 13
18 8
11
10
1
17
22
14
16
18
27
4
21
20

42 17
6
32
21
11
27
16
35
13
20
33
38
34
5
15
24
22
26
21
42 1
3 27
18 33
33 28
29 23
22 30
22 1
42 21
3 18
32 37
4 30
2 26
8 26
38 8
32 6
5 11
21 5
10 5
35 12
29 37
37 3
11
1
3
17
39
42
9
36
37
10
25
29

