8
16 7
12
13
11
7
6
16
9
6
4 15
7 6
7 14
9 3
8 12
10 15
8
8
14
4
2
15
1
10
3

66 30
7
6
38
45
4
37
51
15
50
24
61
47
66
11
29
41
39
49
18
33
20
5
52
42
19
43
55
34
3
46
23
2 26
47 12
7 14
27 53
41 7
48 43
59 7
10 35
54 3
20 21
19 37
2 49
21 60
2 10
43 10
51 8
8 18
65 48
23 12
8 15
8 49
32 24
16 63
32
22
25
44
8
36
13
56
28
30
17
54
40
57
23
1
14
64
32
48
62
10
65
59
27
2
16
21
53
31
58
9
35

18 7
6
12
14
2
8
15
1
4
13 18
8 13
10 9
18 9
3
7
5
18

54 13
21
19
43
14
23
24
2
52
30
39
29
37
54
13
14 29
27 20
15 25
29 8
24 31
37 38
33 6
52 9
50 10
29 12
50 5
3 22
35 21
10
38
46
53
5
32
33
4
26
44
47

60 18
17
27
33
39
11
24
53
31
8
7
41
9
16
50
23
19
36
28
30
17 23
44 20
28 49
36 18
50 8
3 23
31 42
21 37
43 10
34 29
58 47
16 19
18 37
13 40
38 52
31 30
13 48
41 22
23 55
28 33
11 37
35 40
31 40
59 21
53 30
28 15
21 28
43 52
41 32
45 34
9
40
30
3
60
46
20
4
13
55

27 11
14
18
24
8
5
13
25
9
17
6
27
7
1 22
21 23
2 4
18 22
19 17
14 25
8 7
1
7

20 8
7
3
9
13
19
18
6
4
10
1 9
7 15
2 14
18 17
20 2
17 12
17 20
4 17
6 7
11 13
3
16
17
11

90 24
29
47
90
65
74
2
76
43
31
49
66
21
30
61
87
85
71
33
1
36
37
41
83
78
30
38 86
40 59
27 9
28 3
48 50
56 50
72 69
51 47
32 40
64 36
12 5
72 59
85 76
21 32
39 38
15 38
9 13
59 28
19 52
75 62
81 77
62 17
27 31
24 28
12 23
38 73
68 67
48 67
65 3
69 46
15
50
40
26
18
56
14
35
48
54
28
59
34
17
77
70

