8
41 13
23
12
15
39
35
1
21
14
10
5
3
37
16
15
29 16
19 30
36 32
5 31
31 4
6 8
27 10
40 9
37 7
18 10
38 17
16 38
5 3
16 15
39 3
25
26
24
27
38
8
18
19
36
22
4
17
7
2
31
20
9
41
6
32
11
40
34
13
28
30

69 29
36
29
33
42
62
46
9
12
48
64
3
61
59
58
14
2
38
4
34
35
67
45
1
53
69
31
6
52
15
31
21 26
66 63
22 9
8 53
17 28
55 50
47 18
31 29
50 13
47 39
24 63
12 36
25 20
17 54
32 15
6 46
33 48
60 36
36 35
4 49
3 63
47 38
21 58
69 16
30 60
47 45
26 2
60 64
26 42
38 36
36 19
28
27
68
11
65
10
44
40
8
57
32
28
13
25
18
54
22
5
17
43
51
63
60
56
16
50
20
21
39

53 13
29
40
14
11
21
34
1
16
41
42
46
20
39
17
34 12
22 5
16 17
25 45
49 12
31 27
23 13
27 2
38 53
29 26
12 10
18 48
20 34
45 34
40 18
53 46
10 29
25
27
37
18
30
13
7
12
50
19
26
48
23
52
51
36
5
8
38
31
6
32
9
10
2
3

25 9
25
19
8
2
15
9
1
18
10
6
23 10
2 24
21 4
18 1
4 14
5 24
6
4
3
23
24
6
16

79 34
50
6
74
25
49
15
58
45
34
70
40
17
55
46
71
68
20
44
19
51
63
12
60
33
48
62
26
3
38
65
24
52
28
9
34
11 71
73 74
44 49
49 26
54 53
22 78
46 38
63 66
1 31
62 72
59 73
43 73
4 50
10 54
7 58
54 66
26 35
37 57
73 21
10 50
30 8
26 15
19 76
37 18
53 8
28 35
64 36
34 73
78 9
35 48
13 23
47 4
37 40
78 10
12
66
77
13
30
10
36
59
7
69
57
35
75

51 14
31
33
16
49
2
46
30
26
18
41
11
13
22
14
21
24 36
2 11
25 18
14 31
41 35
26 5
15 43
5 30
19 10
30 51
47 32
15 23
38 20
42 48
15 42
29 26
17 20
24 40
19 44
38 7
14 9
18
7
12
42
15
6
28
8
51
50
25
35
45
37
43
20
38
10
1

32 10
26
23
31
27
19
28
3
29
12
30
9
21 29
21 13
3 25
22 12
13 17
29 8
30 32
3 1
2 19
8
11
16
24
15
25
1
9
18

50 13
42
15
35
39
21
25
49
19
31
46
11
43
4
13
27 1
10 41
47 12
47 20
20 27
34 19
19 25
40 28
12 48
24 1
6 33
50 10
9 2
36
34
12
18
20
23
38
10
36
7
30
47
28
8
48
26
37
22
1
27
9
14
44
24
6
45
17
16
13
32
40
41
33
29
50
2
3

