6
14 3
5
9
13
7
7 14
13 10
5 6
5 8
11 10
12 4
8 10
5
11
14
8
10
4

74 28
30
57
15
32
47
11
5
2
44
21
54
6
71
52
8
1
18
31
26
33
37
23
39
38
74
64
67
28
37
65 33
11 33
12 55
39 32
5 7
53 35
39 23
58 74
59 56
25 66
63 74
46 68
39 65
35 1
17 41
26 6
52 12
18 11
9 59
2 39
50 45
36 40
15 14
70 57
56 42
65 13
34 5
4 27
28 62
6 19
24 18
14 2
66 8
25 19
54 21
30 71
43 19
2
10
51

70 28
11
63
12
32
1
47
52
48
53
35
54
41
20
30
67
39
26
34
43
9
69
5
19
60
58
36
62
8
30
55 10
27 25
38 56
69 65
61 57
38 49
68 32
50 63
67 12
49 14
52 41
63 3
62 11
37 47
14 46
11 4
28 51
65 30
34 26
6 19
22 21
39 5
7 15
32 50
20 46
50 36
26 61
32 65
60 37
40 34
33
22
24
57
65
55
29
44
37
17
68
21
16
61
70
49
50
64
3
18
40
59
23
15
51
14
10
2
27
31
56
38
25
28

65 28
65
26
64
39
42
54
19
61
41
9
30
21
17
14
8
5
37
52
28
32
40
63
31
2
10
46
29
12
26
10 14
17 40
4 8
16 39
1 31
30 4
48 38
33 40
63 28
56 43
50 45
15 33
58 11
41 11
59 38
24 56
31 28
11 7
28 7
43 57
42 43
7 16
62 43
59 50
5 50
35 23
12
56
11
44
4
33
34
49
18
1
25
57
62

71 21
49
23
7
54
20
25
24
63
10
56
47
62
9
32
69
5
48
44
31
64
19
23
14 16
70 53
49 2
12 24
67 16
17 62
14 42
47 23
48 56
10 50
15 37
33 52
31 9
25 5
43 16
46 42
67 39
32 2
59 11
48 6
65 36
71 50
5 57
8
22
52
53
1
26
42
60
40

30 14
12
23
3
24
8
29
27
30
21
16
28
17
14
1
13
4 6
13 23
22 24
2 29
25 7
12 20
8 11
4 3
19 18
9 10
5 10
27 16
6 24
15
5
9
20
25
6
22
7
18
13
10
2
11
15
26
4

