10
45 21
15
42
6
45
17
34
4
30
3
44
20
43
39
2
22
23
29
16
33
9
36
16
38 19
28 40
23 19
5 19
25 24
39 18
6 24
45 33
15 36
16 35
19 42
18 37
16 45
40 43
39 40
43 39
0

28 12
17
1
18
6
10
9
27
11
3
21
25
24
10
27 19
8 9
17 11
27 14
3 15
24 25
26 25
10 21
1 17
25 2
4
15
19
12
28

36 16
5
3
12
11
10
30
16
25
18
1
15
36
35
34
21
24
14
24 26
26 1
34 9
35 31
35 14
10 6
24 7
32 1
26 18
15 36
28 4
33 2
18 24
8 10
13
6
33
29
23
8
9
4
32
20
26
31
28
22

84 25
1
69
82
11
12
40
81
17
53
55
65
63
4
62
6
80
35
47
8
52
9
23
13
54
5
35
22 67
20 57
22 25
71 24
68 42
71 79
37 55
68 23
36 49
65 57
63 49
38 52
59 12
35 79
24 41
34 75
32 82
53 35
28 84
41 54
82 3
23 18
58 72
42 83
47 57
17 75
51 81
74 35
12 70
81 1
57 56
66 52
83 13
18 58
27 65
23
18
34
83
56
33
70
38
16
76
2
57
36
42
21
72
14
71
75
45
37
30
49
78

65 29
60
38
1
19
44
45
50
41
11
3
18
35
23
32
6
22
47
36
12
9
8
25
28
13
57
7
53
49
15
23
50 55
53 18
45 34
29 11
35 53
35 63
18 7
41 43
54 42
48 13
52 11
28 43
59 25
55 43
24 11
28 64
37 38
20 58
48 58
51 20
30 48
63 4
2 3
6
64
65
10
46
24
26

91 30
23
71
39
22
48
4
31
26
84
57
55
19
91
3
41
83
53
28
30
85
36
44
78
37
72
25
79
68
18
76
34
56 1
9 13
1 47
29 86
88 71
76 80
87 13
61 7
40 70
37 53
82 40
29 52
57 23
41 63
15 83
47 79
47 80
11 81
53 11
62 17
31 43
64 39
36 14
14 22
64 63
86 50
75 59
25 87
9 68
75 17
1 36
59 7
57 53
91 76
40
69
50
90
43
61
81
73
6
9
65
66
59
63
46
88
89
35
56
2
24
7
64
17
10
38
13
86
16
67
77
15
45
82
21
42
52
40
51
12
49

18 5
8
7
1
15
5
9
7 2
6 3
12 11
9 2
9 17
10 18
14 18
2 8
10 17
0

96 30
29
35
63
96
28
23
69
70
83
94
85
54
64
68
15
39
13
65
57
92
56
33
52
95
21
80
18
77
2
9
25
41 2
15 18
94 79
55 77
74 11
16 37
81 74
9 92
53 78
77 93
22 60
9 40
55 4
24 96
66 2
29 40
18 13
92 14
68 95
19 50
42 44
67 61
39 78
52 23
64 47
19
55
59
26
76
53
91
10
50
93
48
49
7
11
14
61
16
81
5
73

62 25
1
61
39
37
47
3
8
50
27
57
2
53
33
5
12
34
46
18
43
13
25
16
38
52
21
26
15 36
15 56
36 41
2 25
48 7
33 5
29 12
33 35
48 2
10 16
4 45
51 54
15 44
61 49
32 33
39 4
36 7
13 44
39 46
19 50
1 11
35 23
9 58
8 44
13 36
8 52
23
55
56
31
9
4
30
24
15
44
14
26
62
51
32
45
40
58
54
59
22
7
48
10

11 2
7
3
4
4 11
9 3
5 3
11 1
9
10
6
1
5
8
4
2
11
9

