10
94 31
16
77
12
32
70
83
89
61
21
63
28
42
33
5
24
36
1
82
15
75
38
52
73
48
3
31
8
60
4
47
90
24
53 45
21 65
57 56
60 45
49 62
72 13
32 49
70 19
15 93
54 91
57 36
6 86
77 34
89 10
2 20
56 54
23 2
71 43
43 17
7 74
44 50
93 31
37 19
77 58
63
19
14
88
91
17
86
29
66
56
67
84
87
34
94
64
80
2
25
44
30
41
54
71
93
79
55
9
40
68
78
18
26
10
85
23
72
74
69
58
57
53
27
22
6
7
35
92
76
46
59
49
37
62
45
11
43
20
65
51
13
39
50
81

88 29
14
78
5
74
62
33
13
30
70
16
56
47
2
72
12
59
34
32
60
53
83
40
79
51
21
31
64
63
18
26
24 5
80 82
24 58
25 72
2 65
62 40
68 13
73 83
77 73
82 50
42 12
5 14
79 69
37 52
38 40
83 74
58 17
87 67
43 34
76 67
67 34
88 71
1 50
24 84
22 23
60 78
2
86
26

82 22
61
66
50
39
70
25
15
49
53
79
73
8
62
34
5
45
77
48
33
35
21
31
33
23 71
56 39
32 27
77 65
67 74
53 36
2 22
65 3
4 18
9 19
26 20
26 62
35 18
32 79
8 9
56 67
21 67
58 55
53 5
71 16
27 48
18 6
54 81
47 34
50 18
4 19
81 69
61 24
74 78
28 55
17 75
14 36
36 42
13
4
27
3
22
60
1
38
75
51
9
26
58
57

55 14
15
49
42
22
55
18
38
52
20
17
3
19
48
21
19
19 13
44 15
1 5
4 25
38 36
29 31
45 32
51 42
49 50
11 49
44 4
31 21
12 29
53 21
37 29
41 26
31 48
51 30
24 35
32
35
36
24
25
27
23
16
10
9
34
4
53
39
30
1
32
47
2
28
29
14
6
7
46
43
31
54
37
8
5
51
41

61 22
7
22
28
61
49
29
33
53
27
36
55
8
31
20
30
17
15
54
14
4
45
52
27
34 43
38 15
35 19
5 8
36 1
27 14
7 28
38 23
40 41
9 11
8 49
17 3
43 42
6 10
44 60
1 4
55 33
18 38
56 59
48 31
21 59
4 29
7 33
49 27
32 48
18 45
23 48
5
12
32
51
59
37

32 8
31
28
13
17
5
24
23
7
16
26 2
7 18
5 8
10 26
16 29
16 12
25 5
3 32
5 12
1 6
31 15
21 32
22 24
4 2
19 3
20 28
0

63 16
32
9
48
41
16
4
40
37
51
7
14
28
19
59
30
22
21
40 12
43 38
24 38
57 24
21 47
50 42
60 32
33 12
24 42
63 47
15 12
47 48
45 28
12 45
41 20
19 48
34 10
25 56
2 61
46 27
34 46
45
45
6
55
49
15
5
33
26
25
18
53
61
10
36
56
11
62
42
44
2
20
39
35
12
29
52
8
38
50
54
23
27
1
31
3
43
60
47
21
58
13
17
63
46
34

97 48
60
35
10
64
23
63
15
16
84
13
21
4
81
40
77
28
79
41
7
43
67
54
5
36
32
97
88
90
29
47
33
89
75
22
42
8
45
59
3
46
27
72
76
51
96
55
39
58
35
51 58
43 69
19 45
46 63
60 43
71 60
39 64
22 15
78 44
74 59
22 88
25 49
29 44
47 85
64 58
61 81
51 97
32 30
39 36
7 34
70 94
42 79
72 68
48 57
67 1
66 29
55 3
67 88
72 30
61 1
47 89
15 50
9 55
86 85
44 46
48
94
87
1
93
95
92
49
50
6
19
62
11
25
38
44
68
31
53
61
9
73
86
20
74
2
24
82
78
26
48
83
80
37
85
18
70
34
12
91
69
17
57
56
30
52
66
65
14

63 15
56
62
55
26
15
40
36
43
42
47
60
45
34
54
22
31
25 38
49 10
38 48
44 54
34 44
18 58
17 26
11 5
35 48
36 14
34 63
11 1
38 11
55 19
2 57
40 43
62 7
6 31
9 48
9 31
26 35
51 52
41 48
8 40
35 20
56 51
1 31
17 53
51 2
8 54
16 9
42
21
12
18
35
11
27
10
24
5
58
30
46
61
53
16
32
33
49
41
8
52
17
2
9
50
63
37
39
20
44
13
3
23
4
51
57
6
38
19
25
14
48

23 10
10
16
18
19
6
13
23
4
11
22
6
2 4
14 9
4 8
20 13
3 5
9 4
7
17
20
21
2
5
9
1

