9
47 17
46
47
21
29
4
10
8
41
12
22
35
20
44
7
3
17
36
21
3 5
35 40
28 23
29 7
15 18
25 40
32 18
1 33
41 13
10 4
32 21
2 22
28 11
15 5
14 39
47 24
17 2
39 43
45 31
13 36
14 9
29
2
26
40
19
42
15
28
18
25
5
45
14
34
38
30
9
24
37
1
43
16
39
32
13
27
33
31
6
11

30 8
1
2
7
16
29
17
3
12
15
5 21
14 28
14 19
7 21
22 16
29 13
3 23
24 19
20 23
27 10
19 8
4 25
29 26
18 6
10 6
21
27
8
10
18
24
14
28
23
22
6
5
15
13
4
26
21
11
30
25
19
20

73 18
36
13
56
67
40
52
33
16
65
57
39
63
21
70
17
6
28
43
31
53 18
70 2
10 60
11 8
67 64
34 16
42 33
48 25
44 61
41 21
45 43
7 48
15 70
46 19
56 6
62 45
26 6
3 58
41 54
51 16
12 73
41 62
38 3
5 37
45 49
70 61
67 20
23 68
59 28
21 46
18 25
10
10
8
46
66
1
7
9
25
53
62

49 21
16
18
21
17
28
39
40
8
22
23
20
10
15
2
7
11
47
25
32
26
42
16
37 4
45 4
15 37
48 12
23 49
30 2
11 4
32 43
20 17
41 1
21 16
30 39
5 45
13 17
3 44
5 26
20
12
44
29
4
49
30
3
48
5
27
6
31
13
9
37
14
36
34
24
41

63 23
8
38
24
52
46
41
47
30
62
17
35
11
25
27
12
29
14
57
42
45
6
4
2
30
15 25
8 12
45 51
47 49
24 55
55 46
44 60
37 58
19 43
61 24
28 20
20 23
8 27
29 60
48 33
23 29
22 34
53 22
6 55
12 9
43 25
46 12
35 23
8 58
13 1
57 3
41 26
51 32
32 34
18 44
13
32
51
39
36
10
37
15
13
26
54
20
31
58

59 23
14
24
26
32
23
51
12
25
31
52
54
4
40
49
30
19
48
36
33
27
42
8
39
15
11 17
39 58
17 25
27 17
3 23
42 34
4 46
31 51
6 15
40 48
51 16
18 11
44 40
43 42
38 20
10
21
57
10
16
15
22
9
45
6
53

25 9
5
8
1
3
19
20
4
23
2
7
22 7
2 23
8 17
25 14
13 5
2 9
18 11
8
22
16
14
9
13
24
10
11

83 24
77
5
43
21
22
56
64
53
67
73
19
50
74
82
46
37
54
13
57
27
9
4
60
76
40
46 38
2 58
68 37
18 29
39 56
54 20
83 28
81 2
38 6
51 26
56 70
80 78
7 32
13 28
12 33
43 77
43 31
6 30
8 36
22 28
29 30
51 49
26 79
80 30
18 45
68 24
72 71
19 58
26 3
34 51
76 80
10 11
51 82
20 71
43 28
20 29
15 31
47 39
82 81
4 11
1
55

26 10
3
19
8
25
11
23
20
2
5
9
7
20 24
12 8
23 21
2 25
7 25
11 2
11 24
14
14
21
22
7
26
13
18
24
16
17
4
10
12
1

