6
65 29
4
41
55
22
7
40
18
44
16
28
19
12
1
35
37
64
5
15
11
21
60
23
49
50
52
13
9
36
25
19
11 25
23 2
26 53
25 17
58 15
42 63
50 20
58 54
59 47
20 10
35 56
8 43
49 63
12 34
41 56
65 49
59 56
23 62
9 2
0

53 26
2
47
27
18
13
9
35
42
41
30
3
8
53
12
50
48
20
14
34
38
36
31
10
44
33
32
24
38 47
22 4
30 42
29 27
43 22
12 15
29 28
34 36
20 17
7 53
15 34
12 3
44 8
37 12
43 35
42 15
13 49
4 18
50 20
14 50
23 5
14 26
11 26
32 30
18
37
51
1
46
16
15
5
52
43
11
17
4
26
29
21
19
45
39

71 29
36
55
35
47
11
17
49
21
30
15
1
44
42
18
13
10
38
43
56
67
29
9
4
63
69
28
12
20
25
19
64 62
32 51
34 7
15 63
44 15
6 51
52 18
37 47
17 23
43 6
31 30
69 55
14 24
7 18
71 61
13 21
23 47
57 37
35 55
42
22
54
14
5
3
24
46
16
70
71
53
33
51
6
41
8
57
45
34
50
64
37
23
32
2
61
65
60
59
62
7
48
58
40
66
26
68
31
19
39
52
27

57 17
41
29
22
55
6
51
53
37
24
2
23
47
45
50
4
43
35
15
3 40
9 10
40 21
24 11
51 48
35 5
31 27
57 42
47 5
26 9
27 20
22 52
16 3
43 56
40 25
12
34
1
36
27
16
54
21
17
39
25
14
11

62 17
40
15
20
28
50
51
23
4
43
18
38
45
41
37
62
27
7
24
30 44
6 62
37 38
45 40
29 23
36 20
53 19
29 54
58 60
52 37
49 25
12 10
19 32
60 52
29 58
47 21
11 57
48 59
35 36
21 37
19 47
61 44
54 21
15 58
3
53
35
60

23 6
7
18
13
20
5
6
11
19 12
14 20
19 11
6 7
11 13
14 16
1 13
18 8
19 9
13 22
21 8
5
21
23
15
4
1

