7
75 29
9
29
2
54
45
73
36
25
17
50
14
52
44
27
69
38
31
26
33
13
39
49
4
16
55
68
6
28
1
25
75 50
16 20
50 62
41 62
21 10
22 3
16 37
63 56
62 40
22 58
52 59
10 15
29 24
44 10
2 75
9 7
70 12
38 50
64 33
40 45
26 23
7 21
48 19
9 51
12 29
20
40
66
51
60
56
3
58
47
32
7
5
71
46
43
37
23
62
35
24
75

83 39
63
78
81
47
37
26
59
60
13
6
38
45
73
44
55
39
25
42
80
18
74
56
5
11
72
51
50
70
43
3
19
31
46
32
20
36
15
76
7
33
67 8
38 68
68 62
53 70
62 69
4 40
38 62
72 3
35 41
77 45
83 7
55 32
9 25
65 43
53 65
27 76
23 2
47 46
67 15
2 8
24 43
39 82
11 22
1 79
77 65
50 7
72 56
56 32
67 74
71 74
55 47
41 82
32 13
23
83
16
68
67
53
49
62
22
61
79
8
10
40
1
64
27
33
28
12
35
71
54
82

85 32
85
29
39
74
56
69
51
18
81
26
59
23
15
19
34
64
47
10
22
83
61
41
37
1
4
27
52
6
46
57
13
58
30
64 27
22 39
59 40
24 44
11 74
63 1
21 4
70 81
56 13
38 31
77 56
18 9
13 50
6 49
54 48
40 7
5 11
68 52
70 47
36 45
74 65
78 51
83 74
9 83
16 47
55 53
12 9
50 70
42 75
44 4
50
45
50
38
33
36
49
42
71
60
9
21
73
25
3
24
20
79
66
5
77
11
76
72
68
32
14
53
40
2
65
17
28
78
70
44
75
12
35
8
31
67
63
55
80
16
48
54
7
82
30

32 10
27
14
8
2
17
4
10
16
20
3
15
4 28
26 6
6 29
30 24
10 17
9 7
29 21
24 25
27 24
7 23
11 23
27 21
11 6
13 9
20 5
18
31
21
18
28
32
26
15
6
29
5
11
7
24
13
25
9
22
1

24 6
23
14
10
11
17
3
6
8 22
8 14
16 18
13 11
10 15
8 18
0

99 41
88
1
70
73
80
49
34
87
43
38
9
7
78
95
79
76
89
12
2
15
84
31
40
65
74
91
4
83
19
97
16
22
36
81
35
63
17
13
94
53
92
33
42 25
25 46
50 67
18 61
24 55
60 5
39 15
62 76
50 3
89 52
33 74
17 48
45 25
63 9
25 80
60 7
24 87
85 55
30 49
21 26
7 29
92 18
52 27
74 18
67 57
31 79
2 85
34 15
69 49
24 57
88 95
7 39
84 99
7
98
52
33
3
28
45
66

86 23
28
80
41
83
64
35
16
7
38
62
67
51
39
33
22
49
47
84
13
85
17
37
6
40
34 15
43 14
29 68
37 77
38 31
75 6
32 42
25 83
65 74
45 66
78 22
37 76
14 53
47 52
78 5
26 14
12 67
54 36
49 21
42 65
85 79
44 37
12 34
29 79
74 75
75 39
2 84
60 86
1 17
20 75
48 51
7 33
19 56
1 6
85 26
60 49
58 22
6 63
34 2
3 64
5
29
86
18
44
31

