6
77 35
70
63
38
66
42
72
69
48
12
19
30
2
37
23
57
11
16
39
3
49
33
6
68
46
9
60
10
44
21
31
13
4
25
41
32
29
12 34
56 37
23 73
74 6
13 16
45 2
28 15
12 53
59 22
77 39
36 34
1 3
46 54
11 15
66 30
27 28
17 42
16 57
51 68
16 48
42 23
54 12
66 49
67 18
50 44
24 56
72 30
66 19
27 3
33
75
77
67
1
64
34
58
65
52
24
43
40
29
36
59
14
71
53
74
62
26
28
5
20
61
54
22
8
35
55
56
17
15

31 7
22
5
11
2
31
15
19
11
22 30
16 9
9 11
25 22
28 24
23 19
14 4
10 8
21 28
22 11
31 28
16
17
4
24
26
9
8
30
28
29
3
1
20
6
27
18
10

65 30
59
38
9
57
35
33
30
31
27
61
32
25
2
29
7
34
19
28
58
60
17
47
5
23
11
24
43
65
15
21
23
57 8
61 55
26 34
57 27
62 18
1 18
56 15
7 64
6 56
14 35
29 62
53 55
43 21
51 21
9 47
13 8
46 56
57 64
9 21
59 15
60 63
16 32
48 15
30
8
37
22
63
39
14
41
18
12
44
36
55
6
26
46
50
16
56
64
4
54
13
48
1
42
40
51
49
62
53

96 36
61
5
15
82
85
8
12
11
90
68
9
14
22
86
94
24
59
50
32
65
87
47
72
36
44
2
62
89
26
38
3
35
10
75
91
88
37
48 77
56 22
14 32
29 31
71 55
48 89
14 13
11 79
12 20
82 14
70 82
68 6
44 42
38 53
16 95
38 48
78 6
85 95
35 68
79 25
79 48
23 74
69 49
59 82
12 50
79 75
40 27
56 77
52 61
74 64
93 27
31 75
25 63
7 13
61 63
6 3
86 46
4
55
18
80
58

15 5
1
13
5
10
3
5
9 6
6 7
3 6
15 7
15 5
7
9
6
7
8
15
12
2

45 19
28
19
9
11
45
24
22
13
25
40
36
23
21
29
34
4
31
37
1
20
31 24
5 39
20 21
11 25
45 3
10 40
29 40
23 27
45 12
43 15
17 3
17 1
1 37
7 43
20 26
22 9
10 11
16 41
37 18
15 9
7
17
16
43
2
7
42
18

