6
93 31
41
88
58
64
93
59
30
27
15
68
46
19
12
87
69
80
71
52
39
72
21
55
34
42
35
8
51
66
10
32
90
32
78 48
12 77
15 64
41 45
49 32
90 80
49 51
37 91
15 32
87 34
11 35
48 27
47 70
86 83
27 34
17 84
85 75
88 69
63 72
11 32
60 24
22 21
13 82
13 64
79 93
25 27
66 26
21 55
18 89
15 12
41 83
44 92
33
23
22
85
31
89
43
53
65
47
40
11
25
37
70
74
45
3
50
18
61
6
77
56
1
5
57
14
44
91
26
83
17
13

19 6
18
19
1
16
10
13
9
19 18
2 6
17 5
3 14
12 19
5 6
14 8
15 9
3 10
3
14
5
12

89 40
16
45
34
59
79
86
32
76
62
24
46
49
67
7
85
66
87
1
36
40
84
17
71
28
43
80
13
38
52
2
12
27
77
48
18
33
15
50
31
64
32
40 63
61 74
56 55
34 10
35 50
76 20
34 51
10 50
40 70
36 81
36 5
80 73
9 83
88 11
11 12
20 66
83 1
59 65
82 55
19 88
63 56
55 89
28 86
40 76
31 80
16 1
49 34
38 65
74 9
67 38
84 75
56 5
23
8
88
42
21
70
74
30
26
56
55
10
25
20
53
51
89
11
9
39
63
73
61
83

27 11
7
3
2
11
16
5
20
18
23
17
6
12
21 5
10 1
18 16
5 13
23 5
22 1
3 17
19 25
14 23
16 8
4 16
10 20
5
21
24
10
9
8

83 37
69
17
31
77
62
29
26
12
16
4
22
68
28
81
42
53
19
13
5
43
44
1
66
52
27
38
23
46
50
63
65
14
18
3
76
83
54
39
42 77
10 55
58 2
46 9
32 50
80 50
77 61
1 40
62 52
12 38
11 49
55 44
8 73
43 72
43 25
82 58
72 52
40 50
13 7
33 4
78 46
1 35
36 67
10 28
62 68
62 5
66 77
79 81
69 16
68 32
3 30
30 8
33 48
9 11
72 35
66 5
14 59
2 13
33 12
15
39
32
41
47
73
40
61
15
60
25
6
58
37
2
20

88 39
80
37
60
18
11
39
67
63
21
61
72
42
7
31
27
77
59
78
16
22
85
82
12
34
47
48
43
87
8
13
65
40
70
84
41
71
56
53
68
37
23 74
26 80
42 13
24 25
28 36
68 20
47 33
34 79
77 12
50 8
88 9
5 24
21 12
36 26
74 13
70 37
64 41
24 80
19 80
41 15
23 64
34 10
70 41
71 69
82 76
54 7
63 8
31 71
33 52
24 84
21 63
1 14
10 63
9 18
72 66
68 76
63 44
8
51
38
19
73
28
64
14
33

