90
7542 17436 15604 86203781
95906 10728 987 315211229
61005 18822 8335 189866561
86309 8075 7767 581220286
16686 19723 7620 249671389
6347 19980 2090 17182916
81128 15615 5115 230309142
82878 10409 10311 583554072
84463 4007 825 275866922
47704 862 428 29935942
7133 5805 3648 2010515
18069 4130 2820 55334440
86986 17256 8985 1074373482
10850 3916 677 38643075
39184 5277 1905 82591793
33222 17195 11295 298028952
62676 13300 7875 116371293
53115 5496 74 266940897
13197 88 58 823795
75133 4401 531 210783520
14954 10920 7680 3799064
12247 6550 5790 77761534
4267 12134 7701 47228757
73017 2096 636 37542456
24701 17752 15224 383058043
45011 1699 1344 39318981
29062 10529 6566 305994469
73792 3574 2534 51728059
45771 8348 8155 188031159
43898 3477 998 124315267
2650 5410 3618 9642997
47966 17416 1883 123466852
83625 18392 17375 1518836828
59643 6205 5480 310913957
75405 5304 3239 310238759
10856 5008 3098 35917410
25143 1955 213 12807673
9368 7595 3768 54763979
86599 1605 327 113322758
73960 19057 16914 367486051
91508 12699 10664 767221496
47589 6540 2838 288294035
24285 11008 2596 111823614
74702 4360 309 170439555
12811 8146 4989 99113497
2452 7773 923 19059723
15864 5409 5103 32111929
44832 8592 2755 180310484
52588 5180 2961 208217503
1404 9843 8429 4693050
12366 7946 698 66266198
2706 17943 1566 47284872
29385 7037 6143 173635309
25091 2097 1486 5989607
31198 2226 401 27128937
86682 12739 11066 635638432
51418 8319 4346 262922415
92311 14590 11811 601546824
91410 7024 6461 219100405
73634 11175 9688 455465471
78418 18625 7016 1460535738
96364 7362 662 320046032
59854 14798 11135 656162838
3719 14171 14087 44374988
60693 9686 3706 207364697
12776 15145 14856 97621720
69788 5183 1382 346731506
24878 15451 4093 232271321
23697 6555 382 35491531
32910 19319 16535 213248908
45461 4013 3119 71118001
84112 9042 5166 538694223
71216 16976 1480 802095963
24823 16047 12563 398335280
50302 15941 14377 594175186
84403 15742 1970 239399821
3554 14454 3068 13762394
42710 9346 1054 399168497
73774 6695 1372 25114080
61971 17370 10467 452006326
18014 18590 10216 86675282
21775 13947 5495 253551888
93775 9501 6742 766483692
87380 6440 1230 166508573
1605 5630 4822 6078522
74109 12598 795 690920687
44527 8440 4351 207525629
23411 19991 18813 58448173
12573 10988 4841 33098305
27954 9775 4429 215220693
