82
42361 6697 550 225194603
19533 4740 4460 72113721
98764 19582 11663 1874052429
8193 13670 7190 67592684
40091 2359 543 22616920
24099 12190 3582 248054356
68629 3069 1416 61664390
23447 204 168 1494199
48471 2386 2199 21363115
35578 12658 8645 23875246
10081 1546 1102 3525817
90096 7127 1768 396319372
93092 6182 4115 41443290
49296 6927 1 260030194
11775 1599 231 18210696
84482 452 352 38186831
60653 10688 1352 250576236
65777 9278 9005 310446463
81799 8344 7015 376145833
4465 10672 7079 4790238
94272 17973 8697 1567209690
32996 1614 562 43426709
47688 3746 3505 87229542
2174 17322 10772 18677740
31599 106 1 1478692
41206 1879 1733 23653144
90864 3673 3573 203450391
63585 10491 6914 614063598
50239 15056 9707 310955329
99116 14539 5273 1441047614
26812 8496 2327 10721755
86349 18665 1498 231128273
95926 3348 812 65798770
6852 16667 15324 3301956
22081 10249 5019 204417128
2428 16910 841 20960745
82414 14351 5203 227832123
10861 12702 7852 107695456
93436 8846 5447 66974546
74557 19047 15921 196855463
96961 18258 3982 1647272811
55856 13388 9630 23283918
88524 382 48 21869867
53901 7829 4682 114614811
80756 10803 2873 308101388
54010 14 3 469353
30115 4336 25 42880762
11250 9643 2526 16480926
42245 12735 10970 257066465
3960 9631 650 24079190
22628 11714 389 76967985
60605 5184 332 177342886
17621 2000 847 18422405
11577 12286 10978 136025744
60631 5875 4914 286856603
14976 2862 2760 37634284
38270 19269 14575 614357477
81127 18169 17698 1371845726
10084 2573 1446 23738396
36191 12348 87 7260662
30195 9940 6269 200181031
41152 8093 276 195836540
21411 4431 659 20828167
79994 8959 42 636104588
68803 2136 340 62384863
32110 1360 1101 28720942
57178 8970 2497 474896600
29848 10715 3339 122669461
89183 4082 662 178642496
83777 12281 704 712589243
50230 15502 10924 732469554
32205 16556 2716 472065227
79871 15392 8654 455819410
336 10348 3456 1665689
86347 18326 13056 1570861516
69916 3419 930 232187143
42655 8910 6367 299285101
81733 3872 277 204548366
4039 12625 2489 293626
57734 14687 4947 491084282
65355 19681 12904 506524238
51258 2469 713 125048194
