94
60041 348 178 9432913
6522 19134 8258 111839774
33496 580 74 5180057
58443 3692 2138 38557708
30262 16990 8637 32240798
66249 4515 3088 199688944
91514 14052 4482 91207266
34903 9967 6978 118129010
22853 16858 8058 217472751
72709 2748 814 120113735
65243 3815 3210 78074351
15420 9807 1559 3928434
82156 6376 356 210942257
85856 14318 444 157080155
30963 14065 10800 127226681
12328 15870 9022 74661435
97927 5129 4426 367486491
93022 317 201 29488755
31993 19269 3749 356013030
29014 11259 10359 206774116
76105 418 160 21939718
31817 3461 1762 99833440
89324 17919 11071 1320700944
77505 1779 1710 81978327
32143 1226 670 36816374
21624 15328 5675 50291227
18575 16769 9077 118937700
44982 9793 616 48861522
26003 7409 4862 91024604
80043 548 535 5594744
7860 14882 345 85394341
14866 8443 5915 114474077
18983 6546 6085 10908485
43321 6518 6253 231884383
42904 16078 4778 657903396
72753 19196 4671 86173800
42531 15046 1206 201837342
46143 17249 15208 601439729
95320 8024 2906 297379082
9266 10835 2011 17541689
50738 19666 535 363577002
35574 4670 940 68049836
73362 13630 5028 561091157
93093 3423 3351 255225088
60032 11958 424 717863016
68007 3384 1935 2908053
21291 12284 10937 149465628
82170 5562 3106 174602935
44921 18120 17967 108759824
88174 7422 821 482639672
57594 7040 5434 120492468
6602 19902 2655 18876923
34925 17202 11422 36616817
57864 36 33 1308151
3633 3869 1902 3687717
36116 18112 15418 45868507
47480 17023 6524 385812856
70203 5099 3981 345841560
64396 15215 12889 256773730
66842 14166 6494 234132189
71266 3374 2948 140897361
58808 11400 4764 171162940
83595 18980 3833 290730533
89466 4163 1047 101314403
34351 12000 3256 320308165
55825 2166 1343 9638840
86450 19344 19077 1359204262
34896 2696 1593 10919612
97173 14764 1554 390875572
58463 5980 3883 75136601
24826 3962 3327 68535900
83377 13596 7567 909190518
4059 1139 1123 4482852
41429 5067 4866 47933307
14630 11656 8271 20583101
53473 2151 1153 89360001
35552 7991 6780 18933748
81991 10349 4101 176565326
86756 17707 12905 1457355821
54052 1929 930 83685896
49411 19981 11998 987281864
16156 5042 2683 10506278
71548 1341 53 85794511
6509 19350 15584 64602321
21649 6164 2196 94194506
23392 16052 163 285497769
42551 3475 2126 8730193
19057 19849 13071 103444277
15722 1894 525 3459124
67549 3020 1822 155996908
63061 17661 9409 610551416
22560 17918 3758 101711780
92727 18737 8239 933823538
39778 9798 6977 53143413
