34
15862 15498 6879 221819848
68431 12529 7509 81029341
92240 7593 342 176598122
36896 10033 9721 110975688
90823 18949 15702 1074003621
76071 7625 256 229455380
52322 16937 14948 858058119
10616 15626 5678 130600908
83787 15156 505 266327583
95315 729 224 5653118
14235 7968 7145 61333688
4943 2572 1530 4306433
67392 7689 2059 91196083
5905 19379 18598 114433538
72334 4765 1325 275838469
88031 16455 9511 649166913
14655 5808 541 78588835
27655 16564 13928 26626266
44071 6569 3316 213155307
28798 587 471 16764588
65649 13304 11396 439511371
16835 15772 3009 113011846
40839 10009 239 368704925
36960 6952 1059 145693510
84980 6641 5184 261054603
47540 12442 7366 320598224
78784 12021 4409 569632716
19201 17340 8611 215861840
77016 14775 2963 108495759
65948 14096 12386 17072589
672 8340 2537 78738
41943 12765 3355 99721408
44675 406 355 3230112
57574 7000 1001 210327506
