21
31086 14784 2898 450549464
50107 10938 4151 242525206
83207 16117 9787 831342208
32315 13496 12668 39080857
26539 11246 11150 83864969
99157 18532 14531 1499164913
72403 18027 14404 391304810
22037 16254 8680 265472646
27191 7683 1565 11795176
37574 2517 549 94003466
68811 2934 458 36623151
1914 5313 2766 6488761
23628 5454 3266 10891928
19564 14553 9079 238765370
65560 17570 8024 131474952
5985 18854 11340 60288979
55234 1331 138 24698285
9092 8647 3827 23207635
26668 12145 660 153966635
14172 17670 4294 152790383
67569 14128 6727 542898188
