75
68592 3241 554 222306756
29154 12765 7353 281573714
57417 13359 7389 486285381
30611 10348 6945 255333398
97952 12605 3105 664149119
38977 1497 1464 52800338
5916 8362 3914 28980239
8632 5431 2308 29867637
92915 1962 258 98735439
40905 13570 5586 420790650
46241 18807 12403 69902441
77622 4571 3110 221073391
15552 13599 9545 24174261
8932 8063 7669 50502656
51849 16558 11754 732167201
17521 7042 1336 98170833
62097 10981 10156 256595945
81156 18713 13103 1410423360
91605 19853 2402 1818634148
53084 9723 6074 338285766
21047 11592 9155 60331103
78599 2062 1476 86904512
6509 6748 4418 5079709
6829 7631 4824 48919298
21811 3542 1194 49530437
96987 3510 1133 271489996
18795 6785 4324 30093854
99660 19233 3569 1429693884
13771 13421 11175 159713389
17180 3665 3518 4826354
37511 18741 1148 621082053
54748 3070 290 9736257
61672 18953 2934 965039249
83142 12729 8723 458259385
43649 13305 12049 91374543
92077 16263 12902 1497449227
86352 5316 1171 160151475
621 2012 183 719242
59829 18531 5547 208127431
21577 11824 9029 167131052
99455 19058 5908 565893120
90482 13734 1108 411874455
50898 14069 2695 137375909
26850 4253 380 36020672
88042 12848 8554 996754694
45035 6267 3565 44478502
43797 10880 818 223776897
27187 3871 885 89812342
28755 2027 1578 3886885
95605 13854 12941 477692564
39946 4854 746 107287585
62366 8819 3148 34040695
10418 2761 2454 15184436
88785 17143 2945 370351121
40441 1636 775 59149224
29559 9144 3104 270287997
51734 2165 1133 57506976
8793 14035 4990 87177772
69749 19909 2937 562581070
24678 2222 37 51557624
29056 16615 9789 316366692
14328 13535 4846 24231412
28944 11937 9897 74402084
24859 13812 3823 236496444
46386 3374 836 130286147
77704 17492 5678 1097418040
10471 13860 1495 106959721
76606 16976 7876 1109424133
26315 6973 5869 134263904
21250 10686 10066 11640223
54022 18266 13874 773330264
94535 15677 3803 457298678
70842 10583 2325 749721742
87856 10900 9986 497991844
19375 8596 7171 93272428
