62
84249 6119 5160 450937142
27407 855 720 13487941
19467 3588 117 52155691
99505 15678 11322 788882480
46059 17643 827 484523298
19051 9779 7788 92995244
66862 19960 4048 814720474
39806 491 321 8652124
88742 6305 1654 64525005
24179 1645 883 29913057
35332 1369 711 104835
48256 13357 6207 38002659
58678 14176 7612 831820319
33419 1120 353 5790383
42647 13195 1033 375433060
47545 5257 5033 101584634
99322 13326 11335 307833366
2593 11305 10129 2870162
36200 2837 1869 88789054
3564 6882 2297 15402570
74732 6854 40 92027834
72772 862 814 39906379
6319 8736 1900 9082268
42917 12252 4324 107816186
48849 13245 10646 278967718
41310 5577 1496 45847844
10832 16348 5020 132291416
52126 17718 9237 219395656
70056 18809 8629 321310509
97824 3402 2293 196055718
23960 16945 3208 27232499
62811 14451 7044 538583306
96600 7394 6312 564935297
73526 2562 1821 23348820
40524 644 405 968384
55916 19658 19588 598635954
69819 8548 2259 163796442
76789 4049 1783 246460359
83139 6160 717 373688129
95350 17796 16007 403386560
34757 3448 3022 78724114
24883 6270 6213 11720788
26148 19549 1331 511167604
27977 644 5 1830328
63087 8945 8925 235508425
45068 17581 4362 292296139
64127 17798 6009 547617415
79958 10928 2730 597570243
60712 17074 14395 555877934
42557 16330 3186 542505074
77095 4383 2549 205071400
27507 7928 6844 86071204
43693 6471 5958 65764537
59251 4069 1759 8132130
29101 2560 947 71795076
57241 12963 5423 503627227
97558 1401 1371 1491320
59528 11536 1390 348341761
82771 14154 2281 975909231
91975 15867 3781 1127822350
7841 6029 2109 4260301
85054 14938 6392 1270537392
