78
48151 347 125 13379197
23040 17161 4779 5494986
32424 4400 3144 49781845
38301 6330 5827 38542665
11437 7222 3993 28618156
10731 3788 3052 16420328
13686 10063 3467 42826266
61163 7790 6337 16470694
80404 11969 3383 296790018
66336 18156 7514 358030491
16550 1785 1519 18422587
38165 507 438 13076335
58894 8630 1075 99782086
25204 2689 1666 628632
78542 9493 3491 710212447
67171 861 775 42481468
54050 1087 845 14109867
97600 1746 179 69137619
62385 4174 2048 213081056
31496 1245 65 13785083
67459 12536 12509 791727008
7360 10415 6186 11527947
78174 15557 12173 16397713
21665 19066 15072 142191623
68437 7609 5010 101891644
28772 14819 9076 417689344
7261 13811 6877 9594467
38035 18540 1451 248141144
80895 19999 5459 1319944063
71687 5184 4137 15103457
30881 864 663 19716899
96482 11921 3024 74267693
70187 2516 774 100235774
67310 17388 9375 352134110
92800 4038 1713 208180241
82728 9204 9136 739166664
59893 1982 505 67013068
85953 12913 8710 660540894
40063 15 5 136065
26798 5017 619 55285525
76331 18121 13392 152827519
40057 5425 97 217309754
33471 15192 5135 488190415
20581 5064 1340 24959335
43345 635 385 27524456
46901 5620 4864 39720470
40597 4137 779 145401881
81310 5302 1007 53037455
85482 18644 4737 1173716961
82010 4977 3527 78459820
96744 8421 855 804592796
11371 1741 172 4039437
62181 12850 6326 716891582
10848 2417 288 22731117
99057 1314 29 130161369
31953 1774 593 31094646
31624 10273 5356 105040374
70659 55 32 1389998
17758 11027 9011 88705175
70589 16152 1455 57488736
72552 7117 3718 342913773
29932 529 26 4414880
60887 19939 18561 969925109
61231 2458 460 83615223
93558 11020 5243 464616352
41803 12150 8822 54267474
84741 10071 677 101657132
45556 9508 2108 389994049
29618 18602 16622 88568780
35838 14500 8608 242671731
6712 11233 3155 19103722
52716 18487 12116 123071788
67956 10833 5560 736167833
38094 6774 285 105950695
87291 13246 6807 446494360
10641 11170 6996 88423461
64195 19453 5645 415566309
85771 16841 216 615681247
