74
9387 10757 5079 20459911
28407 12234 1836 347531445
4853 16729 8498 32429837
26042 12762 753 186983707
3254 5019 3513 7011910
6620 721 544 4405957
14435 17106 2264 52367643
40477 8622 5920 188454233
48009 4200 3281 149644598
50059 16795 9375 606206188
33815 2452 404 80834845
58771 17685 5862 885490549
30223 6604 2857 48837258
22860 13621 3319 256913016
75180 10668 4484 74542605
27373 6327 6142 103803204
92592 9233 171 854902356
11375 17432 3742 182488578
55804 10639 3194 37639918
68846 12726 9693 546290375
48258 67 65 76690
53803 8295 2024 120816713
41747 5144 1503 135079069
67782 7500 2207 109764196
39511 5950 244 109247939
23788 16553 16265 188317639
96548 1752 405 111438307
77133 8129 7544 314279762
22838 16070 10490 188654491
57923 17160 8331 631606651
32679 3031 722 49629842
12222 12216 4429 74082332
49044 5297 981 41730979
8439 7158 716 9499266
22751 13159 11864 56802829
62646 10388 6965 616330631
49103 9722 6138 381425717
19211 15729 11451 235294006
92685 7162 5859 438626467
92579 11716 1527 849454337
57326 16728 16662 258595245
98412 16556 7442 689124473
70923 1824 73 29606348
34333 5601 2774 26724264
25893 5388 5108 139511781
49040 14416 8599 658205819
1204 15013 12122 8799551
18370 17296 14948 236224421
50549 8559 6546 75557383
14740 2353 1081 22365878
22251 19473 9705 120809510
53064 4632 570 226477341
92106 10968 2726 249721736
24206 8411 2968 73128185
96042 16930 3433 1192389494
78666 9364 1222 419813411
98284 7095 704 317941209
19001 10714 7766 82998280
31809 2138 606 39052475
45775 5131 4801 215686942
42246 4469 1378 103099202
29758 1224 1174 5325262
80539 9852 7304 495922004
48114 4760 2374 110399738
1694 8158 5028 7111332
44939 19722 13892 673168870
29554 13386 853 295026885
4202 8715 4625 2336880
56996 9371 7886 436227731
67763 4590 335 68512403
43921 15537 3146 582606356
10733 11584 5925 52312001
91407 4164 3932 103886622
14201 8181 5638 109347086
