53
22334 13156 10217 280327653
78621 19530 17204 67680177
1950 4775 1468 3102055
33905 15181 12234 71312237
66727 14652 7193 971622779
55827 12863 3057 49402240
53639 10825 4562 580642905
50604 6188 2389 272742371
63164 15593 324 295570573
38627 8589 3408 263604890
74281 1351 802 100353715
54964 2513 72 21680178
18670 6171 3526 21829891
10659 10901 4877 61866612
84817 7859 3734 186833786
63360 9741 8086 381326659
75342 6822 4749 207278441
40212 9896 8134 295294958
53151 15129 14206 707310807
52369 12159 8463 301790174
46497 9499 3354 223511566
27218 1742 328 27580779
34272 6533 131 189111457
64242 16037 3477 168585891
60067 6075 2663 120042122
30320 17393 9573 366057526
99351 13388 5006 993944936
71517 3995 2759 136898881
89046 543 524 21278565
38891 6814 200 98745419
52150 17589 8693 157440025
59656 6241 2252 140619807
82749 5268 4626 426656813
25867 16482 10881 426340808
12943 13566 3113 161085777
58605 933 373 16724807
58237 10378 196 94419453
28749 3978 2563 23239272
96513 11956 7810 1153910175
1166 3295 401 481492
45811 17942 15574 507322457
39665 11059 8713 227114452
90203 15748 13169 364339004
70887 4434 653 103188247
21500 10336 2342 65481213
27091 12828 9452 127724438
11848 19851 6294 235195003
39485 18414 9884 431970016
61972 7406 3596 106296084
93419 6416 4343 269094214
23706 12264 2437 12295711
92122 5628 988 169379369
50772 10436 6568 454859863
