57
17345 7497 7266 96541470
66884 5903 4846 104470350
33881 4469 1143 71168942
52674 1688 143 15490248
33835 8752 1353 181599450
46554 5964 3180 236809951
64616 9720 5347 360675297
13696 3366 1099 31808714
42694 14978 3267 385996482
49673 11064 2066 79364632
38655 14384 8751 380966795
67035 17661 10384 154471368
13528 6434 4120 34601344
30397 1593 1506 40221520
14389 19771 17545 207707569
55244 16671 3763 641582500
80707 2398 478 122342708
17836 3897 1043 15703959
85671 9600 9431 439497645
24792 17871 7485 55582865
7154 8710 4320 56508434
68580 19994 4265 549875449
16495 8744 4626 61160177
83119 4266 792 324161930
38874 15322 866 346764093
7768 12304 1929 51132867
73563 694 114 20378756
39626 8736 3719 142553394
8327 3459 838 20539656
28758 403 190 1966484
51444 6957 4512 95079355
57797 7543 1635 129739799
90091 11234 4010 376467339
24819 14480 6294 334461045
7129 6280 1232 39512092
83292 2979 2233 190806573
27180 7521 4976 61409547
1658 11362 2213 6536703
68553 7797 4727 485720413
82912 9768 7768 84798762
50547 12601 3561 493399898
64103 7968 1440 170303706
24809 12770 11444 136897010
87570 1198 34 89818959
78155 18871 17302 1127675088
79321 8196 1967 638220815
48155 195 83 9390408
1278 12553 10400 1970252
61674 9580 7517 385694928
30245 273 149 3261253
82535 8684 1952 64330584
70561 14255 2245 334192311
67307 12060 9850 28129884
67841 442 304 24104574
59192 3478 1929 192722358
33121 7827 6147 78989336
66779 1804 1146 5044708
