84
51008 15334 1438 498338012
44740 9075 2808 15217701
5354 16524 7618 47818142
54711 15138 10383 57320447
96603 16948 16709 269924854
2988 15085 5126 44592631
22385 3560 788 57434553
57796 1415 1182 55239975
91832 3236 52 81352579
87429 19487 9585 1317275830
6583 16832 11205 42519090
81140 17758 11852 55987553
20100 5297 2090 75952613
53095 19591 16465 923113209
9879 13404 8718 78192340
5218 14114 5781 67548137
97434 5576 581 386375089
61641 17724 14385 832317460
48178 14468 7161 77572784
69361 705 157 4921764
12071 18110 14789 28813053
98273 12670 7953 492905714
96660 1906 201 39765479
10506 10792 3671 31387014
26390 1567 799 14169988
33606 18883 15568 400445804
50503 8353 66 149413250
78784 15793 7799 869717580
46671 6011 4769 3348738
6077 8839 7865 39051115
75837 10643 8276 807133906
18463 6287 2357 7140754
744 8558 5437 913994
94494 5002 2470 170040717
20847 15306 4281 207769005
29052 11454 6086 202101929
20798 19432 17107 141862696
89782 12725 12360 579344752
1379 8415 4916 10037329
72593 3796 325 170999104
71962 2785 1072 96117703
87519 17324 2391 1287039662
46892 18753 11661 879366167
1473 13790 7013 5811892
42809 16887 9671 28761270
86491 6798 5802 342301129
25574 5 1 22655
27818 7734 5441 144033758
54977 3007 341 6186115
755 15002 8431 3888327
55034 6787 5173 79433536
21256 4440 4402 56037289
30433 15953 12193 235622677
18766 15004 8009 128152545
64895 3946 3509 242027817
19394 4606 3767 45537129
85160 16810 14828 1215467242
75480 6069 4266 215301010
77998 6835 6435 47124533
40482 3113 47 113343393
89700 5069 3277 139832705
62398 1959 1343 53079926
78208 19695 7705 1051956778
33587 16174 1828 543236632
94145 10963 2903 980003630
15775 14663 7533 96157325
76491 13388 12327 257667653
63450 10821 8842 572153159
9753 19576 15971 150402440
714 19370 1497 10003476
73339 12399 7683 347800386
43978 13822 7928 436458724
83712 6312 3857 38120450
23593 11536 604 181456111
39444 10865 3962 367633184
634 19424 12262 12300324
31971 3095 2550 30600000
31161 19563 7043 164100592
72809 6462 4899 414780679
10324 13942 11000 58032690
76152 5755 2681 120390990
55493 17019 1414 745017457
86118 1686 1657 124932894
31855 2268 944 8949681
