68
77319 18988 93 180448871
86288 10784 3445 912786961
10803 3723 2196 25248694
57489 2017 1650 96240020
30479 17133 7416 442366515
17014 12424 9054 17804440
2053 1104 978 795111
54117 19676 8744 53541064
82653 13596 683 1041528189
70088 13876 3290 743867799
2092 4036 691 3291138
99096 12085 10114 299264807
40385 13350 8504 486702421
56031 7105 1798 270474813
78972 3048 333 23898357
38202 9754 6003 259827433
66353 5041 3489 133246611
35418 9949 4817 268793330
33726 4973 66 87607474
71374 11359 8262 105160133
89350 6582 4957 247867027
64438 3703 3014 63488820
5961 14411 11899 81484252
34479 4858 2199 155970540
16302 9542 4467 57968994
59580 7323 4124 310122369
58032 8922 542 214325595
67563 13169 11077 751630170
16436 181 173 2279416
18222 17289 14082 21187208
74625 13524 2804 769742246
95453 7086 4417 423338091
63653 6710 3288 326769137
62306 15236 5758 867648628
97143 13489 1021 292720138
88666 15400 14427 754455117
64994 13726 2354 481797710
79016 5178 625 123951700
20999 15232 5932 162140823
3148 3326 1146 5408017
55140 13117 208 221414831
41814 14093 11030 509074760
9709 16028 810 114502276
88787 16686 12001 862795341
72983 3078 571 84854827
29413 17249 14783 175604595
61645 13687 8379 540981676
75728 13071 3760 897451451
30078 9327 3074 123764045
67583 7375 1577 245883810
5370 13373 1131 66619989
2173 17340 13527 31698169
63010 14645 7322 392113768
68827 18587 4394 835482899
86863 10223 2527 27570631
57316 626 353 28434611
63993 18725 1844 926848062
30860 13515 3311 269404460
32281 19597 15566 143829384
97357 6776 1474 384763016
53457 18292 8546 377016595
30414 12042 3909 116295153
28218 4738 2478 133697503
39520 19864 13627 106870503
37818 10201 2564 335792750
71077 14466 6908 236851167
55410 1509 986 19363296
85663 11308 7479 464114486
