84
91715 15999 15254 1254675187
93729 14031 3391 984645788
26826 7088 6242 44797101
34017 3059 1644 80571480
13206 2148 237 9241880
9581 17316 9714 142288448
66775 10431 2643 630867006
14074 11640 9337 121949430
37279 438 260 10491170
62295 6420 3230 107224562
46925 1356 1068 15423787
9388 8421 1640 50885846
76547 18439 3285 607100484
46098 4532 2320 208916212
58538 7541 6320 185390032
2531 2642 2517 3318143
8103 8744 4523 50857529
31546 19545 10529 5812221
66531 13709 888 690325226
95601 14640 3837 1352702286
57823 7643 5833 379829912
1659 17136 11565 28429370
84758 12854 4314 153264949
59775 18681 8627 1090804958
16188 12858 8609 149662059
36822 15386 10983 213115386
1980 17447 17085 23576774
27479 7841 1304 29563899
77650 404 9 4981239
85398 15603 3924 1035852793
73294 17148 4157 651938107
60250 14022 3916 442018024
72438 4550 2380 263429251
81555 4473 304 277523535
80745 14079 8518 434002323
89101 5277 3362 136566958
43458 9259 3261 379698357
31964 14233 13000 45643977
26688 1321 162 19389294
7462 8734 1008 34676155
34767 9144 5118 9752031
46162 7168 5240 330889874
45246 18345 11220 111868749
84124 3534 2549 106570751
4423 6304 1232 27882821
32908 8249 5601 201239574
48547 112 107 999407
78063 4787 2099 182294408
78873 4534 2352 298893179
42627 16407 13010 335840863
44561 3264 2523 145448083
36823 11921 2854 229829387
23111 1256 942 11370302
70691 16749 1153 835272231
52946 5434 3297 256972105
37168 4804 2795 159500354
20454 13008 7141 251729397
38215 7742 5433 267016505
25930 505 69 3681353
1870 3412 1404 4942592
92728 18898 14048 160217132
97513 12943 3438 260614486
56719 9960 5528 553769707
4419 7930 6444 22431549
46290 16550 11626 250944159
44628 2740 2673 58802727
34486 11190 8534 275774983
17090 12939 9491 63978151
39827 16434 5494 456766885
28715 7957 4643 37991588
48243 14964 4123 156568954
99406 12735 9340 847113588
5148 647 313 1923105
49902 14618 9945 622052490
33102 15459 5104 207807094
61875 12457 3049 510688731
88669 9802 5541 280950863
90248 10590 2147 206918448
64516 662 69 33614923
79189 3045 2283 214071897
26733 14500 940 61178179
18854 8117 6375 63721724
7777 16216 12419 126111955
57998 11825 6945 618675066
