26
33043 1066 183 6430116
90187 11220 2415 1011899111
62442 5401 1633 337249358
30017 1168 692 804357
69273 8767 966 122944334
2620 15720 5425 34390940
27933 11792 9008 123768049
84120 14831 7196 1079066216
3274 5365 2212 12397359
27786 6998 4616 33151803
27603 360 5 5536998
25152 373 278 7412011
39954 11771 7053 67168534
64198 19376 13278 1033724652
40838 15944 10268 378340954
9476 17249 1421 34354771
18270 15817 15053 238338767
38625 16014 2966 30663399
80007 2509 1512 107812311
25886 14207 11176 150250281
58164 17208 5276 1000886539
12311 19675 18594 146684199
16152 19917 16660 291630461
59317 11641 9367 17559960
14362 4985 2390 53167746
70508 19167 11100 71680171
