45
81122 9711 7632 291741299
74307 18718 7558 565982477
99425 11229 11054 119089324
61009 6802 6316 170904534
5846 16668 12081 49548836
4048 13775 9209 55115846
155 15379 5807 1698163
94535 3896 269 75124009
18839 10739 4686 115244017
87758 7622 245 79720120
94919 16482 4479 1321971030
3222 13529 5510 4616034
99800 9090 8249 647040620
84547 15308 12400 255791508
5815 8753 5242 5619916
4389 18890 11229 33732133
44848 660 299 16298052
57419 8451 3762 338992061
31530 16568 4063 26723053
88917 8675 1085 551545834
45466 2183 648 78735943
65963 15931 12155 197401599
68427 14919 5736 245935165
47396 19099 12909 572252712
57958 1928 1431 91055740
66293 19736 7950 810344124
87622 7295 365 618500005
86171 13585 9173 899400123
30926 6910 1102 8314388
27192 3744 2906 82753461
1632 6814 1517 4918498
63739 2231 1277 142201787
44504 6589 5559 72561057
61617 10107 2044 417594147
15180 13663 2268 34034402
10344 17774 6406 101793361
29370 17201 5807 24911972
33140 4830 1600 29854478
12219 7287 1912 43209252
83302 19811 11785 232929762
42398 6196 4898 77609447
94542 9638 7646 468534508
6627 6962 1917 21206144
92671 19958 16832 1209563987
80759 2411 395 182638902
