91
12267 18008 16233 677987
78144 17200 6543 697488023
70928 14885 8180 752264839
34067 9920 727 246227233
94215 6060 2320 458705708
12633 2221 409 15879524
41285 17654 9607 565334047
64450 11274 8451 570463388
30437 13324 13166 250839023
52172 6537 4884 202351580
74294 5452 3498 402727468
85531 14671 9417 84618092
69656 11520 5706 691969157
94726 10722 4450 765955911
75268 19211 9237 304529349
36672 16578 8750 53505885
73038 16889 6983 854713860
2263 7190 3998 9419753
82177 15493 10283 1273168806
93241 8960 5236 207453260
17689 3244 2873 1322995
27312 19427 18651 115272362
35010 2730 504 95577439
1518 3878 2670 1119370
30071 19197 13899 562306721
89071 9778 7022 836367373
55170 14811 4130 196861376
54019 7299 5726 79337947
11864 4085 1114 22187866
71221 8159 4475 187318694
3241 7956 4719 16074296
47369 15490 14534 640334989
46108 422 259 14816710
68178 15319 6260 1044419701
1791 2761 636 2936554
51296 2908 292 137984653
74175 18583 18356 1125614978
65617 13399 12527 181521393
5550 13684 194 21002538
20773 18359 423 77622650
41573 7938 2331 216379635
56064 13126 4178 218269576
12882 7366 5884 43348648
86735 13984 2864 1008284669
73945 18448 1587 1007147701
13835 13456 1706 41001381
64631 17209 3357 545721540
73903 18767 16380 377496122
18045 19311 14050 164713374
41414 1065 550 5336987
30712 12281 4440 77880052
46401 3704 1966 161438046
9944 1546 1006 1480406
1092 18800 11959 11978805
81019 13986 1245 743445589
39483 7467 4325 243364536
55941 5798 2110 158192129
6729 13938 2326 60442292
30077 11995 2782 62434069
18593 612 555 2093080
41151 19980 2919 26403966
10761 1979 1828 21296110
12358 7740 3249 90065685
42578 2728 2039 6164329
15009 192 175 2098484
94998 9817 7109 642487444
55194 1716 1056 21550845
94233 12492 10624 251327527
32750 16055 11845 243906032
41617 17423 8860 722019862
19952 10836 7887 212575469
77032 9442 2697 434848680
91320 1619 472 106374323
42095 19276 15599 403206517
70507 7609 6654 141620680
89373 319 43 1190870
6999 13818 720 79126077
71938 14749 9136 604340788
74202 1121 937 65542829
8706 9158 6893 27900144
43214 2561 1883 739303
4672 6045 3318 23834685
56225 14390 9147 202324707
94487 4755 2405 70252942
66233 5650 4544 273899333
17607 6251 4657 109336529
59030 13147 6206 50036652
99884 17659 13381 227255497
92154 2340 1043 65818976
39220 1301 167 28165089
92018 11766 8814 734150006
