39
56653 16426 11257 807944125
98338 12663 11353 1141558804
87959 11327 569 753295490
10429 12985 5419 108370957
76703 5255 1293 88223054
75408 15229 6126 1148388556
63404 18757 11750 712558067
28432 17991 17527 88118205
71146 3138 2624 123766023
44340 14725 9414 623045763
68887 16260 9261 848473428
91788 19350 18000 479098001
56873 18708 7161 375489485
97234 15161 473 552533444
5928 8465 4101 44082775
14648 786 589 3270399
15470 15779 8129 93819218
24430 12507 7665 94754740
86804 10957 1448 686906521
78757 14933 1704 182098261
68908 3950 3232 182259381
52045 12500 11439 289522663
36130 634 199 8415269
19898 15192 6356 250320914
85683 2899 1037 37740219
27294 12659 10046 227954767
77041 8588 7139 317282386
62055 11153 10232 143655953
98985 8589 3048 270715364
74325 10664 1402 336592205
83595 5547 2394 71168263
92333 3567 1842 186600505
74875 5253 1295 290274308
11528 3872 328 29176606
34563 16174 8640 201747335
14826 458 421 3694109
49459 18727 1158 628621797
91224 15286 14442 1006129399
3464 16681 8572 13286539
