86
39863 4146 2685 150685312
82765 3323 1484 255111530
51381 15146 7438 76738948
67449 3215 3026 134236891
78211 2427 879 120065576
49880 19859 7843 291876133
68885 1903 258 34276610
71824 1386 836 752691
95756 4340 1541 147223959
84596 16706 2296 837943821
75860 10981 315 506383559
76962 6936 3472 142939140
76428 8003 7415 529374131
36590 2675 1017 43805323
43362 14995 293 25172476
70901 13815 5421 855838718
91172 7637 701 470810161
70979 18169 16542 365201638
27212 2087 1675 12431202
87536 14027 7199 513660676
20037 6862 3565 121141950
42934 16028 13718 688146359
74134 1902 66 107054095
11424 4632 236 1769575
52088 2741 2169 36183597
19845 17479 15081 277095659
67799 4828 2265 179902103
15534 16209 14894 98426698
37429 10620 7863 282860602
33151 3283 1022 22153997
52648 15837 4682 175087953
54425 7355 4393 167087246
76417 17427 1649 280085226
95852 4690 3794 290456741
11595 12148 2246 10455051
92692 9443 6427 563171387
64214 6936 1333 445388636
23881 15026 8289 358836013
84071 14823 11318 31371145
47000 5924 1100 267699868
39808 7174 3180 191705736
59405 2556 31 56872293
86670 8050 7906 543186726
89630 2499 2198 183407912
86925 251 231 4369740
42977 10065 3829 41657607
55837 2252 1286 21741211
20913 14644 6838 200400043
47112 14223 6956 648719492
93387 12359 8559 607938633
24840 12922 6721 18821446
70827 8149 318 137450488
38160 15300 11906 302862649
88144 9827 6574 264530228
61410 7689 6012 316111956
34828 15321 13339 14579489
91216 13126 7813 455261407
89777 16849 9335 1045384470
22950 1463 1074 24072922
36035 16380 15965 233628512
12140 9867 7797 53723105
26562 170 146 3857999
75676 12068 8962 320024926
35897 18108 6396 511336449
6200 14956 2014 27046523
58667 727 600 5984923
22559 3024 121 48944267
44856 6167 4251 276627632
17780 8022 1965 43227395
78543 415 178 23574388
29178 15285 13008 295760414
67130 11 10 442729
12164 8726 4359 14764022
41100 11315 2508 121430860
77754 4254 3414 95996711
24081 10255 7590 165545878
66149 4795 1038 257005202
78462 10494 5444 326277955
30233 2808 2166 36718764
51901 11561 2602 600027482
3986 7002 3333 12485909
39325 18452 9208 298827532
16631 8853 5870 55644945
85189 5333 807 332189263
89331 14581 2135 235980325
72045 18187 15292 106332123
