65
73750 2349 2344 18200390
83439 15637 13802 1304736474
16092 9873 2477 158877177
71522 3742 1823 108310041
74585 16823 10381 554518952
32559 14496 11240 90709708
27098 2167 1622 9512084
63372 5095 4416 26266785
73555 19377 4163 864030851
23849 6673 1779 62485195
69787 8933 7800 340010787
25918 7522 1964 51272074
68565 19892 13986 1345226836
23420 10258 6043 136552214
59720 17501 9512 388835768
44184 18826 4063 14559849
11436 3677 1695 19163510
9416 16460 14965 106902041
70632 8195 475 320369608
38927 15212 5412 436068376
97917 16725 2351 629710448
97791 608 306 21803134
93022 17012 1490 1380633541
52274 18766 7861 859818588
92882 7562 5758 346127985
1119 13589 9141 14352699
7754 2940 43 16980675
76522 5753 3286 214333202
96567 6962 3859 492681870
55103 19621 1629 817225236
18969 17606 9287 132952201
68383 14624 13952 991226087
93910 6763 5100 140547205
55446 16817 1484 202377890
24586 10563 5904 219154058
58196 18383 13900 579522670
57947 7918 2797 136807618
63618 3893 534 229117907
78396 11909 3827 247039354
88949 17173 1562 7107978
26551 11188 8490 160891472
80420 7103 6101 166521126
61744 16985 12046 69390208
89622 4637 2776 212302454
25550 13902 11097 253171862
95203 18405 7621 283748573
79970 6604 3068 64929680
24506 2507 2039 50079324
68224 18002 6666 396270678
26465 14794 12518 279427024
81165 17156 16393 157168238
55195 18647 11028 630586216
37424 579 16 708801
79212 6058 5382 110132768
31961 7935 3357 194968863
22174 19804 4983 112730248
88850 14265 2436 68123588
80817 18449 10289 1160016355
8635 9549 536 77027149
18904 7725 6361 11774626
10242 1441 584 11062802
73623 10487 3515 493844471
80256 3793 2104 238291577
34868 15107 5239 526751080
27629 4001 3680 50570090
