20
94959 15968 9896 1275668821
91189 16244 5682 1390521378
39468 8078 1206 131047346
58781 5506 1260 212585194
39973 6048 867 145813462
58010 11649 10303 379129838
67437 6768 3395 170922529
82586 18949 1340 771405991
50335 12812 8731 450399048
17827 19799 7353 11324475
80092 18459 5950 22086574
51822 14891 11386 714211398
56919 19064 12350 725727094
59571 14232 4972 207853503
11949 8823 4773 61632500
57847 18259 10522 775384005
27068 364 86 8894197
90623 13743 11069 113932746
78484 303 34 9829750
87268 12808 9173 40224267
