33
70719 8502 1605 186645694
89809 4896 3775 367789893
91649 7444 6256 682235783
68531 9594 2727 417495938
22583 1031 469 23031691
4947 19025 8486 29863156
40388 19786 1632 102239068
44322 16390 10187 490161778
65485 3429 2250 27038140
21150 12573 12435 54963615
31030 13869 1518 92329151
23868 12453 3444 48841272
35369 5652 3940 199905977
85558 18587 4212 1546557397
80803 19312 16148 984306888
43140 5667 5101 114588845
27342 13142 6003 37919812
99656 13105 4208 272994737
84464 5817 4287 293250410
87250 12508 4318 367209646
33936 2143 1981 43317793
49550 7082 4371 276111268
60923 5003 4178 298957515
48472 9209 7244 446379443
65601 11126 9459 677071651
56926 6242 1934 266489650
60700 8967 1465 465722650
31770 5529 831 171681159
42512 2907 2043 46561839
82196 12103 370 298358166
37246 18404 15197 535174976
12033 3254 17 2688103
16978 19063 18726 250275166
