27
89784 2920 355 20142224
96958 3016 1751 162383897
29770 2991 1249 53733335
89927 12324 537 7690837
80782 867 83 6579441
4664 13912 787 26099911
2002 19741 3030 10290903
36077 19140 10202 80836614
68954 3646 3224 130201758
5067 14401 1866 1883207
93593 9423 1969 694513150
73657 8851 2435 630459747
4190 17405 9383 1855374
80926 16644 7187 704511484
97595 9077 3876 462846169
89080 17565 6823 304691589
20965 11796 7791 67547927
15206 4804 822 71649463
70711 15764 11849 71909152
62060 3257 2493 155934223
55832 7752 2109 201109623
72899 10573 10266 470244761
61484 3738 3469 136555963
30351 7769 6212 77282569
57359 11618 2954 287405530
32968 3775 966 120833007
1617 8700 1191 4470338
