60
18795 8386 5735 32406557
3672 6398 4312 5743045
58601 16413 12589 615620978
50455 12857 7451 178760040
78383 18522 10268 939723225
93493 1896 1706 28632001
59546 5676 5475 39830675
16792 15320 11601 27123694
40829 13864 12231 216657923
12760 14415 9184 170343826
71013 1887 1192 6401980
22216 17336 2352 35191104
3032 11339 8231 20424189
66360 6705 3468 312017214
71075 123 109 3927633
95378 11464 9144 1090762158
10656 3822 848 15513897
16034 381 22 1566558
18143 15997 3201 174791225
80509 16137 11969 987773524
41242 15674 4838 260141522
50873 11907 7821 263909252
1255 9782 7927 351239
28333 10316 5860 5078469
26956 3022 3015 24730463
57971 10286 6412 72829210
65249 2842 66 100651672
32426 15509 2691 165398104
9558 8921 2806 5413081
88703 7997 6499 345746265
61540 593 375 18701886
71692 13353 4675 174874011
83233 10668 4816 806969704
19150 10006 4009 118065489
1103 17259 3803 171316
5158 17774 15783 89584761
15614 3916 3181 27421398
46370 8571 1488 211985900
28123 11917 4321 84792142
99660 12769 9756 652117079
46190 321 153 5450000
38554 19488 4228 589538150
66759 6835 3 376710982
50317 16596 15969 638416568
50157 395 284 14610464
74896 5361 1257 301570317
37547 8611 3269 266774415
92930 1858 247 163888419
27412 16116 2330 110814109
92152 7212 6652 539293077
74271 14432 11943 307066532
38905 2947 1919 49067987
42518 6366 3035 270670101
63661 6232 4066 93083680
56264 18359 5290 698125592
45837 18335 5353 537706791
83847 7767 484 190721683
35244 19376 5742 184967132
38241 19703 13162 134522080
58735 2003 3 97825039
