89
37736 4935 2478 186227704
34870 1196 936 16035816
37976 19962 16359 667719605
51898 9020 2978 118833853
52863 649 371 2780575
74580 5316 1776 11830877
25035 11914 121 173422628
30130 12587 4761 379246726
56242 7331 2724 103405615
74750 17402 6935 568512612
34634 2092 702 22164502
53690 6452 5727 270059707
70015 148 67 8135462
68614 16461 2344 556758852
21982 14638 5660 258396414
41539 4875 340 178193333
88706 16544 4159 110955438
23050 1933 1428 36483858
16309 8972 3725 93349697
19321 464 352 393968
96434 6736 6243 361327127
39051 7614 7150 288623325
92298 18089 13592 1068586504
8965 19285 14025 136755665
62850 10184 1562 596723047
27486 7956 5605 210968395
46904 17376 13884 692364763
46078 12410 4422 251912418
32627 454 233 6592629
12979 2333 1346 22423114
38737 17356 15065 434874865
77427 4751 1920 33616277
86048 8895 6326 484114180
16116 3834 2439 4925362
13247 18531 14755 210539119
6481 5231 4278 20904043
38242 6266 1347 118574258
83220 8066 7206 61883380
94468 19583 18378 1849967132
91461 13477 3437 543444568
24405 14148 4112 89759091
13709 2029 39 12892184
23896 7918 3541 113687765
92916 11497 8551 586184004
45688 7992 5281 128903146
21736 14995 2380 170428006
50254 7145 2381 62722184
58133 18965 16629 387900222
92642 7021 921 185533180
44126 9297 7719 337110217
12421 15128 14422 98872519
49841 19121 19026 5692776
871 16423 14069 11766343
90832 7590 3992 29238035
56444 18562 12119 830720992
90337 7005 291 385016149
72661 12300 4171 603541260
82959 9287 7913 153564518
16554 6434 1625 106508693
32319 815 709 23000330
66724 717 35 34692209
32366 15936 5288 173796812
95990 7580 4399 470952929
77286 8375 8218 403694097
66613 5360 2234 286609870
79178 15497 52 446200474
22289 2277 2262 45555355
9355 14233 12443 97340224
69391 13058 2217 806751000
4350 14820 5724 15287868
69106 13561 5909 748914966
73379 7669 5546 491819051
96499 4248 1707 111435586
51930 6222 4899 80954992
74094 14859 386 555144625
44093 7192 5137 230177169
7763 11040 381 58391641
23 19740 6303 381508
78519 14142 6032 780091833
12557 15234 4980 44070527
28145 7352 1787 176116493
89658 12985 3610 850977057
27504 6084 4362 84603948
31039 6212 2772 91543097
60180 8625 4145 351103989
59606 2885 105 9073632
14855 15994 1914 121680865
99678 3376 2477 70974598
28 16402 6910 431774
