45
92381 18635 220 559484471
63034 12533 11047 784063105
94789 16525 9294 854720152
5418 14835 2901 52300741
77718 371 291 19123483
67680 2902 1391 160582797
75190 15013 5371 356995857
79563 8165 5125 386291075
75304 14149 3682 534863977
1637 397 276 407826
12402 6388 4251 18872894
27784 8118 2060 84495240
60101 15082 2182 743405789
23321 19393 11066 278512067
45373 1783 1447 64379529
85376 11553 5117 896247066
68545 2742 424 172976501
26909 6706 4081 123836972
96780 16272 159 323292151
22017 908 497 9084203
84465 4054 423 170267744
79147 2213 2001 150034112
56467 12335 383 156784045
6335 14976 2650 15794005
40781 15012 11259 197599028
29295 14788 7158 433215348
62820 4888 2523 273188602
14665 2547 108 32895660
73002 10424 2884 466565940
93217 10744 51 242219598
92278 12703 10835 651787967
80959 16884 10353 1201906231
49694 11436 2749 520990198
25272 10752 10548 214815717
31597 2571 20 12976919
77666 19473 6825 82794701
71618 18166 13769 63839688
63891 7579 1825 466987631
31482 4450 166 4331280
54435 9208 6259 30775462
97950 1876 1843 127608000
96727 14335 7090 97246402
35209 1423 854 48350735
51661 9504 6783 694504
73110 803 657 35925102
