71
66469 18964 4280 289946663
73601 1585 839 2464092
37364 294 133 4493762
38705 6592 1886 11781011
35365 16133 10489 282808776
96721 19347 18395 779520160
86568 4155 390 15569909
21242 7819 6090 76975696
56269 14809 4193 520606046
17024 640 387 7430903
86468 10956 4206 130022638
33125 8642 6171 169511092
81041 13180 12194 944510201
85130 4873 4774 187803498
84128 17861 6001 1463849446
68357 5488 3831 25193857
11535 3939 3090 19169266
96492 12280 8452 463954525
50811 12471 1660 553334481
17635 5834 2655 71619415
10722 12253 3511 3028761
73668 12491 3032 241693740
4175 14353 4809 50361694
59436 4810 303 25918998
82643 899 418 28248402
92521 7086 246 27297514
7306 19405 4707 112009131
91563 12170 10033 240856693
98884 10574 9376 961061442
15431 19582 17882 67503104
39388 8739 6707 226965892
42101 7653 3539 226876217
77429 19018 3024 1075284891
76412 14899 13214 489326733
94321 4945 2518 448728253
94214 12332 2125 612630748
80991 12332 5607 988561411
49726 7604 739 230911994
66161 7286 2795 297314877
87159 15581 15080 1326213595
58246 5120 3688 292332098
72802 10448 6418 318125137
56300 15699 1608 661245205
43495 8451 2519 6632476
60596 9011 7504 292644323
65964 16445 1620 180117099
30440 1686 645 10447456
51866 1890 1013 70901898
41001 391 11 9112258
50041 11913 11749 535935393
80521 16053 12970 1127170976
22536 5744 4561 75527149
42965 4387 1177 63857646
9706 1319 977 11120374
79398 18606 11085 1051657050
21038 13354 8488 107308295
14223 1871 1207 21204911
92330 18406 8460 703498197
8660 13649 5636 51236751
61977 17174 5467 633327656
99801 3839 2413 307639376
79963 16280 6341 967288968
29490 18663 4136 241515871
11506 9099 4626 94169501
89817 19807 19060 408224098
59783 10323 272 171717306
94649 3629 2548 178119975
13126 7854 1238 58286707
87372 12141 8374 256339058
79840 19787 4806 1042257925
71972 5890 5811 270543960
