54
65381 46 19 1885824
17533 4456 2162 77257701
32223 13989 11755 319872152
23916 15816 342 363500584
48961 19577 17582 920168692
16835 1879 1779 21977217
64367 17277 3073 519830214
49822 14955 13888 72498007
8667 12288 1330 25010972
38233 2103 1488 2347249
64143 7457 2508 5242382
57610 18838 8061 596994428
90236 8742 4402 519734598
88376 13739 13234 354424423
57225 8303 2446 224984679
11518 16732 3810 71863635
56425 13329 7583 96842694
4411 15313 3035 35724290
86353 11780 9536 700699079
31710 11617 498 209526390
25924 345 302 1175074
36545 9345 7787 326956976
24250 13216 498 124307717
72223 18737 2561 686535650
86566 286 125 23321035
37515 9550 5244 233480712
31870 13467 4587 384464097
82643 5798 2202 171441749
65687 14351 6154 798389806
20062 12243 4418 159616992
44142 15588 1686 328071470
40729 664 500 27044221
66412 4247 3071 146627443
57041 10545 8388 71642736
47473 11805 3269 278695523
50561 6835 6451 84011006
62868 8538 25 14708633
59940 9751 4120 117181584
34209 11717 1865 255263449
3970 18595 14200 36410486
55302 13141 674 80194554
33429 6954 4759 194377200
22783 11806 11741 176166615
94772 3204 456 124553037
14150 12022 7562 46841905
63343 5800 4193 59757442
28090 2020 121 48714348
85260 15757 2127 688758515
34389 8410 4761 289212438
15399 4447 1035 65359846
73722 8545 8062 243470141
19389 2935 3 44733019
2794 18629 10485 45741026
96341 11972 7906 1153395213
