20
57217 3002 686 133339194
21922 11574 6333 225439004
14362 64 47 213591
69604 13133 1050 435796157
87517 16528 7608 1446481802
2461 17433 5741 5320668
26120 7663 4994 47937727
68252 14021 8545 106381076
370 18899 7256 4015291
69125 15115 14456 682408532
87872 4851 1547 297857485
59872 18981 18362 974097834
63857 12869 1728 494318500
61335 17424 1443 265931716
99484 19400 17457 787309025
33743 17503 11731 550892587
9464 5892 1395 55762416
89373 17850 10437 16252288
77560 3450 953 24631538
86725 2106 10 59636110
