98
44328 5035 4989 116220286
97408 7086 2285 219968292
42491 16516 1579 542487473
34964 19898 4482 284269683
24637 9865 9415 105422113
52508 18904 3790 606134328
91133 13089 5511 355899951
25032 5671 4955 25682433
61532 1513 36 20805963
95773 6878 58 308519676
74605 2325 1039 96866166
27144 8421 2842 190816189
70049 3913 1480 156231429
25088 2417 902 38366524
4942 19596 1880 48003879
49922 7897 4015 119606254
87689 19861 16009 974956539
79740 14488 7713 654061112
32069 7837 2184 19955175
52447 13014 7397 598617897
86115 3697 820 5255004
54093 14301 13046 419250862
70598 11423 4559 649800982
47228 3574 1694 119576521
2148 13031 1712 27538645
2491 9435 2360 7375924
49995 14969 7997 496717695
12444 14054 1379 64066362
34732 19486 13434 313373337
94163 19108 16518 434603233
82376 9639 8954 97970834
57400 12251 6863 303185129
26571 16175 1451 423015607
89487 2562 2022 59703819
6895 16550 4296 4306540
66554 2639 271 166392218
32566 10574 8222 242593906
84020 5864 4784 11805854
70121 13208 7356 23475939
41491 14846 1637 73598541
68063 16378 4555 880647836
54273 2675 624 59497216
24325 3901 2345 71008501
24985 10318 8525 257795360
83505 3860 3838 281745097
56010 16551 10648 524153995
30935 8442 5547 71978597
93396 4172 524 4353891
88852 13326 3632 836466308
44854 9338 8965 35331645
4651 762 589 163011
64566 17424 11568 1067041856
4794 16212 5621 52105617
30086 11949 6961 215017254
97690 2518 729 242372142
36034 10370 6997 99136979
71715 13895 5694 562935248
92101 485 442 26586980
48004 709 369 17039955
15570 297 27 4309793
72424 6822 4195 415671460
66416 7098 6488 124734796
65473 3183 1551 49316770
16169 9416 6800 112951383
89131 11151 4542 931456829
57336 2962 1574 47720924
54077 13629 3966 53376185
8751 3856 2619 3652399
26643 14785 13487 72203847
51963 19662 6508 834689286
96510 12090 10103 817143780
93007 2349 695 131487956
98747 6951 2876 286275271
40725 13683 1247 207080906
56573 15077 9508 572612953
78239 13689 5009 1071014301
45282 2218 1110 79382746
66178 1528 1338 27267643
25532 13118 4284 220590659
66028 2518 1243 77983178
5958 15016 6032 8165700
90574 9609 3329 396397005
45127 6088 1908 251293080
69098 13712 3276 416052316
64112 18811 3938 42626548
79789 163 126 13006293
29969 3015 1649 33967449
29027 9062 5697 6592653
48683 3417 2177 89200147
32061 7804 1712 137497211
52376 7852 5764 362568182
88904 18037 13754 592943518
1781 3592 2422 1121310
86290 2318 1197 111826306
8722 18615 675 156782770
37048 2335 1540 21241772
2418 1787 1661 3650972
55655 5020 1692 279388622
