65
99261 11436 2529 308399982
71822 12996 2185 431871432
79931 10059 3420 460073565
70701 13564 9045 647947909
45540 8770 4025 271577680
16074 9056 1089 128345836
78022 8073 2830 566516943
29472 6984 6410 65222517
70006 11745 8281 510011525
347 11021 8514 550088
7122 12192 781 56838956
83485 5248 1335 8962175
83695 4482 3372 309926857
44269 13173 2337 562592688
34807 15589 7906 380938455
62007 15140 7935 892465242
93309 12177 737 773580872
40107 15413 11727 20707465
74064 12820 9167 625010219
74701 12931 8465 587472096
76991 1240 1135 50959110
74031 19283 4232 1020209167
71919 14141 12841 490616563
92376 17355 3678 251474852
63739 4225 1514 265717493
59477 17869 5451 642259317
94148 6875 6374 84942771
58732 7430 6159 419211200
15362 12289 9120 151846068
1208 19124 15617 12459385
76103 2337 848 55747388
27805 1987 1579 33589224
120 6984 2948 65942
50697 12904 6944 329272803
41133 16163 10234 422801712
8473 19531 12996 76072716
93993 12509 8452 875303940
82322 1777 1720 69646984
72330 16885 1070 1221292865
49801 4412 4299 213205939
20208 12345 7704 167107801
84937 17241 3158 1187192205
74586 469 410 181344
6449 18256 909 106201951
24425 2696 1901 39798901
51877 13526 12932 328085656
75978 1119 327 57858048
71251 19094 7316 76328938
77018 10326 7073 635777603
79132 16265 8875 1033302105
72962 5091 2664 103432182
41037 4637 251 29020766
48088 13131 3343 196694094
93519 1179 187 50619580
63503 5829 5175 18838589
17962 4121 1347 42378782
7577 10053 2554 73970275
59738 3619 1245 107596323
26751 7172 921 2694268
80298 1596 827 30320094
65516 8254 7415 535002385
3252 10125 5457 31818060
6132 16111 1075 28247827
27418 19759 4717 103216380
89641 18393 8742 1037904691
