64
11122 5882 4188 22856835
80467 16052 15639 657308014
21953 5191 1734 72718109
38820 444 379 5609832
88490 7766 3777 142485274
60035 2742 1731 156810560
97168 3099 1589 21907979
54840 15269 13349 706768277
79141 7009 6726 547937794
44371 15589 8734 691699744
64897 6719 5839 270094344
94564 19664 312 1074483139
19036 6937 553 88972819
64277 13004 10899 527784969
29940 7509 440 166474067
6104 6206 2355 22550163
21705 2183 527 4653428
12054 18692 7899 29131701
78340 5473 5440 357843972
20982 12728 6895 12113366
24626 10718 4682 67646982
21139 2042 1924 33706247
36740 17784 10459 653384492
88903 14555 8578 410277486
52805 6771 4195 181982328
75632 13709 5253 777465755
80683 17391 16495 1013169858
29334 2989 1450 2338247
74826 10386 8561 330387255
46922 16565 5526 264614534
99491 3114 2080 159729327
94466 12246 4219 700200643
50685 13808 11346 94169094
82678 6503 1006 466838849
19151 2504 2441 27076477
33039 5945 4636 81284709
37901 19153 831 319005722
5441 7593 2012 5628692
71987 10890 7532 403689436
53395 5771 4242 308143319
95866 16208 5719 1154919657
55661 6566 4892 176095288
78225 11591 988 186611179
51102 17842 1590 409764522
91538 6686 4718 535755795
72306 12411 4916 201456709
9428 2360 1268 1827339
51581 15607 7528 691288734
66991 17676 4313 277187590
66451 10883 9463 693377457
51356 12437 1526 54586539
94099 9990 7660 742914842
82622 9676 7183 639257145
28964 16346 8496 115834008
36749 9399 6068 345404056
88835 11682 11281 754298462
99593 1705 369 20493602
77313 6684 4135 310378397
30403 6098 1974 159372213
23158 4810 3375 79285228
98045 7676 2957 752593514
23797 6630 3510 106363907
3670 7313 404 17137627
24867 4630 1379 68935737
