19
22041 16016 14406 288676067
61709 10255 7914 36584589
9186 2894 242 8381479
23879 14567 13438 335189933
84662 13796 4834 958744905
95068 13758 9931 566357331
76295 18710 18221 1181030720
31065 6755 1210 209844727
94023 11655 7973 1079824729
39255 142 21 4038686
87363 15568 6440 135347057
50113 18668 1931 375234722
13420 10620 2815 142521348
52150 2566 1952 45743802
78474 17878 9087 1367228373
13342 13370 11132 148156482
68296 1508 453 45314994
69398 6752 3491 398211335
38837 4612 967 147294103
