97
11835 5103 3375 10820176
27577 15423 13761 390167074
36784 7211 2163 232333963
87445 4499 387 287888691
95341 12315 10581 890331762
1424 18842 18518 22534412
62329 15247 15021 142496325
52009 2147 626 61475317
88127 4518 3670 72296213
96583 1372 73 132512842
58764 7728 4191 319544383
35450 12612 2157 242194410
1103 860 556 791167
35305 14586 3176 443628724
61241 6178 3624 108631894
31090 16054 12071 142143853
41356 16116 7683 391321536
56367 14909 4673 465077306
45083 15588 7657 126312533
98792 18564 10715 1101770699
25100 17295 3240 404348016
21026 11274 2408 220646087
66922 4466 3321 2958886
21055 4155 56 610703
90177 17214 766 1261578855
34664 123 122 2950697
50745 3535 2409 109410998
82277 14107 171 801258701
81745 2839 1638 55099739
51170 11370 9185 204951534
44973 1193 170 24889913
48550 3028 1869 106449427
67549 3555 2393 237949600
40976 14232 6805 506119881
84083 3970 1380 318479834
72718 15294 11905 303775090
24581 5216 858 58833119
58152 10176 9641 298215085
94471 1067 495 19638638
64769 2591 1634 73996411
15135 3574 318 365054
92787 14169 9975 311046431
71336 9642 7129 662060019
56437 7996 4414 368221988
56563 5371 3509 285889341
38979 12290 3624 220952127
13986 1802 1475 16554746
53781 10468 6997 105750806
49781 17365 13939 545707478
88917 9526 341 230590676
48758 5484 4125 136122405
62729 8370 3655 418313709
40291 19111 6035 730430674
87086 4314 1272 196874540
74364 11373 10825 845742088
55904 16104 789 854362234
73518 4777 2740 233896731
76624 17033 2207 765291019
8734 8108 6153 25005844
66467 18158 14782 270335472
73799 14105 1140 575603357
49312 16005 5593 536096190
48489 13884 2641 10203140
5373 7299 2510 24316364
59400 8907 8186 394291705
89660 9767 2116 570604854
90845 4883 1820 353256546
32716 11805 5904 165232238
90428 3467 840 71089341
36953 11437 3725 353005685
62585 3442 2564 5389899
52755 2971 739 122194958
95317 5683 1059 371455740
70022 14255 3859 865823640
69283 12345 8135 397924800
36416 10553 8126 178181547
55078 2528 341 23740878
21556 11803 8201 93318206
66598 2195 719 24136022
66764 17679 5481 1127804114
17808 1314 492 14386601
82993 19631 11054 1170392374
27827 18129 8024 373415900
52648 12949 2871 436962972
91083 15619 14173 512641453
95581 7071 5448 675854179
92054 13897 13085 605472649
71365 14247 10031 715116720
36835 17093 4426 280308658
94226 6358 1598 347760239
76692 17913 7910 1357335843
29265 3113 596 42101123
21864 4568 2825 37768017
7252 19536 10881 136017115
12577 6419 4288 33199047
18813 19541 8248 251943058
44889 13111 2002 27268186
