36
82819 2808 2196 189158975
55369 4495 1055 150280819
59923 19797 4489 61108477
97222 18946 5567 1712194187
83723 19420 2272 442060830
20126 8088 981 162780012
45207 812 176 31340044
2989 11497 5750 9581236
27370 11413 9395 283190419
68421 14402 12948 340962777
95861 2399 2277 176913040
85672 7088 1071 504079186
97442 3350 1070 164076691
21189 11740 5851 196396549
43386 1467 241 43303016
99898 17479 11398 373827161
59105 16429 10830 937725554
10809 13745 2648 84403439
73469 12489 12370 495353099
99763 1255 535 23332573
75884 14466 11859 523236648
54778 6472 21 317406771
44785 13811 2087 607283010
69965 7557 2990 237118563
52086 2895 2731 118359639
39071 4352 2671 6187628
6487 14373 8774 28520121
92024 7891 6133 198716222
22985 17039 1423 360912704
16391 3116 793 40019294
43229 1421 734 16191230
33225 8057 7102 200304002
85248 1266 382 36397994
72479 3648 1796 71549298
53601 15478 7205 285359246
64467 18706 3536 689793280
