77
61945 9853 627 66604267
62239 7524 3825 185071614
85159 3147 2290 21417741
24349 9732 4675 190847740
52420 7188 2485 87660326
97578 12940 1832 579798786
65462 1675 1570 43622097
34766 16726 12845 150047705
50440 14458 6084 453377899
31201 11689 6512 157857552
11381 10288 7058 87286261
42532 7915 6892 243969155
90613 18904 13282 26367403
94436 3489 2741 223740634
49224 2785 680 68243034
47981 7679 6650 234637876
65155 3393 2824 106513558
55805 16598 14319 595736024
92620 6482 382 383070332
19952 10004 9068 45654886
76985 617 30 9885584
1824 14997 552 8220191
54777 14037 2791 17412375
87000 11427 8309 695872684
17957 2802 2146 8808733
92261 3888 467 6936322
75667 2008 680 59649101
41693 14318 7774 193969216
93864 12248 11439 202278605
79413 6936 2480 480857936
34736 15360 8120 277938808
86356 19788 9048 1473832827
2196 14664 4097 12979469
3072 2792 883 6258980
54156 12579 9027 177281500
30147 5193 1121 151853506
78927 12684 622 245645574
80029 8347 5129 575675484
40970 1554 1308 5414185
88444 5400 2884 398943178
79686 17056 11159 793454860
85018 15279 4307 247938249
90215 14105 4443 757809894
1762 5133 1998 740191
13424 8317 2583 79932489
68715 13475 3764 251123926
53517 12761 5981 381898599
10016 7302 1831 10523767
69779 18181 14474 618277625
83226 108 96 7956903
24799 17363 14089 101269878
38365 2915 2899 90424809
97146 6770 3914 340230751
3990 13106 6800 51161101
71517 14594 8141 983782119
61070 19593 12387 1051940690
46785 17475 8023 798672024
89569 9742 3608 179144987
55770 15744 4938 86017259
88034 4681 1735 236039815
6856 12465 11729 65835102
72279 16511 5572 739542840
29027 6964 824 55473080
24354 17798 9596 234025746
58626 393 41 3134871
81425 8859 4044 527920474
57068 12569 3836 539942954
45944 7570 5636 98057429
76625 19098 7666 585386259
11401 19442 1088 195996907
52586 19787 881 701657144
66007 12848 8262 307978454
96460 17787 13497 1715734517
3887 8206 2474 25845389
7671 18385 16732 17845572
60431 15094 11197 176271648
82646 15312 2870 1135143139
