75
61444 7570 6657 336116136
74560 10584 3318 626797318
62995 3276 454 3288104
4478 11237 5639 42245917
85712 16911 882 29654417
80191 3496 3458 280347779
79097 15993 5574 1264998992
65807 500 22 2617955
89993 8936 2991 442173199
71761 18247 7224 94449832
6823 10664 7745 31665567
65702 219 26 7862719
58847 2820 16 119393514
62600 11332 4698 654782800
95543 16389 6371 1539828086
60236 11744 8116 146571777
33017 3643 1834 26090272
89623 1935 581 113783779
58700 599 105 24216454
90817 19628 2278 1170445305
86313 6174 1739 288057459
760 16821 2766 7348073
5125 4210 1931 20945597
64778 13469 11293 702377204
86427 3501 1586 198961972
94629 9799 2600 169770362
48354 4625 431 173443087
34366 12031 11121 390320028
6338 7636 972 45181255
35202 10873 4038 230252973
67414 12343 11859 321947761
97290 13328 10185 228799153
31402 334 162 5622801
11576 5284 4631 49474313
60688 7473 3416 341832302
22332 7156 3641 158187670
66089 18311 10452 777147874
13078 4553 4416 58211086
20244 2869 2374 18500
44699 6930 4966 29307143
8560 19051 1302 19556391
93295 13481 9113 305039900
49057 18503 5468 174941097
88838 7835 33 644495047
27719 6792 5672 8760744
22559 6514 3611 112155927
70096 7505 1380 86635433
29268 4288 367 66497944
53966 16729 10348 706313433
27106 2702 2353 30169522
41932 12875 2914 249733409
30914 6177 3589 107013759
94098 6337 576 59436847
30981 15889 2931 123057333
27563 10051 8278 164387559
91856 14931 1208 770153521
78501 13594 142 583544575
84304 2154 1598 22400326
12238 5673 2987 46315686
40043 18744 1007 42869962
18557 2538 1112 16550428
74927 4411 1605 10092433
12791 11444 5954 110889320
38374 7595 6772 151828560
3729 1821 126 5760768
66794 16323 9007 176862386
59755 10097 1215 236637930
90381 5534 4775 120983147
92888 17554 15915 750194325
76128 11240 9865 23432628
18089 15222 7403 174836896
18463 8702 5800 70526615
40889 19210 11609 73135903
83520 5420 2131 93060540
91813 1582 386 54269546
