87
24322 19399 14412 30183370
13404 13966 670 164956959
56144 5401 2350 89147354
60485 13259 745 743401059
15628 14791 235 153451590
8223 18366 9856 22106072
92605 7941 6270 317144564
6248 12780 3457 61141160
79640 1400 1239 3573957
54737 16686 10630 752520882
52601 13920 55 732206787
50831 2768 1330 81796004
18051 15354 12913 28487931
91688 11790 11489 249996468
39540 19204 2861 28665816
54552 17598 2414 184785946
51003 8233 4084 199731145
986 16948 15416 9700779
13495 10176 8815 116737248
86334 11315 905 499107415
64764 6808 1756 249370005
62985 11825 11815 451890636
3735 9766 303 1765335
97339 6375 5336 574104120
44663 4854 1485 129623689
23994 13545 8905 18294177
49413 14615 5592 558959732
98954 12089 8058 216121236
408 18029 5343 6246232
68711 13712 10630 854645360
13076 15506 13477 140337948
37219 15067 3533 27108884
42671 14119 7024 76861469
63832 19517 1832 390328335
25128 1156 163 13574491
79113 8000 3529 412689694
1742 13909 6733 13638605
22691 17804 17399 264199612
19079 207 1 2391653
45226 15544 8228 224371483
35553 8106 3901 194054658
14290 4169 2189 6611153
19299 4473 45 63019739
64447 10630 7040 409553790
55157 3953 1025 165911966
67390 17964 6025 813483128
1898 2450 970 3481327
35243 8514 2812 135276021
77932 17992 16708 567705361
29749 19893 18711 460676847
28500 8645 535 92384770
34380 9502 4897 99113043
97415 9454 1479 750815420
48860 11522 6339 562965494
36501 7108 3802 189250599
86205 13443 4452 87313726
63026 10219 9527 146334205
91655 6052 5441 432855644
60833 14209 3219 434728728
24863 19207 6701 477544073
21852 16045 2281 215858818
26130 3895 2971 81185474
46573 8315 3332 326054399
40307 1761 89 27871680
29835 5346 2648 54165151
97002 13708 13670 201211519
14047 12409 7772 120258799
14806 18694 13441 12259062
20590 1872 208 13469189
11787 15000 9282 11113930
11732 2407 615 3236779
14351 2746 2630 31119977
75790 10667 8490 58777380
89334 2498 279 113386977
5535 4015 1042 20239409
63547 9957 5203 495654914
41137 15724 9741 511465492
31187 1204 564 5397954
28986 8036 7059 60522587
25435 17324 15947 64603903
63651 527 320 15328249
5971 18944 3710 26767513
50828 11288 7698 125378319
23437 19030 13353 19294809
76494 11302 665 406223931
14529 13394 12314 171503173
90099 3750 1550 296342956
