52
39981 17599 6972 152670381
99008 2054 1518 24339360
75208 6361 1180 231816511
96632 5843 4207 41130865
68159 14749 6498 642766382
77077 6353 641 309696240
99385 4816 2233 38871697
75166 4158 856 193058789
9767 856 441 1411708
8539 11006 1138 6579444
98749 3938 2520 80839571
42795 17260 11354 230040759
18466 8880 88 90550834
20908 8492 8160 157871268
44758 5357 3361 180680899
39857 2371 1942 57627440
33751 4238 2871 11420167
48360 8945 8398 399923362
77696 19446 7435 732292292
30839 3547 940 92336277
40605 6758 6106 132254096
24784 14060 10593 262873976
57237 4906 533 116339061
87006 7724 3009 339226643
95925 1283 91 98796895
13694 15925 4350 218077239
47611 19709 1455 443889415
84010 19695 13533 843748023
51421 1214 647 50932635
11606 9143 7602 94320020
43686 2897 1399 108172271
81018 7450 2682 354310139
27953 1348 1201 2673333
37584 7286 584 236377386
97792 8867 1981 366770060
58123 11018 3462 54332564
16052 10679 9036 5661184
71941 11891 10685 404796491
19794 8971 1178 7674245
94011 4062 2770 126399807
98145 13799 1741 709295879
10296 6146 5889 12612336
14489 14392 9163 33748463
33799 146 68 250801
64916 12388 3577 402737049
25315 4845 4504 76581920
98572 6319 2073 613239300
75752 10382 3077 632829799
44921 16425 1169 475965143
8960 19585 6701 169394817
36940 11865 2571 34754093
30532 9061 3107 119191165
