68
9211 751 604 5879002
19614 17088 14618 327044192
64826 4073 3283 171996335
79914 8749 6462 613705725
6326 5832 1427 22151185
55460 18485 11629 367996043
92216 8449 544 116737417
34640 3211 2917 7501883
39727 9911 8466 250056442
95737 18271 16198 533520893
19107 6287 3995 118750315
55067 923 501 14713618
79455 3140 1344 249489027
69331 7277 2252 73093452
92976 8929 8501 340378920
58769 6694 1860 254148072
3474 4445 111 795332
25248 14693 5979 340497087
45340 14194 6422 343565346
80016 8564 2549 621114291
66124 13890 13212 334922323
31749 950 262 4983902
76305 1036 300 55589341
30612 14069 13819 258549052
71597 4861 4421 189429419
22617 12705 10826 197171161
96061 1489 502 26057711
60905 15888 5934 428954095
35668 2400 198 61152782
17509 510 146 3493772
90237 13910 2675 966792130
31523 10364 1021 241845357
31278 3190 2586 56925189
31591 8914 6047 248024860
48859 7411 3533 152754053
46295 11706 11164 77486802
56732 9425 2059 80926136
70621 7623 694 257427626
60747 4993 724 298894759
84392 7230 2154 271953481
28546 9626 1567 195583630
4782 6339 4258 21173498
78099 5786 305 421817777
21263 14394 11453 6720403
96650 16071 7221 773376445
91438 15190 462 648284177
28159 7588 1494 4601882
25450 617 545 12561289
79231 8150 807 184899908
93381 13619 2906 1073967541
23780 7949 54 95478059
96857 14681 12043 1074219304
22576 14681 9287 16471379
71572 4705 427 167404051
82197 2143 470 67621398
17152 8608 7182 147644671
68435 11083 6265 604457391
33528 18244 1301 136526759
9107 2347 582 15697952
90236 14433 10069 1237728524
87730 12240 5598 780656767
38817 15492 6305 191497709
3361 15222 2496 16607214
33651 16874 8288 524746487
83567 15190 2817 1160219291
44059 5149 838 109354671
20467 14780 3080 302503072
78711 12908 3495 234605870
