84
91571 2679 1596 28942415
44965 1140 837 3688969
41785 1400 1028 58499029
77735 1161 1061 27336734
52263 15177 7426 456948444
35258 19664 10533 544088839
93257 11035 9818 48173317
41874 9562 8 236161445
67564 10621 2627 126583170
70423 14957 11018 250287022
70534 8349 505 409386125
31476 15598 13342 359095241
96170 1418 149 125934637
52311 5340 3158 72915072
25563 11691 10204 47723814
82049 12136 2799 666078345
10876 18115 702 7313030
96325 17838 11957 36470140
72112 1652 1648 104163291
41635 7501 7091 282492517
72406 10215 5468 198266116
10699 18822 7524 163775989
412 19773 11166 4330412
11488 19164 9508 188526078
80720 361 276 27052087
26971 8684 2262 201185362
98305 14215 7650 1315761548
52640 3253 1827 168223234
23564 1243 146 17708566
43140 5942 2393 209639500
12253 8462 645 4746987
87156 13414 12475 985018841
99677 1807 946 151202794
2239 19345 6556 40961853
81267 18327 18043 1251418119
30069 18241 10842 86334835
46216 13903 9614 256474375
87014 5821 4230 451066256
43641 18244 16464 132253765
87678 18717 11597 245555228
98651 13208 10898 34924519
89898 189 178 1022743
25419 13366 1925 251310776
54492 896 294 48819249
36442 14617 1352 401616610
43892 7915 6801 115303220
22411 4836 4211 21531328
87925 206 199 13818656
35726 10143 2491 312559422
26119 16982 8446 431680520
96494 1968 1640 114057640
5040 18293 244 63840660
65220 2941 363 72039491
34263 12598 7077 234042132
86771 12421 10843 853271638
60398 5697 3068 166086010
67695 13881 6215 319938703
93424 3411 1377 126568915
86613 18641 9487 832601090
80274 12302 4881 106073808
18088 869 680 15718601
93999 8063 2206 445874302
50930 5523 2037 278082383
87595 214 190 800090
48664 2317 2229 45121244
20320 1778 853 4697733
78000 18128 9279 961332799
38193 9638 1667 177261899
86560 15336 10611 213803685
95654 12200 4576 1010372157
46936 9266 5247 318822066
94108 5207 854 463083636
49129 6542 157 235325629
46027 18194 4708 547397988
72599 16338 10198 72974203
37016 4076 1919 103470575
86002 9163 2250 248292662
47873 4894 3739 154364983
81946 18723 9672 695238914
35425 8656 7721 288702114
85035 3629 3350 12053656
69099 7381 4666 11074325
11392 6269 5738 63268411
35478 8551 5431 159849711
