82
73936 9302 8614 208080294
15037 8069 3904 76788987
43514 8490 3469 338710689
26806 3092 2151 8962390
40956 2118 258 5027746
34453 667 491 15414740
52137 11621 4562 78806449
29657 12085 8564 286015842
69441 13409 9719 830075216
39052 15612 13891 184134247
55595 2420 1806 55894996
62005 7597 698 58644337
38686 17135 3971 155148308
98946 18425 18291 1819825608
92479 9630 6948 146340638
57516 1595 943 8247032
70524 17967 13287 273301831
36823 384 313 1644521
35344 10678 8015 242323133
73412 8915 2840 654468621
7372 18084 5082 111035539
50096 4042 3018 41984581
44869 18206 397 321218356
7389 19083 16742 9817111
25196 14309 7003 137429737
66224 12928 3179 419110853
40400 3414 1532 5525712
20741 2883 540 31574917
18931 1002 673 5791488
47603 15461 2946 641969860
9487 19208 945 28721561
21454 8009 5058 9248087
19692 5862 5832 115434666
71445 9411 2625 672369118
28239 5669 3181 12673689
64268 17857 9505 317683189
87366 12312 4731 314949633
5986 9660 4658 18664164
802 6124 1113 3326110
86814 11840 3736 6057711
9968 18128 12462 180699976
13052 7968 4981 34745314
99359 1215 315 80582663
69138 1384 716 16600987
97942 13860 773 783326276
89169 7676 4370 454751715
27779 4935 3472 134757409
22589 8483 3779 58248681
66859 13896 8327 189234220
6577 8249 1157 34704264
58248 18347 6652 277167451
26820 12450 6116 45458628
69484 3301 1442 170044342
72388 16366 5837 960060498
21301 5587 1400 53224262
43202 18478 13392 487389038
34799 2784 930 93603034
17574 16812 16406 83082266
80405 10599 5387 563527001
10411 13309 4457 127415569
7401 18754 10540 50186845
86769 10236 495 61114106
14526 4799 2042 47139208
41649 11870 11242 406358290
92558 3976 919 51938444
98539 7797 5938 16188989
25370 1150 1118 28629666
29834 8521 4801 39277471
31000 6443 5200 49832327
73795 8904 1878 98539971
97385 8329 7496 333986430
81268 10948 10808 854363098
9925 18536 15311 54663917
12537 5799 2202 31072278
25700 4551 2649 8522958
78827 11499 6257 906432099
72140 8835 1729 24471374
12706 8131 4423 59193892
60273 2006 185 72209274
949 17912 14754 6876678
75881 9846 8369 159320358
77106 1060 878 9443635
