84
72760 19275 5243 1402449452
14318 12938 7470 70422385
82722 1337 1099 74649897
29553 7333 6570 114207464
65094 15995 9172 887647123
98067 4076 2059 303008411
14491 5492 3026 77680247
72790 2395 1038 22395808
49748 9527 5184 84829920
12426 12081 342 69932476
26985 11772 4775 125615619
777 19298 8986 13230838
30967 13944 9403 400131299
29888 16183 10214 264874344
804 3780 2701 3039534
81733 12753 8671 14308371
18247 18131 14016 45935879
71861 3944 604 89121546
53074 14317 7609 550643310
46895 8251 3079 227483160
19412 6500 5882 83853409
14906 19735 14364 154924612
14699 12124 2013 118740443
57632 4303 1941 209609877
97276 13731 11694 103710706
99411 7672 375 291740279
24744 13291 8751 5237370
25404 13946 486 88837392
1496 12361 9274 18274643
69442 10153 2651 348385745
75298 2017 797 146856953
82462 8965 1211 388428685
30136 15087 10755 148210335
55297 19768 196 761443586
28656 2533 1106 43395754
34541 12940 2756 149109684
49119 6940 1121 153431372
61320 10611 9256 629319764
95489 7986 3493 227274609
12344 12311 6843 20672462
42126 17690 7336 745209411
22160 16140 1963 285835666
81668 5849 2562 125006593
29224 583 578 1172037
93385 1581 908 6034507
62455 5415 1426 13452319
50457 13131 508 438494710
74138 18959 1577 1405582390
64050 12644 10815 748101752
30346 10265 1032 29166849
63891 13330 9732 739827498
54654 17666 3693 324488269
62134 3261 1244 133902535
2290 6974 675 1050288
61774 17641 13534 100206338
99397 6546 2095 650652798
68679 2125 1925 42524287
33564 10535 5887 66465313
78223 3680 433 50223145
45985 11192 22 514664213
49351 13071 8297 79990685
25068 15585 4028 334169944
79722 16022 14189 242668953
70815 2775 1455 139284224
28711 11290 10814 314042420
93428 8540 3229 422677201
74265 2010 465 59691354
74244 15655 15433 1162290173
37866 16459 9633 148757019
72741 8374 6525 583742213
74602 16726 11356 579690180
58168 3535 1600 102157452
61027 9718 202 112884406
36161 18315 5052 546878380
62195 18673 1615 532970704
76454 6722 4112 364813719
84033 19149 17912 594494630
23189 18221 11422 45621222
64294 18957 9578 650036910
70860 10974 3508 440379383
49284 294 176 4595093
87991 7194 4832 432540901
46905 10401 7709 186579442
60065 5493 1928 280828123
