37
45636 4301 1149 83829626
21738 1871 827 28477062
17278 19272 1670 1434274
28434 10246 5904 267491163
66130 14422 10118 6141946
36978 10552 2401 276484290
40282 4023 896 30563795
2527 13584 13186 19506275
6986 11353 6615 35018359
7670 11353 5006 85059435
47077 10957 3905 265042270
84800 18219 11729 239675743
77512 13380 10015 655426362
91089 9853 8813 158404177
93283 5590 5272 478062917
11797 17128 10365 202059357
61536 4459 2229 143298793
87369 6817 1048 259125465
99439 18646 8214 272522762
20181 12578 9958 12986179
3242 6125 3437 19385701
16531 17481 15288 166095724
47876 7338 527 124694469
51327 18152 11805 708556355
56583 9949 8702 232574388
37009 19241 11920 698526148
67783 11454 7807 159789858
90455 958 60 76088135
10165 18809 13207 108209976
46079 7538 307 288162554
41299 12624 12370 409279431
48780 16246 12409 38722687
52502 8398 8026 89358134
41476 15565 93 425032000
36839 18144 1344 415310779
65670 3114 3009 204497290
73341 6247 4498 450193957
