99
90802 4059 1579 64758942
4162 2145 457 7140341
89132 7746 3461 176831052
34171 12478 6343 128400766
58612 5234 3242 160791618
67381 159 61 3136947
77635 4264 1296 73610182
4447 8311 293 21905702
51684 13849 6603 343460727
96911 2918 2091 254344463
51812 10919 4908 442531394
44304 4057 3716 109488093
71632 11027 2854 236509921
48204 9377 8089 452009030
28699 2139 149 24602338
38358 12846 7862 33541493
31690 6330 1671 29709068
38542 14010 11342 304572929
57956 1456 1202 46209880
2144 7496 4779 6016418
23632 16151 13190 11489870
74348 6099 850 399720957
61294 17715 12129 98155685
67439 14905 11327 976107063
98013 5008 4880 258454438
98220 14190 2271 285825302
35815 4760 1170 54532450
80557 6793 5043 435232394
91008 9055 283 198820007
36147 10960 8571 250612957
54828 16697 1375 379260351
43306 4681 1932 12066021
85918 18955 153 177279544
86027 8391 4987 440810899
98397 16237 1685 1597672289
10852 4106 2483 7494169
59296 6746 4931 109081865
8765 5348 3576 24820128
80805 16234 474 167389661
291 12184 660 2355701
29451 16622 7794 157244233
93040 10746 7295 841740627
62677 8119 858 413790500
21990 5010 673 26243188
83724 13251 291 656804499
15932 12142 7210 58226743
71887 13979 1041 957020152
6174 14394 4540 59971136
88482 2371 71 91178823
81362 2781 2102 160938293
33960 5669 1053 144235891
58199 14534 4814 695515496
38492 16604 5563 113407881
71634 8265 5241 150940030
70298 18510 14702 352709688
9831 1941 1169 17151165
17872 8645 2486 44968127
28161 19651 16965 384715992
99709 9499 4450 264093392
26585 111 2 2541177
17329 12794 3675 56658791
13178 8305 7118 77102775
18851 16228 1089 254633749
23684 12208 165 93869562
16193 5524 55 44659876
34428 2746 409 7965090
84534 12937 1660 635499914
21803 15439 5666 193066702
27451 7998 7674 70694761
89610 4282 976 373620015
38417 10305 2129 57437062
76044 3949 3611 83546719
18668 12340 6335 61665528
33539 16448 3619 372121196
43045 4023 700 89754048
32159 12981 1663 273968666
77933 4170 1645 258961256
20412 1024 963 1487664
2271 1741 1324 932070
40135 4571 3240 76556041
9885 3423 2068 2992366
46775 12910 911 127790780
57448 13617 11016 622629106
26730 17218 16735 10393
66786 16110 2694 273397332
34955 3575 854 122110258
61779 18297 7739 278497857
32675 1670 1037 18457240
98544 5766 1573 529874086
58541 16488 14373 629036130
91396 4634 121 379473857
42041 4309 3502 36836952
63318 9840 7630 304308437
11711 209 128 1711488
77922 568 313 16236440
93914 526 242 12856147
56659 12612 4390 531279987
74717 18753 15390 1401168734
79190 1867 1669 43916580
