48
3903 16148 10272 23646176
97340 13662 1332 925869032
81289 11756 4641 427564747
89831 6262 4591 345054111
30900 10493 2262 245385558
36580 12271 3964 448873330
76027 15977 2444 676142242
68434 11826 4828 704065418
2235 3672 2855 582395
39037 6847 4264 22281263
71188 7581 5374 539676856
3688 3843 3564 7740316
38400 9842 6313 29171637
82067 4033 3294 93495942
58767 5656 780 274390561
51294 11412 4374 5926813
42978 2751 2188 113015171
25345 8963 6366 138719623
81773 1905 1231 3310014
11220 16376 11118 148389600
21875 12822 6494 258780266
30717 8925 7921 105986876
90044 16451 7360 98249694
24573 3222 1581 48877074
91832 3428 597 273111054
61418 14112 871 815336351
56275 5874 753 122057160
95600 2605 1943 172270524
67230 17827 16336 907037912
25242 13031 6123 52139568
36799 17656 4689 316695113
30155 658 208 7627359
83652 15178 6557 1174621928
900 18952 3128 6863293
47346 3217 52 5229143
63532 11297 7888 363051605
29974 16166 1244 420210000
45105 19837 486 669058420
43408 2252 1272 27586172
8375 1550 153 12899934
91537 8057 5929 398748045
1328 8215 1810 8490735
33816 12817 3455 415269148
15974 7239 6099 63813755
12067 6726 5885 45477082
72179 8426 3108 347083671
28050 17841 5818 387361221
67337 15292 11664 731432596
