37
34725 8746 1887 272911671
65399 14284 9335 902720956
42048 12180 6619 217022340
41513 3216 2137 42551396
51273 8377 4301 309376371
5990 12005 6606 31377167
97918 14157 10160 1386225865
99538 18680 3141 560878004
76827 19410 11411 636527909
31758 19985 6968 542200562
6931 3073 1164 5718200
4799 486 6 766768
40921 12297 10762 122193496
75374 14130 2745 658062423
51654 3425 897 166832955
43450 1500 68 57187216
5294 13870 7772 73428282
34784 3225 2642 17852033
83810 13039 6735 836610745
82949 7253 3893 198354269
40340 18417 11797 190069550
59310 18911 16353 262451040
88321 6173 211 170876796
8380 5045 3807 28244680
35210 14122 10069 167244393
89088 5661 814 495189860
87653 3437 1802 245722938
60680 122 45 5423206
22610 4944 2672 98568482
30110 14171 13790 373818965
70400 2395 374 117371245
88329 13623 3342 396831296
4769 17897 6942 29618361
4944 8761 8006 14993988
30785 13344 10468 31727138
27851 10723 6094 128248897
98008 6994 66 183899459
