39
49012 15849 8295 637996958
88344 16262 13640 311918300
17583 467 453 133071
21312 6244 784 25460781
52639 19182 13475 46222014
61215 14068 11201 567366189
28857 6335 4613 176784987
44821 17728 6901 392514535
15177 11539 9023 105499120
43124 17713 16731 701439623
90619 17683 6682 1196789834
73492 7437 2031 333717831
10759 3628 2540 16450409
85007 4577 1834 31522668
74718 18989 1860 1197149459
75961 18767 17138 221835237
40184 17511 7049 295322612
35876 17025 12402 284641077
30396 18138 16908 177774828
5431 18761 12361 1082876
19493 3718 2773 4680189
62093 8364 5749 123993469
7250 6476 3295 17900645
26384 6363 2058 53281276
87807 19868 2940 1289786051
87945 4406 4011 238440569
93421 5281 1790 492104279
30820 9581 5174 72686129
91664 13863 7120 442079874
17078 9861 3854 38343442
52700 18328 1003 618297182
7262 8529 8494 48403963
42935 17126 3282 653127616
11567 17320 11035 74870572
30699 14380 10197 190135735
16882 10209 1355 93840746
60980 16783 9877 890765566
40485 15689 11954 440641624
65939 2220 1485 103634070
