67
15155 10895 514 19059692
91234 747 161 12147180
23924 16687 6411 399220441
12837 14069 4104 123977440
22133 8757 4213 87387119
589 19143 4575 10622559
39082 6576 661 61378744
74024 12423 2784 480520599
46785 10827 6750 120221925
76089 16179 14484 509914890
87889 18679 10226 1233940662
10298 8309 2723 42870234
87040 9528 1726 517710938
93389 10148 8920 701034409
19834 4708 3080 47808522
60660 10893 9835 637069203
398 19796 9198 6031293
21357 5299 1921 49861192
9601 15506 4693 107829139
92127 3071 815 242152813
36212 2232 347 78135312
73478 6226 1007 135970657
3734 16581 2691 49140375
58577 10003 4519 320302671
99243 6948 913 540279013
69148 12439 10253 490041294
81572 18586 3329 455043025
9869 10591 317 81519291
71001 5194 183 166789712
92870 13306 8695 1097371312
50669 13502 5102 136370633
56833 330 307 10251307
17589 14884 13991 73751971
52442 2436 1689 78257009
29552 2541 1673 59190981
3670 8248 1101 7301482
21371 3202 2386 64211649
39908 13790 13004 526074969
76107 4475 1522 105792520
21798 5873 4234 76347229
55569 431 305 14911870
15980 17266 3747 55205016
53578 17331 9886 642381661
92490 17359 12424 140773635
69604 16425 4123 93339931
64709 14469 10729 923755938
98545 12007 35 1148454782
37685 15732 13012 592861175
99483 16695 10192 1653735810
88007 5433 322 108509798
37444 7999 2122 299515020
68560 19413 18023 431263929
60493 10193 5198 102574368
10603 11312 638 96569349
62671 16127 2359 423879446
586 1151 539 265581
62137 17408 6926 525110294
76117 5693 2926 68894716
36176 14106 545 234591082
43635 3611 1789 44605766
9913 2017 1360 12324074
53420 17626 9145 231307693
99462 4752 2496 436627356
72789 7612 6996 424293844
71330 8803 1397 129269545
27205 13109 11639 188461079
17466 18416 5167 270718938
