23
10707 7602 5334 3346434
88929 12628 8248 920757156
93335 17728 10823 811152822
65630 13350 1767 443287306
47234 2531 927 4668134
75313 8010 3858 25034262
38867 12942 6528 36824164
42396 3594 2655 18809207
81234 10693 2485 589695607
46539 14434 8061 152302410
24344 16775 1020 327798626
34977 334 40 1108901
17305 9501 8531 164415696
66249 3690 46 82791332
87332 6666 4633 582155844
83501 18209 15866 768312584
94524 12320 6659 349696026
44054 18820 13495 714428329
37556 8681 2022 164262221
18455 8154 1910 80131175
84313 8108 6968 486790388
18126 14734 89 210808740
74684 9011 2901 13504339
