29
77555 14566 6339 889872580
15091 8534 7632 112363740
85179 17255 3136 28173741
72500 5565 1613 212777782
21705 5760 2697 118179792
33308 17142 1386 411408961
92200 11328 2896 105771768
86974 5061 1265 316789649
32615 7315 3738 238579070
64169 18633 1784 1165806147
90253 16063 3829 1135143797
45862 7916 1177 201021362
18298 3907 2810 40534227
5842 10966 4264 18960044
17552 6600 1374 801402
46063 1483 158 41755634
87532 2433 2100 8119873
55437 7201 1903 8745142
47801 7075 6888 28175208
5966 13653 7055 56339106
51454 16718 16199 214777251
66242 14688 13783 243947242
82144 17202 16250 1235556236
68627 12068 6434 645703834
77567 18095 4689 133627249
85992 12666 1137 139016433
20826 15468 9376 271540119
55103 18141 11760 859719932
82149 8090 5203 407676542
