71
14755 19836 15072 48040403
67463 3533 3306 2066947
32012 1223 1177 9275350
61768 1909 1749 77353786
37261 9474 53 215975084
79732 19990 3677 904094909
24817 15432 1144 161807428
3356 4031 922 269795
45964 12884 9331 493931454
79133 9700 8174 482436786
65872 5337 388 351558954
90778 3699 416 164816467
5942 1959 1711 5073733
39212 1066 202 21243982
51006 16656 357 177473232
64516 8468 2891 494791813
8234 8666 6902 36953079
29758 15600 15202 173665434
52169 11475 1572 180843554
42045 957 947 35461075
28920 4178 884 38533639
5165 1240 425 226483
45219 10340 6097 1439861
1719 16340 13962 24413522
914 14113 10257 11781589
85365 6415 2140 322540829
33816 11762 5056 390674722
88923 4242 2832 72606192
81975 17234 5550 1412757868
81622 19678 18537 478962281
2265 6156 2500 5373475
60883 15053 12071 901407326
51186 7043 6966 8396277
54422 714 223 38858016
28616 11029 5963 315606348
76133 10343 8865 578045016
38186 2996 1990 68956311
68556 3087 1757 209080624
71463 5095 3152 264578058
21629 3215 1599 14299730
23243 10590 9773 178115013
48131 3894 3801 180355208
99949 14721 4249 781231566
48888 14582 9868 639799694
90002 34 8 2713636
42579 18214 11146 390623505
35971 5823 69 45905548
38300 16486 4769 273741236
32323 19705 6817 407041828
3708 2450 657 4338559
9040 12751 7680 97621983
49526 1167 944 22082128
1537 3132 2000 1975312
38354 8250 6578 51898063
29499 17799 1807 51045333
94842 156 106 2115711
59489 6636 2870 291173788
30599 82 50 2463712
38420 14072 13929 206605238
93964 10850 3503 639145224
59096 13597 1596 143398870
74284 19847 10348 1259189117
23806 13979 5260 229007112
66297 19410 10243 189340216
51238 5837 668 220903841
93523 5725 583 280328944
94223 3548 1051 223968521
95811 5308 2810 369161540
77709 11851 10277 882608454
67155 14311 10900 434143074
93291 5192 2957 422143457
