98
75599 5491 344 395397503
66159 3952 3432 15416495
17607 10929 9225 105922702
38001 1840 1010 14520510
98039 17214 13286 372689638
67590 8044 3390 476396706
48714 1910 482 24654041
86912 12880 12557 936934665
66593 17115 4028 962265807
8342 11775 6046 66625874
91819 600 122 11676312
18842 12171 2538 15547115
54605 9850 4829 385443244
67647 10338 7303 148912368
16232 9299 924 20915446
39756 10173 3016 393114910
81091 1051 638 73827313
22378 9736 3422 81145260
89695 19743 11694 692745644
88877 13898 5772 341804979
34785 5163 3539 52155401
47597 8321 3621 161502995
16192 1135 492 5371935
59927 2376 145 61224716
48264 767 505 27860822
49077 5012 2001 45447482
77503 19112 4075 825508017
55289 18484 3396 943329659
9863 18426 16519 113531279
88184 11080 6916 751310307
82567 12238 11672 298412329
50446 6911 3095 159434217
98089 16205 2530 188505824
58950 12815 10513 416226908
30731 4535 2336 95008233
68578 18759 507 1199732714
57729 14350 7849 589395307
98011 7077 4412 167184866
94449 3622 3232 47638952
57570 4400 4126 175059894
62408 9039 5887 564106507
79359 11217 5351 292440313
12389 9832 9327 4098843
15288 11180 2218 96035784
77654 18938 5414 1185362446
36045 17152 8556 348617349
35970 19212 6225 74952842
4599 15776 4077 62286567
49979 19348 3013 717540743
12108 17267 17210 45591714
80823 17002 2402 651858787
14606 1488 966 7289246
27977 6384 234 139144742
78556 6539 1093 70440552
9003 11975 10418 72731592
23984 6266 4021 142831353
33297 9415 1690 27915945
85438 16504 5491 870989962
12564 12936 2588 3223596
49274 6455 3993 253416122
10565 17535 11256 185258095
30969 3936 215 40953251
56498 4708 4265 160331923
16043 6127 910 37681818
3991 2669 1099 1721779
84473 14636 4791 157860624
55269 8549 8150 472495445
2413 11517 6124 19502529
14495 18032 2927 39178636
14395 11720 7314 95765754
86917 14995 1207 379518232
33638 18797 3154 278504648
24092 2741 1707 13948567
7383 10586 8720 18525992
74566 16412 3086 379900033
12334 1156 602 4523897
10508 10136 7832 83737168
74833 9705 403 501268835
77703 131 37 5379421
75738 18034 17453 817546907
38333 9518 5003 232977441
40520 19079 12628 639413035
84599 3859 2758 103119616
52290 8107 747 284828300
6844 8052 4334 7065586
21092 13490 6874 32326495
72875 5529 1843 84634654
69086 17701 10580 49698347
12392 4800 3515 30551196
99088 5084 4923 410884009
33282 11326 5031 32789256
70029 18240 4308 1016012374
84126 3440 1607 53486251
87009 10062 1329 586203576
69452 14271 797 564960987
95808 16783 14985 989403784
13539 18554 9196 176914290
59168 16853 13284 654698815
