66
61648 15928 6974 633835690
71657 310 150 22213990
96432 16350 9028 620970870
89406 17577 16427 1097242424
23721 1586 560 36534579
71712 11312 9381 528461375
59604 17352 8095 1024219910
73524 521 85 24025493
93080 6107 1450 105208079
94495 90 6 7700596
15283 4687 3398 64969953
57935 30 4 1207427
47489 6876 5180 219994022
92010 12995 4889 1189565677
25800 1995 1780 49452942
92859 19425 14564 1264854677
32047 17522 16240 477734833
8827 5736 1832 39398007
20055 1411 295 28157456
48739 2118 787 80228911
11964 9852 1978 96316446
47846 7296 4786 96834569
4304 3052 2725 13136320
79358 9369 1940 730609438
93260 18684 9740 1005498194
97541 14110 10906 211433946
97017 16735 5378 944747706
43962 16261 4500 226286733
87276 15618 9857 227714695
2004 7484 5020 9980223
2858 7259 3025 4157200
45459 13302 911 530894059
75262 10383 1137 32295248
15125 19970 10191 7680174
39357 104 49 716841
20208 5293 1668 35249432
52886 1098 281 18575134
87878 17570 16780 151008123
99466 9463 2203 939277677
29727 583 527 2050653
1255 12086 9170 2032854
73875 12995 5682 69923109
49717 13013 9163 578032363
67699 2076 687 73389362
30928 16522 11804 24571511
35643 4910 3946 42486732
68497 3742 2029 219494903
1641 13216 9675 7992123
97184 8635 6419 839183952
99760 3256 3203 63152015
6370 17511 3757 16628738
23044 16241 1411 136676973
21342 1916 1389 24975892
58656 9842 3168 11380449
57931 7939 4841 126713371
1890 18231 112 19236190
12357 7495 901 37022765
49575 17032 13431 255040792
58432 11443 2925 244112893
47409 12730 8871 409893694
86840 8037 5425 35001886
96887 19713 9297 502868025
46624 1746 832 47157977
10473 17260 16494 8647075
72425 12292 3566 170340118
92160 3171 2364 43872611
