27
2271 2021 1821 3012360
4134 14114 4191 49935067
68205 10411 3666 84227640
55881 18697 7049 952981550
34309 12571 3423 70463053
1696 3465 3178 2072985
64962 3306 2028 184799935
67232 15647 1901 1011648167
94267 3254 1871 275411023
77033 14675 11759 954203941
47258 14789 14748 509687798
70727 5022 963 175221641
4919 6245 5098 29101186
22074 12158 2763 60805816
10582 13769 8047 31054543
4567 5287 4109 5605406
97564 3166 737 173665992
27794 6090 409 94834394
76592 5862 3603 334285421
94310 15958 10773 1202191506
32825 8450 2083 160716653
57525 14303 10459 623537927
49647 18266 17402 284286288
44926 15476 9692 30697597
16926 3895 1405 25322192
18920 4179 720 35413955
93197 841 152 38318210
