22
72151 19227 2748 1311320891
77942 3199 1733 249336984
70560 7775 787 446266945
32109 4375 1849 66069656
35976 13183 5423 456150134
83282 8048 3757 479383604
60553 17931 14953 294506231
94668 9461 1126 584686915
5307 5238 2065 27798646
21008 19694 13858 78223498
27984 10883 10707 7099298
55132 3352 901 145960137
74407 5241 2043 389967445
32700 2824 2534 49790399
58982 13696 9104 11077717
99967 2673 216 238923299
27375 9370 1781 173877403
73430 17253 2228 19989756
76580 13764 625 5487338
16986 15759 2284 209604583
20063 16705 14431 20391133
55774 18704 5253 931435869
