29
60356 13661 12479 492972771
14864 4657 4238 57304581
39487 17751 15622 549070557
88960 2542 1588 158061164
27908 5843 2501 35536013
96473 15798 6754 403658658
19929 7818 6290 103556391
84241 16489 6846 190878587
49199 3746 3236 148496432
16640 12674 7373 60084458
26568 4576 4452 48670167
15135 2680 1368 27986370
46860 9535 6510 357945118
99061 7517 657 433730656
39776 10361 1180 151840517
22211 19595 10738 221748767
1180 2223 1973 1077521
99519 343 238 12095302
70330 8999 2033 332608137
51519 15606 9993 116121337
69759 12158 4953 807970942
38296 9077 5856 86236752
92508 15271 8718 587585120
82870 1529 1225 122316107
34494 17732 17473 255901289
73954 15381 5835 576715563
13567 8139 6368 10758400
54731 15877 10333 444973900
1174 9101 8097 2752866
