57
48295 13431 1154 79591663
66155 19987 4595 1236312565
83121 1322 709 107320859
46801 7618 5470 244275264
84397 7631 3960 117476586
571 9925 8582 5612437
43801 8441 5697 116093318
88473 19731 13534 218459686
1950 15834 14722 516682
65305 11783 8007 338681401
63036 12736 5503 733167038
97947 1961 978 96488870
14717 14117 6615 77826410
92724 9877 5177 619803057
32557 11724 2129 23493144
58849 12872 9932 244928300
79939 5105 2508 221969460
52051 9454 6032 28477872
1073 2975 2631 194389
32741 2535 1862 44049668
31137 3051 2115 60064883
50764 2193 670 82394998
34010 17063 10029 78352196
85864 4373 1373 323570929
37702 11387 7341 54006271
57671 12351 877 29249363
53106 959 279 843772
57831 3620 3192 15502255
15749 11169 6508 133345057
7581 7762 2739 58844348
13031 4259 108 287814
26244 18827 18249 401638611
72174 17242 3881 820177920
99321 13013 6119 351309920
1551 7002 4139 5116846
34672 10668 8563 12020212
82837 12562 10842 809015004
71919 11711 437 65075231
36920 6756 512 209600880
69621 18155 15209 335887306
36534 8533 3549 27901494
1239 13585 2900 5278655
3323 1917 1343 5167045
21265 17386 7011 259808736
9161 7715 4160 23898321
74457 3712 1293 181483770
20932 3600 2562 41411402
92767 12444 5662 1083538987
96402 1692 112 11069404
13515 10766 5974 37472912
34604 18019 17141 148566200
49537 10525 3435 438975286
40385 11713 6043 426266584
71974 2845 2342 25375172
43634 8942 1404 365301652
97480 1952 1206 128922074
77951 7472 7038 112678493
