73
65947 2125 1233 140137426
71991 9437 5266 413271442
39727 499 99 13868885
79890 4997 821 228647089
45824 4538 3520 165160761
69263 9007 1753 616763632
92523 15544 2331 203296443
13933 5527 3164 4000495
41898 3758 609 141675980
24415 16611 706 241357223
58598 19274 5577 701784089
70054 11330 6202 321129161
94301 13476 383 827555180
46824 16262 2868 702479640
51216 5206 2539 171926926
42734 14287 4295 513841200
10643 19436 4243 182364502
77514 13656 7866 679855882
68645 4126 2977 72281760
66056 2573 1305 149106512
8268 9753 2339 44782085
80111 17059 12216 447081491
77682 18153 16260 1108248150
26924 10797 4392 265347256
38416 2111 344 12269401
43228 5752 2610 59602482
34446 12085 672 97502993
33299 11597 6300 96664209
66655 3125 3060 181670612
63403 16234 15871 321558002
57966 11040 9848 508765845
85941 7864 3690 611421387
50808 2120 1031 3953384
21934 19778 18972 271780557
24641 16860 6443 258428676
81170 15904 14119 904556163
87034 9902 5479 143951065
23423 16045 3742 93149411
40772 3510 2632 137777067
53980 7313 2791 21817261
70692 19530 487 1271258282
39552 6994 2555 106552399
44522 6539 11 60807020
34503 18807 3919 33234708
887 10295 9359 2752413
24859 829 741 1261127
1741 11795 7965 20208053
35238 2478 1190 85816569
50090 534 440 21585999
33193 15920 4669 82524976
50492 14070 14015 619833308
75971 284 277 8255576
16792 1833 790 4646460
25307 5089 3557 23006604
99254 12909 5693 25052265
53804 399 352 12295154
44155 9139 3782 294913919
9476 8443 3509 65530555
40852 11102 10083 245084360
48354 19207 3191 242122913
59209 19860 15311 859554162
81745 15781 14334 1290017939
69769 2079 1192 100122444
54827 15174 5450 211652586
56446 6089 1971 165880740
71539 18943 2994 964960813
51484 11085 3239 351783890
46233 8971 6388 122957170
4505 19556 17874 45982560
50065 1067 593 39398418
37446 12892 5078 265005051
27544 16133 8760 29010229
50275 4547 3934 13548774
