48
52122 19531 17173 757306172
70145 17696 9826 696580390
27566 15311 3667 215225234
54017 9291 4207 106145083
21222 13538 2740 134353132
34718 8378 7498 279619156
89707 3484 2585 230117854
66396 16322 12567 918771632
21827 1381 965 22625429
3950 14782 5044 57239199
208 17978 15755 2820564
71762 14586 10287 739442205
99637 16084 939 10942024
60969 10250 1923 555812662
65636 12355 7658 27429132
63092 13105 12490 662870623
80339 16663 15571 681019567
22699 182 41 3149147
83840 9827 5471 195662322
21578 2289 971 48065961
54568 4213 420 98635480
7585 16530 9214 6147916
92266 11997 8401 22670255
79308 8231 4010 542628175
69995 2760 2647 57530818
49322 18489 1438 826468955
84174 17396 4420 588112540
21694 14493 14457 242686150
12293 8646 4807 6181908
94569 9844 4617 158395683
77784 13783 5894 1003351678
96667 8162 5267 560116225
79668 18595 16078 1475765890
87256 3091 544 122164780
98612 15556 8009 330649054
60745 7398 5280 116433532
40966 12478 9625 51669999
5126 9932 9058 22954600
50952 5968 1454 90211082
40679 19895 10436 30436002
61017 10375 10361 633051892
98969 7415 3817 27200924
62571 15794 12106 583301002
20981 8703 4084 86048920
86555 8458 7099 207902738
14624 10446 2405 26522403
36397 8981 4808 41860690
18020 12136 10032 153711833
