56
99495 8195 6116 504720612
14505 16221 7589 235286212
44936 18089 3431 732523563
99854 16178 1064 732448236
86483 1987 1706 33942876
12274 1617 948 14980541
25910 3999 1143 103615021
8309 15177 7874 34305564
70765 2724 2087 64971036
22286 729 85 11581137
32027 16674 14598 516159986
56262 17572 14760 736759431
42203 8950 3180 60169787
13150 7416 5865 45387357
94333 12389 9186 879324650
59724 5359 492 320061803
10009 8143 5809 23544854
35713 2372 647 68275015
64814 14176 10143 527918632
58695 11562 187 106504726
71018 1879 211 79840244
14935 7690 3210 7120594
34844 19411 3572 462548445
57162 10737 1058 241359679
33061 5533 1983 53781915
13692 10883 9864 43106278
25685 1756 246 44575879
31482 12020 11507 58393154
46664 9897 4860 164225216
67625 7820 6374 219800402
35012 12429 3117 80220529
41043 17147 3921 28050975
36976 4336 3525 23405497
92130 9949 791 405706489
91179 15622 9898 1319389294
29597 9087 6903 49566611
97203 2156 1018 70815210
12286 18518 1157 163630494
66822 11528 162 18808160
3000 19693 5697 22597035
3366 15807 7066 19237553
53759 5758 586 190220828
90263 5840 2587 56592999
64554 11141 7911 235280634
9262 7960 6884 316321
93727 3479 1099 262867521
75010 10332 901 210306225
57002 15254 12474 227960208
14599 11742 8933 108530357
54502 11652 11329 635058043
49118 13526 11676 298321702
75894 19477 15077 988956735
82283 3469 2286 285440240
75133 17905 10503 1345257038
89948 9195 4639 260546991
44384 5391 3735 91144029
