89
97776 12542 2814 815932264
93393 17438 11012 1628587669
94433 6539 4681 516149269
90034 7380 4340 610261525
77481 1221 690 42557095
50214 11 6 552798
8306 4150 3080 7992354
55414 5002 4058 35810068
67224 1958 426 80401822
85453 4401 1806 45940626
62507 13251 373 828280430
48677 7047 4774 80859960
38781 4376 2358 91510731
4839 14020 4077 43420639
84114 2583 1528 133102097
77642 18515 8686 1268164161
52958 19545 3658 605149532
20792 5879 4165 7089424
70265 12761 3989 775682848
97862 8094 8002 261438271
21627 1953 1430 17661336
83056 10259 8452 692012201
84988 630 522 39596767
92139 11356 2269 696578813
46414 12901 7220 325667164
38413 17359 5460 335075046
31034 16794 11035 360537094
67015 13993 7518 736605684
98035 2188 400 152698763
20672 9079 538 181478594
80023 15645 5423 300686838
36796 5160 4413 11352244
9211 13863 7560 21615773
4651 808 644 1257871
38333 3870 1097 120024698
92355 5722 4446 181313764
85140 16871 10122 346524610
55024 18269 10769 657111910
46563 2457 27 103430809
10549 7771 103 31434705
54252 4569 3406 206653112
84869 4647 2641 83602284
59446 19955 14864 1140082857
35833 1629 58 8613156
15880 4079 3256 63258221
66353 6246 447 332255246
92233 18010 3159 324484999
9916 18776 10023 110549921
79216 8362 2007 628453698
94227 15776 9983 1021744395
9669 1199 633 3201113
47352 1030 629 5498092
26200 5154 2507 40273966
93746 1716 908 126998978
58714 14352 1348 14578610
66139 14153 2218 344726714
93240 5550 2256 371988387
77669 94 21 4124627
22437 14334 1300 40700009
23308 2630 809 61129566
29510 10497 6947 164123334
11088 16264 4621 9685463
16299 11002 9567 148178895
28426 19695 2104 553980828
73755 11090 7670 462326699
37442 16404 3830 245643087
30640 8099 1206 220285350
11262 836 209 5253660
28797 8804 4653 111537768
45870 9792 7932 39015148
13155 13687 4419 116510686
49551 4920 2847 88607449
32433 4445 4137 92467624
24282 12593 3084 196600197
36840 10385 4744 94879234
46666 13454 3419 363789710
83834 16032 9826 12816815
6362 7399 1860 36427404
1513 11507 10389 4989449
77131 2923 744 195729025
93755 9217 614 42646827
18486 12049 11907 11396795
56859 14958 12427 377767496
79912 16013 13168 592171200
12532 11558 6173 144845775
1464 389 273 312445
18545 10342 4163 145501369
99894 15194 5416 27821013
55789 18832 18160 414271744
