73
6334 6012 153 24192322
23332 3148 150 380421
796 15329 12554 10094590
57300 10391 1682 53300165
940 3948 3263 813569
75802 19366 2027 702777426
25771 13521 2722 204371677
46445 9295 4305 243747827
80832 2184 174 170888366
47419 15137 5970 200232069
73644 1217 254 9515984
26328 4182 3212 70758780
24321 14240 8917 86857334
29997 5549 1813 23993114
69563 15804 12948 71913417
46437 12061 4929 553989194
63024 15643 7439 143079158
12570 9376 1751 13988976
6855 16466 6559 37398751
9229 17858 13522 74166190
95660 15152 3727 1291731079
97194 11778 3383 436635375
20789 7897 4085 83687530
53067 7833 5063 182727861
57482 4819 3708 118568491
93147 19267 10507 1229349958
84947 16323 9762 754607000
29333 14291 11234 417335399
48889 13337 12853 478061149
3003 7268 5374 6878464
39784 3489 3306 100826808
57162 19961 12987 1033681225
86899 12598 8107 287070635
60262 702 439 18121424
79466 15237 2754 63062861
22789 15874 9901 252917531
56494 9992 9376 552368988
62169 10 5 360086
49840 2216 577 78500799
51819 5745 5203 214270474
14904 12720 2297 111755166
66427 10362 6077 19352927
43473 7874 5845 278308445
82883 5666 2585 301784357
40091 17154 8206 65940439
37401 9168 8448 304041213
87414 3251 2716 272405766
44813 18893 6871 3112341
98741 8086 7162 717506404
4086 5334 2587 10367497
67976 9248 4541 319281918
84107 15755 12319 580051613
87746 18139 2935 1160170973
38980 2115 2007 36119969
22202 3626 41 67623866
87738 8928 1826 371534645
23382 12930 11220 184343966
57647 16143 8344 101933346
11876 8886 3376 59230120
82903 18662 10165 282027971
57463 5048 1192 248916289
79703 2693 1853 127666825
87472 1873 1335 60853301
35861 13120 9885 244753030
74111 5519 1242 218608156
2128 6738 4298 6474684
84361 1419 1218 105262999
82528 12818 2140 942704650
6001 17921 15483 56432764
42013 17163 186 121371323
11373 19772 19026 179679525
87269 13844 8611 916447612
64591 12768 10241 824698749
