49
25160 382 258 6811051
28619 18936 13735 375994076
59578 3266 233 175842060
87420 5665 4394 91666868
8756 1326 31 1334095
92432 17223 16551 79750849
15128 2183 396 21347423
9987 10875 8772 15640308
23185 19227 10243 411905337
58539 8928 2005 170382384
32191 14797 2431 222945258
22765 10316 1832 127690464
22276 3079 3060 64133333
11575 12844 4308 57898470
27803 9124 2120 147394122
40447 16164 15224 46653977
91016 15664 15030 1425675179
49377 10824 6090 216668324
30989 7257 1604 203568786
90244 9243 6128 804329128
26740 3818 1381 27070504
72325 17621 4384 58294275
96282 18976 9561 1257974826
6440 10512 570 34738414
97212 13355 8394 625829470
69255 12475 5261 447348953
78703 14697 10280 853265970
55429 10308 8529 54651152
56215 9307 6410 454799981
31810 738 8 15680388
18571 19210 8569 345495704
74129 10586 5622 586085498
8796 14120 9845 71768185
13174 2418 2395 909118
66059 125 13 571812
29709 4348 3403 83780190
90612 1430 1311 61215433
50272 3683 797 139535868
38975 8958 4788 290224367
72755 14463 12596 161945130
76386 10745 6508 329595695
32004 11068 5176 29091402
69874 11138 10175 263078958
32050 19644 10501 576609557
85398 12993 8609 1076565072
66854 1641 260 69282299
44772 11783 5760 39575235
94481 19374 4410 1196950485
72656 2710 124 196852502
