75
77644 10731 10163 451684802
11577 16174 816 43875823
38129 19922 1547 39838087
44797 16112 2280 24502336
97125 17074 14126 554245415
74697 12910 7236 437705121
71734 5896 3004 186609664
62377 19295 11092 851884257
99964 4934 2442 231356888
6707 14201 12050 61049257
95032 7051 189 173161748
96075 5455 3727 462421084
95839 14207 8324 451798445
43238 3914 402 2054745
19403 7899 4024 37967040
25137 4697 1195 94558676
78724 11035 5737 108208590
374 18729 3267 1439652
85013 2347 563 190548414
80330 17914 14478 7221968
19496 3821 2380 4715429
90814 5567 4221 78450021
32979 10249 7185 67367027
18962 2802 2710 22753816
9544 17223 12901 141114336
91826 13924 6508 1205178791
71553 11150 1451 586468518
65062 12262 5451 245975530
28716 2335 809 12865317
31978 18971 11505 214080941
8578 901 194 3299401
18830 15023 14636 264201414
14377 4987 786 58334984
99019 5694 1961 85208690
25783 10802 7368 132945900
7283 10161 9454 59934817
344 15936 4573 1129584
27655 1905 956 19959575
69887 11516 6285 117478194
2161 14630 1759 24433874
62109 18040 9737 165072684
76970 7560 5650 261267110
24872 17523 7058 303845939
10267 11519 1442 76972714
25916 12993 8554 310029092
79124 12207 4088 722437469
94279 12483 10901 466485981
51098 4180 1347 198406653
33663 5591 2652 21032796
9280 836 563 7488929
79633 13232 7354 754424389
57696 5721 5676 320005364
99787 2426 1805 193741416
47556 7693 5195 172900741
86315 7060 178 105615663
21451 2729 435 31867881
43719 5042 719 28880806
21210 1802 308 18518007
64484 8961 8749 114690180
47132 6037 3651 39265842
56719 17704 8011 149508779
20635 14778 10141 302667189
65131 12076 9637 156789287
11896 11346 1031 116492179
16125 16043 1572 196470342
26372 15809 5278 118837919
77943 7873 89 162939819
5948 2566 2465 14423473
8758 10865 3867 72791172
45446 12556 4916 277589778
66270 14240 5379 420084603
30950 9140 5271 282883457
28029 1209 825 33887716
99713 4269 2851 102133960
70002 10512 2720 172035351
