34
2725 13591 5352 32648982
73447 4459 3239 17728638
47766 710 450 23815886
78431 2911 1158 228312861
84908 11263 11245 160521652
9009 14822 14106 38071968
37283 17004 12103 571111879
63704 16018 8117 841294082
98816 13487 6895 228193548
24888 10035 6848 29796633
64923 18762 2897 903017941
36185 13892 11210 371125238
96381 6989 2015 103708101
90658 17532 2454 973033401
69931 8376 2927 31269301
88758 8493 7673 81496190
17866 12136 6763 70746510
4465 16623 3570 50026137
32014 14831 11326 474799871
57636 1002 712 33102547
97571 16828 8507 451810496
38354 14574 9086 365967256
85651 12995 3896 300034483
58911 4674 3888 196934795
22121 1220 898 16147403
16550 7646 1323 124601419
68856 18293 12226 524988365
36305 8888 3296 35307827
36531 12606 10918 155492720
9979 6720 4425 10044055
71359 16410 5706 672604240
97884 3073 3046 117926144
84908 8723 2029 86958725
91230 8926 5211 207233655
