72
75133 4524 2981 21864161
7684 9682 2913 39243658
26970 2126 1524 42248027
37287 11452 277 427010943
69588 13474 8575 514453125
5750 12946 6718 17895258
20500 12347 2588 116398
96575 1515 1313 73875773
85015 3732 466 241294237
55925 6250 3971 179886266
19235 3837 518 42912429
39171 747 262 11451767
37857 6333 2289 187084242
54059 19083 7711 163558115
79392 11767 72 834006279
64787 17068 6809 21883467
43738 16927 6288 507571441
46492 1497 487 68583182
20098 19565 8329 64862424
67884 11361 3364 44262416
80402 14139 5746 38744197
84553 7911 238 332865229
74713 17679 13257 282938075
6884 12272 6698 76693422
87091 16002 10321 563399419
73029 6083 4789 363107713
72802 945 62 42069469
19723 3904 2430 64276041
50893 17004 14187 447172340
91630 11023 988 748018156
68124 821 42 37283818
63528 4556 1776 284221231
41641 5058 1155 131286616
78746 14651 7143 596229114
51271 10627 329 6305255
89428 15586 14991 1125521576
74556 4214 1522 85005717
12771 19912 4482 139798190
81281 718 207 57915494
50879 16531 13568 218290839
57943 10082 723 37756193
35058 19070 144 123048430
33096 15841 7489 367529198
82494 19944 6161 670587525
70616 1322 734 5180371
37599 10533 3440 69274163
96790 10839 7587 335067616
94335 5360 3178 253126826
38352 5070 2206 194444820
15849 16306 6241 210794591
25663 6565 5714 18551945
86852 12584 11419 236342849
89792 11841 7305 327825314
71902 4505 872 57594662
4424 11718 9678 41419176
82340 3480 651 163193717
36841 7446 7198 266300183
9051 19411 19380 58388285
77978 423 230 4376853
30474 19222 14261 271070596
21443 14278 11597 12435813
63087 16923 14753 431761507
63835 19921 13180 1053225302
57049 1161 109 56864065
25316 16341 15244 359889301
64341 5766 4274 370990238
31106 5566 5228 70589558
46807 1995 288 12523976
93151 17442 14710 362820101
39511 18902 11992 86972489
55397 19725 593 938018342
57935 5084 2204 74255739
