41
18343 9066 4274 68568105
60180 18556 18154 1094633195
14179 7016 1613 99480559
29825 13008 5509 64299183
52887 17823 15783 691664727
75076 17182 6900 367895133
65024 7037 6727 175908075
60973 912 907 35745329
68567 12555 8451 474717339
66358 12976 3208 222912146
93495 2336 2036 164273369
46591 10823 5597 328296326
81917 4308 1499 340081315
55601 13934 11194 733479717
39459 13078 10013 70160273
91823 1079 667 8369092
66333 17059 8751 235130535
79571 19281 684 903166279
97007 3237 316 1533117
13882 19593 10961 49572501
43035 5037 3911 140528204
45641 3893 61 88550127
69007 18882 12148 581990442
99422 4040 276 44660541
33231 15395 6722 53834306
61599 10305 5833 491642091
55624 7831 3140 359544875
44321 1613 63 16090723
27117 15751 11822 132059861
20831 6648 3961 102717770
1100 1991 668 219095
95552 308 267 26321587
89202 11930 9851 371323486
85135 17959 17318 806630163
81847 3886 2596 52891343
55935 15066 6160 487131978
85407 12189 647 297064301
2462 17107 7368 28507794
1118 13640 8199 15034335
90369 17078 76 390534958
37766 18254 11041 580524229
