67
79551 12426 8173 324150011
63285 6875 4650 220856098
94645 10479 1650 856722682
21851 11994 8624 150781527
43753 19065 2348 778571111
3567 14142 10725 30722898
18244 4226 251 64449239
57019 14268 970 428478932
60961 16800 13393 37002588
62419 18952 10116 1159736538
3114 3105 2066 1698409
1693 1639 1064 1146236
76380 15295 6787 947692732
30394 14005 11616 58897684
86134 16864 4762 967333766
71526 12185 5757 774629963
51937 1690 954 84481652
42908 1864 314 75866917
79444 18388 17717 477470129
10474 15247 11949 115769263
17245 14957 6418 2631400
89699 13372 3774 602493033
81108 1922 1751 72080235
3641 1320 1254 2483959
50102 3990 2757 154979904
23322 17124 14524 327129654
85992 15149 13844 641550321
30727 1866 379 15715327
64509 6357 117 410084585
76918 316 60 4671091
4757 7082 5005 23090319
58745 1489 1121 41108280
99384 5176 3497 104217041
17503 333 52 3640721
47729 18073 4178 221973063
95541 6949 3598 284247793
76805 14813 2582 745236103
88124 12510 7788 982687668
80942 9886 9440 641665846
25813 9818 8893 86281811
45075 13571 6787 253547828
71283 4944 3803 35358623
22989 15631 11760 359341569
18690 5036 1806 19830244
44347 15083 14391 14521897
11371 12613 10643 43940629
67074 12592 4148 152173463
83062 18856 14402 1085553718
65970 692 162 9629922
77327 2466 1340 14792878
93316 11365 11063 284935568
19162 11489 4252 124350678
45595 4297 3062 92310789
64674 8976 5614 346092446
62154 9582 1972 302579886
89771 19662 5837 744859701
30869 17160 3932 389529779
24401 6289 723 153458382
83792 13487 935 204451266
1980 16684 14002 33034933
95050 6021 3953 241703385
32708 2026 1609 17105643
6974 5954 3128 13521024
86506 9494 7965 768263471
51924 11250 8523 162290955
6679 15215 8570 49767867
51385 12354 989 634811287
