87
23643 1319 1016 20752737
81604 17894 17320 723423982
21773 9454 4802 44955794
41886 14044 12513 285750551
14045 17939 10645 119470303
73725 17427 8109 873882932
44711 2344 172 104803557
39150 16744 12424 365566186
26146 311 196 208684
21846 14140 6772 105749837
29577 12251 12159 82380462
78310 11380 1751 564865240
64109 8831 8748 547555135
77223 18389 11374 360787072
95048 3953 1301 237494443
41992 7807 1677 199393930
21948 3277 1701 18327930
435 5320 1867 1435957
7518 11245 6091 8020957
88935 15043 3496 597265954
21507 18910 6312 190454716
21275 9889 258 168893910
5794 2658 58 11490089
89403 3040 147 13110381
35156 8160 3906 162364345
88800 2033 883 32287501
73665 5944 2165 210792066
7784 7997 4556 12512744
86046 4451 3794 179869077
85514 19711 15046 644147195
53872 19598 18147 1055783697
46109 4096 1702 186761292
26195 5115 36 9465536
32053 5780 1391 13292609
54490 1172 406 12814704
15049 11896 6845 49092700
25443 4189 274 106580779
59923 16225 3707 596459321
79607 15145 13247 430237707
68329 821 749 22805980
74426 11168 4951 448678803
72659 12685 9356 728967870
54089 3294 3088 59990663
98867 9393 6122 112156249
47666 2151 1070 56310397
68021 17631 7353 60535791
30708 4281 600 55712534
91947 13678 1342 55549415
94705 17199 6765 558300635
39907 3842 838 67590956
41871 18315 11875 361599530
54934 2328 74 75862853
63457 16251 9671 166639485
21388 17150 13920 260300954
22611 6085 2835 41430296
88180 2047 884 15229536
56596 19068 7404 1029811356
91747 16501 16323 493806683
7939 5778 3212 23698068
53847 1524 476 8542004
25793 16555 9782 230926814
96653 18048 5017 1356548169
41056 4041 2493 21176162
20593 4167 1425 30065204
29449 13091 3234 55002585
95791 16303 5908 589193591
63583 18058 15834 1043127869
50579 9467 6738 214531624
5468 11506 6493 5908546
86502 6341 1715 466838147
79046 1068 898 62943754
53609 18952 10875 85940571
62830 16507 5084 887527658
39905 18626 15646 677317143
47592 1916 1517 6947646
22997 12425 10631 110250506
92444 7193 4699 15777863
65712 8167 2380 400833399
37805 14560 1716 246806518
38014 4223 3578 98431731
54858 9401 8860 178360645
46503 12776 4367 213666323
43831 7305 2463 276633302
58252 5760 5749 312579711
22795 944 144 18716459
95528 2094 854 153820325
18732 16093 2819 30425477
