76
85914 15010 9426 599719325
4759 12684 1319 8211977
17746 9661 5101 28128909
72677 3090 368 200952771
87079 13040 1552 731464136
48757 15708 11471 656843417
95193 18036 17289 585800229
81392 12046 10090 980448934
31114 18853 6857 390751907
99295 2644 1907 53140301
52396 19582 6077 38638738
94502 7528 6598 647608394
71453 11410 8598 523021450
8205 11341 8676 27964233
33442 3021 283 36898835
68952 19677 1100 685147513
69823 15652 5793 247090777
91691 1065 399 44265032
90231 636 221 51105116
45046 1330 1126 28437143
92477 10955 9869 571183186
90858 10637 5538 385058057
72814 1939 489 30111439
3654 2059 729 51760
53347 15156 7231 743961929
90354 13936 11229 749078443
53743 12498 3156 325520258
73889 10047 6062 742362842
84074 5124 3267 267217212
95827 1956 851 129972375
57202 15288 7572 275898989
23782 17570 10507 369103461
98375 2993 2371 294436815
86218 299 110 22648615
91680 17494 12906 523998599
23402 478 131 7174489
20109 3696 2930 3240624
28452 6099 4788 82215693
62403 5542 1760 311006901
5730 1801 1038 3319433
2883 7791 3028 9383152
94820 6724 6461 402430658
23138 3837 3552 4950396
80169 11582 4755 389372136
65009 9331 8375 589862950
55600 13489 1307 117831629
27449 5754 3477 115991578
21838 6472 6202 74137176
33162 2255 1563 41299689
76407 18251 10907 1211770922
78412 9565 1933 54092341
44304 18506 363 60981143
36923 677 142 9948251
83485 15869 13402 591055557
28405 1808 640 29758636
42267 10509 9902 106404017
26734 12515 7744 227216053
18013 11558 2808 193061013
28003 10897 4720 53427957
15067 9267 6776 36230981
41586 3113 1757 108237943
81838 12268 3510 6848978
44778 9378 2204 186801988
98867 6986 2899 445353438
48384 1801 890 36013138
9677 3718 838 22922102
87675 12507 5606 497454449
91739 3940 865 286187960
711 12395 9289 1243311
61550 12298 5398 63324876
74816 14322 3754 1071515375
55895 7201 1682 321428235
56026 8171 3739 251975482
82667 4175 1326 149063664
88484 13536 3243 258289603
10736 5959 4339 27610035
