97
31266 13307 4670 339628191
26987 12041 2034 283118585
16871 4388 2625 54234522
89881 6514 3339 539016286
13717 4219 2246 55497191
81786 2768 2714 144834202
73156 6330 2784 79217070
75115 6405 5323 66052676
75154 169 70 4608441
84466 672 581 54172973
12780 16509 4854 94014371
52417 2987 21 67184371
52905 3544 2950 74233645
69708 4806 854 151281542
81835 213 133 11075721
12365 17784 4672 164650776
38379 5697 4937 218645526
64281 6370 1061 312571916
22416 16250 13415 166106310
55131 10101 4747 102570432
14604 11384 5175 105580757
99857 1388 386 29286031
30427 12971 2430 161495730
61623 17151 9445 442236251
77434 2656 156 41556672
10496 12413 11997 74229757
86756 10167 5172 266444813
2576 5722 5424 6051530
11299 6413 2702 30103917
78905 1352 1017 100227454
77274 5272 4446 324932697
65480 8950 3339 185111419
69711 5484 5042 364372438
22281 15416 275 305520280
21922 1587 770 28058220
46886 1204 836 44213600
67937 7059 4655 237935381
62143 7804 4745 74926774
7589 10773 7357 31843534
51200 12472 223 64959965
76526 10375 8513 789139086
89210 5583 2252 94431586
25104 1025 586 19419303
87579 7956 348 497431499
88596 2478 35 135939240
82209 10510 4978 864017436
28969 12808 5122 326967464
32830 13596 3434 137638846
37486 2730 862 63959347
93518 1481 754 15274040
30906 7196 5951 107350159
29259 11443 8692 122597002
62316 18420 7594 70608472
4013 2309 2225 7693588
66209 18086 11590 917600952
92881 16111 9231 1238456790
44393 13792 1775 361142138
38099 19318 18439 654478482
60978 13343 10559 758762978
72816 16506 1233 438558483
50328 17464 9726 794702486
46233 1086 201 12818629
46850 3307 450 109331226
14348 5642 3518 80951680
97444 11295 3787 85628394
55199 1488 59 57912753
46979 11229 1165 26529210
86546 10991 8928 341092451
59787 11705 10860 674595961
12119 10104 7934 105380794
95270 13417 152 21338977
62158 10720 7947 657124989
59934 5518 5359 330716060
65329 17287 14391 450215944
95791 10905 10316 9113985
54135 19914 11687 135770967
11223 1813 1295 5793508
67129 19960 13423 56849780
61692 17757 16017 169589766
70988 6017 3053 336668367
17681 9753 836 172443219
91602 1451 645 60360973
54741 4109 2249 95785004
30233 4805 3049 60721389
68226 2511 1807 69527078
83068 12580 11939 987079696
28715 7450 3679 124438412
27662 7735 734 121078108
18187 5449 1695 73126023
84459 14922 1807 1005474456
15404 11616 5006 102394484
20993 12582 9495 262175394
1597 2593 1995 2360438
17076 1827 19 21773780
78558 8179 4318 114686297
32341 13319 2054 64954911
63872 14220 11206 278411995
