43
35185 8957 3685 89022098
96780 14984 133 1380681393
16580 14222 1842 152300308
85942 18862 10249 1026130516
15495 10542 5282 37546744
37028 6032 2300 178852858
74112 1846 1011 72936905
87774 16345 5613 1334423325
96975 4119 1759 60071938
8219 5584 912 39164630
26643 13064 9475 348064370
71992 1478 1186 106404659
97082 1894 437 124843909
85266 15317 1276 385846163
42677 12469 9999 522790809
59489 3519 3325 60958261
29161 15932 15888 404889017
22065 217 200 2839448
23811 10279 1974 171269317
19449 2065 878 6679544
37761 8112 7317 1819454
37892 8139 3907 223902896
28885 19075 6323 193146229
7505 2436 2426 13716425
49634 13262 12337 115865753
13775 8286 3904 114140114
47389 15454 13169 218358126
38603 3914 1225 59223214
223 8390 426 472204
70634 4625 3058 23299327
36338 10149 4187 100005847
65489 9255 5446 361694057
92486 4078 3040 77139049
89302 16423 8933 1034400827
78635 10210 7140 565538689
20830 4758 976 1645530
2774 9921 419 25215838
84403 1826 20 2919495
37483 16107 4730 109939070
61773 12619 2929 547746687
39484 3780 825 46779980
3648 8426 2760 7739821
69707 12403 6372 201055643
