30
17369 13287 2486 33000607
48358 12795 8352 618741057
71429 2978 1774 94154846
13484 14152 2469 107964298
89335 17094 8378 470248758
94602 2963 1083 136193814
87606 12923 1335 382047528
5200 19825 7385 82515908
70239 12033 10638 368173983
29253 8521 4181 234027265
11818 1255 771 12246924
25301 6899 6753 9143602
35924 14247 9644 317522002
306 9856 6865 89413
20561 14817 14469 1116073
15867 10047 3542 118271138
56728 3216 2412 62447805
77157 7966 2506 99476377
85633 16037 4825 591595934
27382 13893 4479 247837724
48940 19379 6298 29689779
8847 19059 11619 22711137
82001 6527 1787 236183122
79597 8574 8537 469252206
18849 18468 6565 124336002
8357 10377 1149 21149288
46520 6553 2799 265473356
69697 4816 2549 320972871
41896 15562 8509 336525251
11956 19725 18185 183261298
