68
65228 9582 4004 146655230
9171 13946 4214 27121039
70156 12098 1876 730634598
12450 1533 309 6871678
54691 2294 1715 31497975
47050 14442 11375 362175444
51770 10564 8075 406059732
90241 7728 6054 548664744
10833 4312 3648 18120641
72037 13908 5070 561007933
67716 8041 4188 219209207
58437 8420 7557 423976955
55381 2703 2420 57307346
20480 5433 5084 3755868
18736 18547 3246 167460364
75783 993 960 49369942
11274 3323 248 24691910
54047 8509 2756 292227384
63725 4627 4320 279789736
78340 7396 4106 379451257
9941 4649 2445 23326268
79496 18898 1329 128757580
34717 16448 5051 481512312
16286 1080 499 6477352
91201 12315 9296 1123141082
23955 3800 3339 30656149
67697 4641 3363 27772243
6929 3063 2977 20547472
88135 475 233 11379907
30533 19414 4325 21061054
76233 3776 1235 262197685
58828 1562 1243 85049019
6360 8966 8843 49147500
58775 16114 545 229952023
60346 5114 460 10469944
63034 3843 549 182459058
14930 11330 7376 46221491
99710 10780 4781 882443633
58840 9065 7492 346034501
6842 13547 9896 42448522
14317 15249 9346 218320761
46981 8229 6856 131100859
18135 17403 9379 232496609
14840 6955 2954 18516552
52099 6007 4260 182882952
50891 12590 8513 385051654
59868 2686 975 148820940
2995 7097 3346 10284901
77671 12228 7278 107819879
57465 17742 2168 965685269
72081 11923 6668 605411845
39746 10251 2877 246976763
77912 11617 276 216238832
67957 7528 6656 85045984
60225 4130 3866 82384802
66605 15681 11224 89263123
22818 9707 6902 184034526
11983 8061 1797 45921310
49011 13999 9801 629902328
90400 19078 6365 894894552
7574 5858 2914 20464417
66704 8703 6001 525611862
18372 13258 2781 157692849
86492 12255 6770 240031215
84495 11472 931 104835663
92812 14432 6199 498163711
87127 16125 15068 286457837
37330 16195 4948 266430046
