89
74526 16632 14313 646244254
36514 9403 653 5115547
7317 16337 7648 27084459
71135 6609 4329 394633295
89574 17248 6825 222109763
44965 3748 338 168528888
35676 17239 4774 577046631
39836 16947 2250 188923268
28063 9423 9045 143779743
61895 4526 2625 53274600
28300 17214 10448 352291157
51439 11186 5560 259883019
65930 9387 8433 206659345
49173 239 169 3432245
42773 10683 8872 388296052
7725 4435 3013 7205161
8628 8230 1255 62216890
2712 14593 1439 7495417
87822 18677 1494 1097904074
74245 17433 4515 248588013
81230 5162 1785 121356296
67992 1412 572 58567726
57519 19934 6409 776774124
61346 12711 2956 607250882
33857 5778 2761 122196158
97155 4236 865 269393495
88587 2569 410 208981131
82941 8877 1452 736268030
77346 10656 2823 469995314
16716 15124 8604 100517499
68294 6250 1503 30869145
71904 5104 1511 274365355
7985 18812 10703 150214046
42861 9025 7578 91459595
78077 19299 18228 166125788
52043 2178 60 69538100
61372 16733 13316 887482716
27019 11411 11353 140989232
15301 10303 8166 16599110
19464 10804 8606 65980504
82952 19128 4945 113230021
91617 15034 5985 1119274513
22062 833 90 8471509
45164 2823 1432 27304672
39109 15149 3670 428794276
45516 11684 1490 415153837
61307 5042 76 183203900
67006 1978 538 132537975
62628 8830 5172 281490615
27378 16516 1937 380321079
19861 19575 3941 151233449
44168 11539 8589 475338609
15464 4569 2516 16222216
71911 14165 7827 96133537
88272 12148 10156 159978345
3298 7914 7545 20028011
52610 2388 97 23438960
72502 12430 2991 650932241
97593 2684 273 130745604
27640 14521 7223 65842506
26263 12794 2451 118536091
55393 6703 1315 303914154
74191 4973 4867 27738698
21777 2615 1584 55216126
35278 10844 5741 58137324
70718 19428 16677 1103461851
8268 207 4 1533902
23509 13330 1886 25696491
82784 791 38 26104112
87755 9662 5992 706060406
45219 4573 4430 206787402
32323 10622 857 15456614
19204 425 79 5109319
28747 16186 5485 157139989
27665 9191 5356 254269895
82229 9089 575 464939805
16789 9235 3075 52652466
3736 11682 1567 43644165
28011 69 9 1933497
96 5056 1694 249294
73882 17247 8942 928737480
4353 349 26 519719
41080 8192 3511 57175058
53440 18558 13273 762378995
66366 17838 3738 592719362
30073 3852 3 43966507
61006 2370 1790 36243760
78420 9511 854 496052098
95627 19577 18362 154242043
