73
77049 17820 9319 963724251
93103 15853 8281 326293936
23765 7114 2306 76176683
77632 15215 14608 221246681
75901 5715 3718 198301122
96209 12629 3326 723250306
66095 14820 11471 566097807
42604 10723 10014 29186479
35351 2650 393 45862334
30196 9261 1566 132749711
89691 6808 6430 447255380
24621 13447 870 310973701
80672 10524 8706 661609381
8727 19994 18306 155052285
90241 9375 4078 556913095
21944 14238 13660 113983145
35099 16253 5535 196657321
95513 13620 8990 313919105
57223 2709 1957 62726232
17088 16283 10382 30722586
77658 8883 3707 689836503
73513 18951 6833 781097681
61452 17751 16161 846832764
98240 5511 859 233945903
71834 9233 3553 46892999
57151 2842 164 66637852
66014 12876 5319 574835526
76687 9258 4379 571763091
58921 3080 2412 64792839
99204 5605 4241 67996003
34689 3023 1462 66270142
78627 9500 8553 421882317
73418 5840 4169 428761886
42206 7414 6567 10515934
98877 1977 1686 159468772
80189 2610 2556 70285650
22647 16494 16318 328259477
84556 12016 3161 758950500
52644 2460 1154 41279004
61692 4043 3495 2049922
5930 12448 10069 64610473
47251 6555 3426 93862955
88446 10726 2943 657342820
76732 1352 1057 1050817
70044 3804 915 203075181
65833 18287 13815 1016097663
1015 18224 11876 537003
87094 17295 12470 606988665
86494 15928 14283 1241124198
96536 6155 2808 170599054
35381 15481 370 56220815
65194 670 358 38537464
84867 2835 1353 199050695
31899 7686 3918 179356908
69621 2951 2902 205452086
27942 18787 5272 519178941
9985 19622 18983 22044516
38402 14495 12898 61168920
30221 15772 13728 132753473
56030 8821 7301 96793334
57956 11998 11121 607468033
75938 19285 4920 1238962971
11529 16524 1623 167200523
69780 627 328 4448545
5007 11559 10387 15410630
24416 7609 3251 7720973
11906 17347 6347 113357793
80769 254 216 14822432
50811 3382 1759 26845547
11919 2568 2175 30608846
48631 12331 5701 377988573
11992 4796 4688 52694815
13681 6507 2254 57107460
