49
57091 640 51 29489684
34828 19650 11156 428999840
12940 12271 2578 64069786
95545 18319 5191 1750132621
56561 17656 17355 873734191
3527 8934 2984 17822576
80997 4903 2115 350535496
21048 18127 16665 202370721
67556 10439 546 351556536
6355 7396 504 37779510
82486 18872 11829 408028241
79013 18767 10280 1408100445
86030 6205 257 334916866
13297 14763 5320 196063701
6337 15949 5075 296079
1852 15645 296 22747618
84212 19812 11488 519622313
88685 14042 9517 533265946
48898 7057 4252 46862740
69735 3360 964 92940263
31764 8068 6200 95336329
84952 7746 3950 2703947
86338 14473 7332 370819242
22978 11740 931 117631905
27553 6973 1768 156836117
83064 4537 1014 121341004
84869 7224 4472 538985364
20 9359 5513 135629
40868 11015 3802 240955264
21901 4523 1109 38639865
9546 13442 12712 48366372
58120 3953 2457 88052193
72029 6641 3001 349518835
35086 19797 4013 566718499
36723 2247 2021 40107084
39492 17201 15421 295012407
8034 2402 1547 7337954
20818 7273 1108 53043294
79602 4840 145 330552613
85527 11191 6332 783586850
14600 8985 5485 64158825
83692 19956 4810 551425682
37638 7577 5125 143499095
74097 4517 1032 183881526
84149 2563 1421 169587797
22733 18132 2634 277138850
89093 14147 485 734911244
39063 11529 4092 354812788
91212 8089 3286 477160979
