57
46654 7335 6292 314142561
96300 8264 6276 728885185
85841 6531 1913 287439997
82154 19277 12378 854513207
9281 6215 435 55082291
62422 11336 1616 4634883
8149 16239 10037 119671528
69350 19252 9937 842833371
59451 7120 6173 296595338
31824 717 57 8580028
57803 15483 1674 201939452
61396 14863 6562 885511090
70702 16062 12584 509641746
71585 13438 5615 196489491
85119 4520 1193 176314431
17332 13549 13143 219474878
18447 17128 12310 166579315
33595 12177 2444 214247417
78991 4398 3703 338172870
88237 18026 17025 408753633
4533 11404 5689 21418442
99305 12932 5653 348835498
9701 13345 12636 43781616
46005 2873 1604 76972394
20602 6236 5682 106216144
78316 10604 6166 519049932
29736 11733 833 27430908
54046 106 63 1059638
67104 19860 3558 243298695
55126 16046 7595 615517040
8978 15061 13180 34374610
19889 8930 4622 25099801
95601 315 258 14816719
25328 368 230 2355232
95545 7516 2958 173217232
33958 8100 4263 17940964
34526 9209 3303 84816529
42680 8976 3729 369391167
32026 10899 7221 18080117
72551 194 19 2758802
12334 2255 726 5276454
46239 13561 5647 579027531
56598 16335 13222 891132899
66046 12798 7473 84503891
64731 11799 11367 438661190
16092 10966 4648 40666224
40943 16799 4634 649841850
13774 9852 1313 119379413
41559 17433 7258 429099646
18826 18302 16045 96441808
74632 4276 934 280783440
32685 15637 4889 188374033
71891 10059 796 342171909
14577 11148 4792 144152147
62002 10710 455 505985892
98664 16403 11988 366829883
89578 12608 11581 1052576313
