49
91545 14231 13872 964309683
30783 5934 4677 73399310
69672 17021 7331 664832684
78321 8865 8161 541931286
32751 19400 30 577601473
37680 10439 10227 157426210
76525 12472 4952 516278407
28223 4313 4068 106928855
23864 11748 11375 2146915
32976 18928 7798 85523941
28900 17505 11427 188042537
15238 14568 4105 198288230
41411 4195 1918 26392447
38274 9709 2463 285834880
40927 8331 337 178273441
41730 3928 515 24023062
19303 19296 17003 34166104
53181 352 142 1742655
47577 11767 1017 103650565
99710 15548 2793 1172260842
126 14287 2459 1200806
98657 18643 9127 1115165181
71223 17146 11858 89562478
41480 11765 3838 488012463
68408 4272 1898 279960805
89038 6528 2498 361453088
32632 15527 11658 402793341
2891 11196 9144 31506932
19158 16767 14345 66286071
67658 7217 1264 285448121
3048 16689 7330 22532245
45041 1727 640 14663655
17172 10522 10517 167950889
75692 8163 1695 2678130
21221 4802 2058 97640932
41915 8406 3829 318479689
80212 8931 5322 284358361
99458 9947 4840 989308993
29794 15629 11212 241779467
99176 5205 3329 188064572
35058 6592 5365 6685695
93715 10648 8438 192478506
43817 15286 8458 240524152
37268 18246 14057 185106609
98134 19483 9854 627117
36129 15695 815 105007427
2276 11338 6105 2455816
97655 2904 1513 109800855
82306 9145 8214 752688870
