97
12657 19869 12034 171686644
85721 12530 11179 481447578
30145 2570 1682 5367035
47156 15263 6676 607502024
98074 11554 6046 108951059
29583 1377 277 2333338
9161 6821 6783 1362293
41551 13341 4951 554332224
5373 7182 1527 33286214
56760 2489 736 132141441
60403 6141 4590 96803647
87816 17804 6993 627000705
74989 9624 5624 129961635
58381 9076 3405 247367153
91344 7330 4670 622627927
83474 18837 4602 962758774
58821 3320 2452 190629473
49278 5403 3135 123305373
51261 13632 2365 477641119
94019 1294 1234 119917203
52448 10069 6853 232950736
66015 1576 1415 63903105
24799 15327 3244 196375204
86082 1278 910 74356314
19254 14728 7482 231275969
58224 2594 392 6269834
3626 9923 3027 20536094
82730 13344 5980 256159309
15619 10285 6464 87073836
39144 16630 2168 17810832
46903 19956 12419 7378936
85904 19032 15089 1606561928
45959 2046 1980 76937774
11125 17517 12731 57984619
91728 13122 8885 707653807
93612 3561 1745 172393720
51348 8970 7678 322422337
9775 4799 1939 35974365
94860 16177 14749 1354084291
86339 2551 1645 152749941
33459 8819 1507 275551340
23492 9696 8463 161916402
32914 4203 3793 106782419
89816 115 24 4139392
31926 1205 994 16825119
62615 13147 12000 11636004
39963 12265 3603 281827562
36126 5948 1069 85944885
97753 7416 4907 564423473
31122 16046 11874 455430832
63979 15558 6 407643823
72643 6010 1897 219562532
27808 11301 7411 5773030
89397 223 196 3540500
609 18378 10014 10417998
71506 18980 3694 865049977
77135 13672 6842 291258334
46843 3830 1232 152708060
31184 13086 1428 380290205
86576 3059 1138 184568937
58815 15967 7975 906249513
21723 9262 8599 166760520
3568 14150 7244 17202675
3457 16732 2333 10360602
65284 4508 29 123445884
88598 11605 4571 230450279
18523 14489 9074 177641562
72796 15254 4402 356420584
28241 18479 4624 521865630
5191 2528 1221 7219240
84879 5486 2301 376303206
22524 4618 1825 81827349
50498 629 306 1596359
80923 2368 1094 191626251
6326 16659 14684 6225357
734 14931 13382 1396905
65213 1476 369 34092153
37381 1556 567 52740208
20527 8973 5030 76288395
47285 15340 6205 77539643
95204 16973 7032 579350345
85386 16904 6311 1293244462
56804 5292 5114 93451522
29894 18323 5372 289255737
34776 588 44 13950399
14920 1585 462 4843532
56335 16436 3812 583011639
88846 15482 8297 490554468
45151 17119 7993 772940241
91286 19214 7922 1153962592
50177 16150 1997 154578248
63543 17713 14925 603889429
25395 9058 7656 18778288
86951 6653 2599 81793649
60259 17673 482 103305563
96525 3736 3216 322059780
23671 15352 8392 109909214
