85
9676 6164 3797 17890358
39777 19063 10594 129839737
65874 3732 353 66884925
43781 4679 3546 57600885
17246 5404 2972 29741423
99416 12881 11985 249982274
15228 4204 1140 28159634
11590 17423 11453 55543395
80008 13064 9567 148085730
72729 15371 1275 234039745
38417 17547 16060 11841066
92765 16961 5706 419297115
47199 10674 613 74864472
88103 325 104 20327344
1454 13239 10157 8825019
35629 12054 870 14212863
25473 7626 5223 113955950
87224 9861 9083 237138090
977 7477 3653 723636
65950 15274 7907 906083949
36115 12264 11645 335737550
86822 11458 11350 631979942
30576 4329 2695 106555235
21826 15724 13841 5080177
52951 663 465 22127947
4911 11075 3073 43563444
61501 3398 1929 171795279
54464 3639 2389 43936679
37726 12273 2343 271266896
83940 15353 5186 1074593562
16804 16982 12030 68855982
19459 9951 8036 79335741
52420 12612 5039 165838776
85284 3548 542 239339823
1493 3498 2467 2204828
98023 12969 1915 57628303
67834 16264 10150 1078644499
16065 15392 8027 115921017
71787 17931 10514 798047895
83221 11079 456 698656206
64755 3863 3065 225051434
98625 15195 12629 138938676
62592 9166 1098 482347196
51704 2855 2385 11170890
35462 10756 3943 299396335
19412 9158 6420 66591481
25100 4721 4030 39764787
30194 10300 6337 18921618
67757 3223 1583 98805339
7623 3095 1720 17535192
71529 13 4 540134
58605 12257 2795 312065444
25576 8887 1906 49560443
90111 7416 768 637765894
38207 12170 3883 401104066
29117 13219 465 122891731
95714 7226 6220 5720016
22765 17533 6418 90509988
15833 13231 13078 117894328
55459 17121 5335 666731192
15995 17357 11312 274485077
4569 12711 10771 22864189
20844 2300 1227 31830512
92875 287 102 14528682
32355 7155 5392 189137743
25866 16207 10684 24893245
14858 8687 3080 74302519
46103 5476 22 161852703
65722 8978 2583 590052240
54460 7039 4318 136575531
54877 2848 1812 96665737
5227 1878 319 4514112
40854 5302 4797 163102597
34210 6820 2727 207552504
23381 2185 1391 9620333
41544 17026 11555 640955288
24750 18130 10514 89357762
46510 450 135 11780194
25964 4635 1792 106479438
69678 12169 3731 131441616
12904 6987 1669 37341290
31409 7192 6364 123583097
7116 3030 1133 337538
31798 4847 3332 54586573
13851 1504 308 9504473
