45
72586 684 404 49649530
16307 18955 15159 304383887
54578 122 70 1866159
84297 13013 9601 785990712
59742 5764 4137 170971871
88081 1647 948 8663773
28975 6739 5161 191047025
51140 5749 944 262400824
62116 11439 2382 360450130
34355 9217 915 146370638
39017 1616 1253 59610072
46887 9573 8848 272879816
84294 4308 3686 86085316
53179 9115 7015 203185937
40850 3616 2773 94123255
93798 18161 2183 104935721
18145 17245 14744 67008154
2857 3639 703 2600539
41466 582 64 15429705
55313 18820 4988 605544600
72252 784 616 22679360
77762 4131 341 105032523
13367 11798 9623 62474758
47792 14755 10764 511429480
58716 5955 4123 161106471
98811 17255 7166 854735430
42886 2534 975 91645198
97157 10205 2623 991488153
59081 11142 2720 658280633
19081 17629 14131 168422604
5313 17603 3894 85445538
64366 15530 4586 546866893
9340 17797 2250 156938323
60400 7410 4186 201644899
47514 17855 7944 553595022
2397 18697 6026 3749217
59717 596 319 22877512
10677 13899 8357 17078209
38861 14482 12925 158805681
64316 5716 2307 48209843
83886 14132 13449 818433432
3255 16570 14180 52117952
4264 3690 3629 5105166
6977 4228 2088 14368384
69467 18963 3246 284809999
