25
15888 3674 3138 56435688
69483 7344 3676 306641976
30062 1297 706 34647517
34473 8694 5960 197747468
86427 17794 7314 194754975
90548 4984 680 184678285
34386 734 657 7139804
70481 3088 1060 79997236
34625 12695 1624 268987737
64493 7796 4058 433284317
50225 7011 6276 25010309
33301 5555 1038 19056431
26114 11656 467 259754856
97686 5067 4169 31844329
59022 4984 463 80251103
49704 15906 817 95217573
41597 15126 12577 565495567
79929 5305 2644 189963312
13428 2358 2334 22559373
92421 7174 1485 354834711
19056 9951 9482 62158301
63567 19138 7747 127979105
26438 8828 7399 225790747
21761 10912 6682 220180026
12629 11534 4916 87848389
