37
87 16
16 79 116 163 215 242 280 326 379 383 422 476 515 563 617 626 683 731 766 808 838 873 916 961 981 1001 1026 1046 1074 1094 1121 1126 1173 1228 1254 1278 1299 1326 1374 1434 1479 1490 1533 1580 1602 1631 1676 1721 1725 1768 1803 1857 1916 1948 1964 2007 2012 2039 2100 2139 2166 2211 2225 2279 2327 2387 2445 2505 2525 2561 2613 2630 2639 2695 2741 2756 2765 2791 2846 2905 2925 2930 2953 2978 3025 3041 3093

71 34
93 146 189 296 337 358 427 502 606 721 757 891 937 974 994 1035 1061 1157 1243 1333 1463 1558 1583 1708 1801 1871 2001 2097 2175 2299 2336 2432 2560 2693 2710 2753 2858 2994 3083 3215 3250 3384 3392 3421 3485 3554 3618 3628 3718 3849 3920 4003 4137 4153 4284 4353 4389 4478 4595 4707 4737 4784 4891 4906 4931 5025 5125 5228 5315 5324 5440

30 1
2 2 2 2 2 3 3 3 7 8 10 10 11 12 13 17 19 20 21 24 28 31 33 36 36 40 41 44 44 48

54 58
102 190 258 377 496 580 789 966 1079 1234 1447 1582 1695 1746 1840 1894 2046 2277 2431 2560 2768 2865 3017 3144 3196 3405 3625 3758 3958 4075 4089 4153 4328 4457 4526 4630 4796 4860 4943 5103 5120 5136 5329 5426 5534 5571 5610 5741 5922 5961 6003 6198 6251 6304

56 16
13 28 76 100 156 208 268 272 313 368 419 452 470 480 530 557 616 624 639 664 719 724 761 803 865 908 921 984 1008 1027 1065 1113 1165 1178 1225 1244 1257 1298 1345 1384 1440 1484 1515 1560 1599 1610 1630 1673 1690 1744 1768 1779 1837 1851 1858 1866

101 51
89 224 375 568 709 792 955 969 1078 1200 1213 1413 1514 1550 1620 1704 1783 1886 1989 2148 2286 2302 2450 2543 2651 2694 2764 2878 3003 3084 3252 3351 3456 3646 3670 3854 3891 3958 4046 4089 4132 4333 4431 4537 4617 4775 4860 5018 5184 5196 5319 5484 5526 5587 5733 5759 5889 5924 6080 6167 6244 6260 6393 6523 6570 6658 6694 6817 6856 6876 6956 7085 7283 7353 7450 7643 7688 7875 7910 7950 8034 8054 8208 8373 8500 8513 8604 8710 8776 8915 9099 9163 9190 9317 9358 9434 9583 9731 9817 10005 10052

28 42
130 141 243 356 367 407 555 684 721 739 856 896 906 1026 1050 1218 1244 1344 1479 1517 1559 1669 1757 1899 1998 2025 2038 2160

80 73
292 366 528 769 1049 1337 1476 1524 1750 1828 2022 2220 2435 2631 2909 3150 3215 3485 3569 3654 3749 3833 4025 4299 4442 4501 4693 4823 5011 5109 5392 5568 5676 5745 5810 6044 6316 6431 6468 6753 6997 7112 7192 7310 7465 7644 7723 7921 7953 8206 8389 8590 8820 8924 9129 9355 9379 9407 9530 9573 9758 9857 9932 10031 10088 10250 10439 10485 10588 10717 10973 11132 11267 11506 11646 11792 11960 12105 12125 12195

88 85
240 341 416 520 588 657 917 1159 1245 1562 1659 1703 1887 2021 2229 2288 2430 2526 2596 2746 3014 3283 3348 3444 3473 3750 3971 4164 4250 4477 4747 4826 5007 5237 5464 5653 5744 5792 6103 6319 6656 6758 6875 7086 7283 7602 7724 8008 8304 8462 8619 8788 8925 9051 9361 9432 9602 9642 9668 9938 9962 10246 10525 10698 10910 11096 11275 11579 11693 11723 11851 11928 12233 12572 12666 12749 13016 13264 13303 13414 13602 13852 13874 13918 14094 14234 14469 14668

59 78
272 381 601 670 967 1136 1441 1691 1869 2161 2284 2464 2551 2829 3057 3226 3354 3661 3810 3930 3988 4158 4397 4481 4736 4817 5029 5095 5341 5373 5532 5765 5970 6131 6218 6375 6483 6539 6565 6858 7059 7310 7437 7549 7832 7972 8001 8020 8302 8549 8792 9043 9147 9459 9707 9955 10216 10350 10606

61 6
7 22 24 26 39 43 54 64 66 77 93 95 106 128 150 171 195 196 201 204 207 228 252 275 295 299 316 321 325 336 338 340 348 351 354 365 380 394 395 412 418 442 463 464 480 493 515 531 543 550 561 568 585 601 612 631 633 646 670 676 690

58 28
56 164 187 297 339 389 450 502 583 592 647 725 806 900 1004 1109 1210 1232 1307 1329 1432 1521 1580 1658 1757 1865 1936 1990 2102 2211 2238 2255 2314 2344 2353 2407 2498 2547 2606 2664 2690 2725 2736 2833 2898 2982 3069 3124 3139 3166 3257 3264 3284 3308 3367 3375 3443 3490

73 97
45 224 254 638 944 1229 1457 1812 1838 1982 2219 2371 2493 2699 3028 3174 3495 3715 3949 4259 4540 4836 4885 5015 5285 5515 5900 6244 6365 6745 6954 7243 7549 7718 8061 8242 8397 8669 8902 9211 9365 9490 9567 9936 10063 10262 10344 10643 10910 11295 11572 11650 11806 12017 12175 12508 12699 12737 12935 13005 13207 13538 13649 13962 14100 14283 14412 14596 14832 14885 15123 15329 15637

50 71
106 153 271 317 532 623 749 858 918 1088 1125 1369 1414 1474 1683 1926 2070 2212 2326 2527 2775 2907 3179 3456 3710 3886 3967 4171 4259 4383 4610 4712 4872 4909 5040 5254 5512 5709 5888 5957 6026 6119 6159 6303 6525 6589 6809 6900 7163 7430

38 5
16 36 46 59 76 92 104 123 135 136 154 171 177 191 206 207 224 236 248 260 273 288 303 313 314 321 334 341 343 356 366 371 381 387 407 415 423 437

45 74
21 93 195 336 492 558 778 973 1031 1324 1566 1833 1960 2194 2419 2675 2694 2722 2976 3191 3353 3434 3666 3798 3924 4164 4276 4452 4538 4620 4679 4924 5147 5357 5544 5584 5690 5760 5805 5999 6044 6263 6461 6732 6967

46 35
139 159 261 287 328 337 469 565 673 709 763 787 852 889 956 981 1006 1076 1105 1182 1295 1424 1476 1577 1620 1673 1796 1881 2015 2095 2155 2216 2251 2292 2328 2353 2485 2580 2645 2706 2733 2796 2883 2984 3063 3089

10 63
198 392 634 802 872 953 1064 1157 1273 1401

2 54
22 230

60 8
14 27 42 60 74 95 102 130 156 168 179 190 203 225 253 278 293 322 350 382 410 442 464 492 516 540 558 578 584 609 628 642 659 667 681 693 710 717 745 771 778 807 822 828 858 863 869 897 907 910 939 967 991 1015 1044 1076 1096 1112 1114 1133

21 92
47 237 488 636 959 1159 1368 1473 1648 1781 1938 2220 2367 2698 2740 2948 3297 3373 3410 3544 3901

26 46
122 237 267 431 548 699 783 890 999 1010 1085 1250 1426 1481 1499 1557 1617 1693 1740 1842 1953 2001 2102 2283 2330 2441

91 78
126 361 467 699 735 983 1029 1208 1505 1629 1656 1821 1898 2076 2210 2260 2311 2364 2463 2665 2748 2890 3056 3121 3414 3511 3631 3806 4014 4050 4306 4582 4796 4988 5134 5170 5384 5458 5580 5752 5957 6048 6110 6418 6639 6927 7124 7397 7465 7531 7827 8002 8039 8303 8522 8783 9052 9241 9289 9316 9536 9637 9842 10125 10404 10599 10800 11110 11277 11517 11562 11845 12035 12066 12146 12363 12655 12688 12741 13034 13079 13336 13399 13600 13624 13675 13831 13983 14154 14267 14343

87 46
171 309 455 551 711 808 876 959 998 1131 1231 1287 1367 1409 1546 1596 1683 1803 1905 1994 2123 2267 2337 2472 2584 2605 2668 2811 2955 3108 3214 3285 3372 3421 3547 3572 3614 3729 3776 3931 4028 4203 4276 4317 4348 4442 4490 4609 4762 4941 4959 5103 5137 5243 5279 5337 5408 5428 5540 5647 5811 5863 6047 6083 6098 6176 6256 6341 6489 6594 6720 6764 6927 7040 7120 7135 7216 7338 7452 7578 7721 7895 7914 8096 8199 8357 8371

11 13
6 38 50 83 88 100 134 173 208 227 254

39 66
144 234 273 516 647 706 806 1070 1137 1168 1208 1322 1494 1633 1804 1947 2132 2273 2416 2496 2729 2898 3105 3192 3351 3475 3635 3795 4007 4197 4388 4560 4724 4837 4948 5049 5188 5242 5294

80 8
24 37 39 63 86 94 126 143 156 172 187 203 223 225 241 254 283 295 325 332 348 372 382 407 426 448 452 469 473 475 479 485 508 520 542 559 569 576 596 621 650 677 692 698 730 750 767 770 780 785 797 829 850 866 878 885 909 927 933 938 961 966 985 1017 1047 1066 1079 1098 1105 1123 1134 1146 1154 1181 1185 1190 1217 1247 1259 1268

63 34
134 179 239 271 313 322 426 481 559 597 611 722 767 795 843 970 1074 1124 1169 1301 1374 1469 1533 1613 1721 1765 1788 1854 1909 1946 2060 2102 2150 2192 2205 2257 2298 2388 2522 2574 2685 2780 2908 3033 3055 3109 3155 3261 3367 3416 3543 3628 3725 3792 3812 3874 3987 4033 4045 4096 4166 4198 4280

58 31
48 81 144 164 196 241 362 432 556 578 662 713 805 820 841 881 991 1062 1101 1213 1236 1360 1384 1451 1552 1569 1582 1691 1767 1838 1867 1927 1996 2044 2167 2244 2279 2304 2428 2544 2607 2695 2770 2829 2910 3024 3070 3123 3183 3245 3329 3433 3513 3600 3709 3813 3931 3949

12 96
274 540 604 814 1002 1271 1524 1630 1821 2197 2524 2745

87 37
80 96 136 149 218 306 344 425 493 558 673 692 741 766 826 927 998 1110 1200 1276 1410 1525 1549 1613 1700 1778 1913 1922 1951 2061 2142 2264 2403 2416 2458 2590 2651 2779 2804 2842 2941 3060 3208 3285 3400 3418 3564 3626 3688 3737 3760 3875 3958 4037 4077 4116 4196 4224 4353 4486 4628 4640 4766 4911 4979 5119 5208 5333 5454 5566 5577 5634 5646 5748 5782 5799 5816 5934 6067 6170 6203 6281 6345 6399 6547 6565 6675

71 18
69 81 118 141 195 230 265 336 367 396 423 486 506 547 577 592 652 720 776 805 831 845 850 856 890 945 989 1027 1040 1076 1094 1148 1215 1237 1272 1277 1301 1369 1400 1461 1485 1522 1539 1592 1643 1698 1738 1791 1840 1911 1983 2030 2060 2113 2183 2235 2240 2250 2273 2283 2303 2316 2348 2411 2472 2480 2484 2489 2528 2565 2587

20 14
6 53 99 139 157 208 216 226 239 282 303 311 349 388 406 446 472 503 535 573

53 61
86 247 416 643 869 1050 1240 1332 1499 1719 1804 1919 2135 2214 2456 2505 2589 2717 2850 2929 3130 3149 3303 3366 3432 3479 3707 3753 3895 3984 4217 4336 4548 4783 4923 4986 5184 5220 5329 5570 5593 5618 5756 5959 6187 6275 6373 6600 6629 6746 6862 7047 7219

62 60
198 399 555 643 713 935 1133 1265 1483 1545 1701 1811 2005 2160 2198 2374 2518 2564 2638 2672 2792 2972 3132 3339 3388 3446 3634 3674 3836 3975 4125 4217 4387 4449 4611 4743 4776 4828 4887 4964 4980 5218 5291 5488 5647 5730 5764 5993 6010 6152 6335 6562 6594 6735 6825 6977 7057 7135 7220 7274 7494 7561

68 18
41 70 87 111 148 205 242 311 346 418 442 446 495 547 555 602 632 641 705 724 788 860 905 914 960 993 1019 1084 1128 1178 1227 1284 1311 1319 1371 1410 1452 1504 1520 1543 1550 1615 1636 1699 1743 1773 1800 1852 1903 1932 1939 1954 1990 2010 2075 2116 2126 2192 2200 2236 2285 2333 2368 2414 2454 2493 2523 2553

13 68
108 323 591 677 700 918 944 1182 1350 1511 1591 1844 2113

