31
56 13
41 62 89 104 121 124 168 178 202 232 244 261 266 287 305 332 347 396 413 443 458 467 498 549 584 608 656 689 711 745 750 773 809 814 817 861 878 914 921 960 976 1023 1041 1075 1089 1136 1156 1163 1203 1242 1286 1325 1335 1352 1392 1413

75 48
177 260 415 543 574 728 797 920 1055 1228 1266 1442 1560 1728 1752 1889 1937 2008 2064 2174 2276 2418 2557 2741 2783 2877 2969 3009 3080 3232 3406 3484 3643 3768 3893 4050 4165 4246 4290 4464 4489 4649 4673 4860 4893 4986 5041 5076 5232 5319 5454 5620 5810 5866 5938 6034 6136 6298 6392 6514 6651 6835 6884 7021 7054 7153 7275 7287 7422 7479 7501 7693 7812 7886 7951

73 99
330 582 620 990 1243 1421 1731 1802 2078 2374 2556 2608 2641 2961 3197 3370 3419 3569 3608 3701 4031 4327 4383 4628 4853 5058 5201 5391 5709 5831 6153 6320 6638 6884 7241 7277 7305 7335 7713 8102 8313 8646 8925 9145 9303 9513 9874 10176 10391 10668 10814 10982 11131 11311 11349 11596 11832 11880 12212 12550 12610 13004 13252 13303 13617 13853 13882 14226 14291 14601 14668 14964 15346

27 14
34 68 75 114 119 157 179 188 222 253 307 337 350 382 425 440 445 450 467 471 515 523 574 603 607 655 672

14 47
166 329 414 578 652 745 897 927 1032 1165 1177 1339 1419 1468

15 63
205 428 653 743 916 1060 1193 1242 1278 1495 1562 1584 1810 1926 2002

60 96
156 471 657 810 933 1110 1153 1183 1352 1449 1523 1852 2017 2279 2482 2801 3030 3267 3562 3901 4064 4284 4644 4963 5008 5092 5289 5633 5989 6257 6568 6940 7188 7414 7643 7759 7960 8115 8191 8473 8823 8921 9132 9422 9618 9922 10155 10438 10707 10864 10963 11238 11536 11753 12061 12243 12607 12743 13117 13459

84 99
64 327 480 858 1077 1380 1473 1504 1594 1980 2306 2679 2915 3121 3345 3407 3610 3635 3669 3761 3978 4318 4375 4755 4946 4970 5049 5104 5404 5487 5550 5682 5827 5859 5884 5957 6155 6424 6785 6958 7344 7579 7966 8270 8426 8697 9028 9297 9356 9627 9783 10178 10231 10395 10622 10838 11173 11258 11536 11798 12167 12420 12500 12889 12950 13239 13371 13628 13890 14039 14064 14294 14519 14736 14876 15101 15350 15513 15739 16031 16382 16607 16767 16992

54 82
293 478 772 839 935 1129 1259 1569 1753 1814 2026 2141 2320 2364 2502 2534 2681 2796 2950 3186 3425 3640 3676 3766 3994 4294 4461 4550 4651 4716 4785 5075 5143 5234 5463 5732 5818 5966 6203 6359 6439 6479 6624 6766 6987 7112 7242 7552 7602 7624 7876 7930 8167 8373

17 3
7 9 11 11 11 16 26 33 42 50 58 67 78 85 93 99 108

13 92
66 150 342 550 814 944 1200 1454 1514 1787 2044 2209 2556

35 28
75 145 240 269 375 449 542 591 631 689 712 760 851 888 998 1060 1127 1225 1260 1360 1435 1514 1598 1641 1714 1738 1786 1889 1975 1990 2007 2092 2203 2299 2397

79 22
66 125 150 177 190 273 347 417 470 555 573 661 700 770 847 931 946 971 1029 1078 1134 1139 1195 1275 1343 1351 1418 1441 1460 1512 1562 1615 1664 1712 1769 1820 1834 1853 1896 1922 1932 1990 2005 2085 2121 2192 2261 2319 2375 2462 2525 2586 2594 2612 2617 2641 2729 2763 2806 2879 2930 2966 2989 3025 3040 3049 3060 3065 3151 3207 3280 3312 3335 3386 3468 3499 3517 3522 3587

82 55
209 392 448 630 747 844 879 904 1013 1037 1199 1407 1527 1734 1788 1845 1935 2115 2186 2390 2507 2626 2761 2792 2972 3105 3179 3347 3492 3527 3698 3763 3950 3964 4153 4303 4366 4383 4520 4651 4859 5078 5185 5293 5444 5548 5678 5714 5792 6004 6164 6303 6366 6564 6758 6818 6852 7060 7162 7342 7480 7583 7653 7700 7867 8057 8275 8364 8395 8605 8752 8881 8979 9023 9080 9098 9246 9449 9468 9513 9658 9835

13 31
37 148 172 187 227 275 295 326 390 461 563 623 739

30 57
92 301 479 664 722 809 934 1107 1305 1362 1526 1713 1790 1944 2071 2201 2285 2390 2574 2651 2795 2974 3132 3257 3392 3597 3721 3865 3963 4107

5 91
275 414 756 870 992

18 77
78 121 260 489 532 730 964 1160 1455 1530 1594 1710 1853 1983 2214 2391 2543 2585

4 11
26 36 46 53

73 78
74 254 526 712 822 902 1107 1273 1583 1866 2014 2099 2215 2239 2305 2442 2544 2781 2876 2971 3069 3182 3421 3724 3746 3833 3938 3977 4270 4534 4820 5099 5283 5489 5536 5591 5706 5835 5867 6023 6205 6435 6684 6925 7056 7348 7477 7670 7698 7759 7778 7883 8194 8253 8421 8500 8519 8779 8935 9106 9238 9385 9415 9582 9765 9932 10025 10225 10515 10690 10791 11073 11160

21 50
157 292 350 514 631 788 900 963 1031 1211 1236 1309 1439 1493 1525 1544 1668 1777 1912 1954 2141

48 57
84 148 359 567 683 779 855 1074 1141 1261 1320 1386 1534 1585 1707 1867 1959 2014 2223 2428 2652 2792 2952 3178 3328 3537 3609 3819 3937 4084 4241 4409 4456 4666 4894 5019 5042 5099 5210 5424 5498 5523 5597 5647 5727 5953 6166 6261

87 28
31 127 167 201 230 280 304 375 455 481 508 613 638 646 726 760 850 957 1018 1110 1122 1207 1267 1300 1335 1351 1401 1468 1542 1601 1664 1692 1794 1878 1981 2012 2033 2047 2078 2102 2158 2214 2275 2298 2329 2357 2457 2566 2669 2764 2827 2915 3014 3116 3144 3191 3243 3262 3318 3334 3428 3518 3565 3633 3703 3786 3888 4000 4089 4139 4225 4325 4376 4390 4409 4465 4538 4556 4649 4720 4795 4864 4951 5018 5108 5162 5238

30 18
57 66 99 117 142 211 240 294 320 346 418 458 521 563 627 687 698 706 778 783 834 895 943 975 1000 1028 1081 1109 1116 1148

52 7
11 28 33 55 69 74 101 122 132 133 139 140 167 183 186 203 230 233 250 276 284 299 315 318 324 338 354 357 373 381 395 397 407 413 435 446 459 467 470 476 497 500 522 546 574 587 609 622 639 645 659 665

55 90
328 576 869 893 1209 1289 1338 1505 1797 1992 2286 2387 2528 2674 2834 3184 3251 3486 3807 4001 4357 4568 4683 4954 5262 5611 5698 5793 6009 6344 6506 6827 6948 6974 7205 7236 7439 7740 7996 8351 8537 8873 9044 9215 9491 9702 9987 10108 10156 10229 10394 10628 10868 11009 11097

66 55
19 197 314 355 457 487 628 778 990 1119 1162 1355 1402 1564 1697 1884 1999 2036 2115 2287 2351 2417 2431 2523 2583 2718 2803 3013 3129 3203 3417 3502 3526 3708 3858 3914 4111 4273 4300 4505 4717 4753 4806 4923 5047 5214 5406 5501 5706 5725 5917 6087 6124 6211 6270 6447 6666 6850 7027 7244 7365 7405 7581 7650 7753 7925

46 90
320 391 684 972 1013 1225 1360 1712 1853 2193 2408 2656 2930 3177 3513 3771 3849 4113 4302 4632 4766 4792 4840 4935 5037 5267 5407 5608 5864 6007 6044 6182 6283 6393 6502 6727 6874 6922 6985 7037 7211 7519 7785 8144 8316 8625

84 46
88 190 270 338 372 535 586 718 734 787 820 979 1057 1085 1191 1300 1344 1365 1448 1600 1657 1695 1737 1905 1925 2109 2224 2292 2465 2504 2643 2660 2739 2857 2962 2993 3136 3154 3276 3427 3461 3531 3619 3700 3826 3849 3912 3953 4030 4105 4203 4261 4300 4432 4581 4674 4711 4828 4984 5053 5175 5329 5498 5647 5827 6011 6026 6043 6078 6251 6381 6455 6485 6555 6654 6828 6960 7043 7219 7357 7372 7490 7596 7711

57 77
62 153 305 386 561 782 1046 1278 1523 1815 2061 2315 2429 2495 2738 2773 3062 3286 3505 3694 3886 4056 4129 4177 4348 4656 4842 5033 5209 5451 5718 6000 6278 6445 6580 6797 6945 7005 7072 7229 7435 7522 7682 7877 8012 8306 8456 8560 8599 8672 8800 8950 9029 9221 9347 9626 9785

12 44
107 180 250 384 447 490 622 797 850 989 1130 1215

