22
17 32
22 145 217 308 381 422 534 587 656 763 817 831 841 887 989 1015 1094

42 42
155 312 432 483 638 725 748 794 906 1070 1188 1238 1322 1355 1376 1497 1563 1670 1820 1904 1986 1998 2048 2135 2234 2299 2458 2613 2762 2817 2867 2967 3094 3126 3257 3355 3365 3427 3559 3656 3775 3865

44 33
65 155 191 264 286 392 457 529 635 651 719 769 793 922 940 985 1045 1176 1189 1224 1277 1349 1376 1394 1440 1528 1608 1659 1670 1773 1803 1919 1999 2043 2131 2221 2261 2321 2386 2444 2544 2656 2684 2776

31 67
34 160 269 502 716 835 1083 1345 1559 1737 1922 1952 2183 2247 2424 2493 2673 2845 2902 3064 3144 3167 3389 3521 3677 3720 3889 4117 4155 4293 4404

45 68
181 259 381 546 643 720 781 887 1117 1246 1295 1413 1499 1665 1901 1997 2249 2509 2606 2773 2843 2923 2996 3065 3299 3412 3598 3866 4067 4110 4362 4627 4816 4887 5011 5138 5280 5307 5517 5640 5684 5902 6018 6090 6120

49 38
81 102 238 261 383 436 501 644 790 837 943 1008 1028 1156 1173 1228 1343 1470 1608 1673 1808 1889 2036 2161 2273 2346 2461 2470 2622 2711 2720 2740 2853 2945 2991 3100 3238 3386 3408 3456 3574 3616 3657 3777 3908 3996 4114 4163 4194

85 100
383 417 717 872 985 1255 1536 1751 2022 2286 2671 3053 3111 3208 3584 3818 3916 4124 4345 4406 4646 4921 5223 5250 5395 5561 5734 5889 6191 6364 6726 7106 7459 7521 7602 7976 8016 8106 8180 8256 8306 8594 8870 9129 9327 9595 9755 10140 10172 10411 10679 10730 10842 11004 11318 11344 11714 11793 11953 12171 12345 12461 12660 12742 12979 13378 13662 13997 14111 14272 14500 14799 14857 15234 15368 15612 15687 15950 16267 16479 16873 17149 17238 17637 17907

101 23
72 127 190 282 367 456 509 536 606 689 777 833 915 939 955 1004 1014 1069 1125 1216 1225 1294 1332 1419 1481 1573 1580 1655 1695 1786 1841 1886 1971 2058 2100 2125 2168 2223 2272 2316 2383 2432 2476 2516 2521 2555 2645 2650 2704 2715 2753 2777 2799 2874 2910 2949 2967 3042 3075 3161 3219 3229 3258 3263 3300 3382 3460 3508 3565 3631 3719 3751 3824 3909 3956 3997 4085 4135 4152 4220 4298 4343 4364 4402 4458 4515 4563 4654 4745 4757 4769 4856 4941 5018 5085 5170 5221 5281 5356 5446 5484

67 29
18 60 170 192 300 319 334 447 533 546 622 630 696 760 795 877 991 1106 1222 1321 1425 1534 1622 1633 1686 1711 1748 1766 1793 1831 1930 2039 2063 2113 2216 2311 2345 2439 2452 2531 2544 2595 2694 2764 2867 2957 3048 3095 3118 3159 3199 3291 3313 3323 3421 3512 3558 3585 3663 3714 3753 3862 3968 4082 4094 4190 4216

39 81
184 291 548 649 879 1098 1268 1343 1502 1633 1892 1948 2051 2321 2609 2845 2958 3071 3126 3298 3481 3640 3938 4092 4222 4441 4468 4530 4599 4893 5214 5262 5383 5584 5754 5799 5930 6218 6532

64 44
41 204 310 453 477 529 629 646 718 879 936 1077 1147 1185 1289 1395 1459 1577 1709 1765 1776 1920 2023 2116 2206 2232 2352 2513 2547 2566 2632 2776 2924 2984 3070 3221 3299 3383 3446 3560 3642 3774 3830 3949 3964 4004 4148 4206 4323 4402 4430 4561 4707 4806 4864 4895 4997 5169 5191 5214 5281 5347 5471 5616

82 56
225 350 419 516 709 813 893 1092 1116 1327 1488 1663 1758 1789 2002 2066 2120 2335 2398 2456 2545 2663 2748 2895 3040 3189 3309 3406 3606 3641 3710 3797 3865 4071 4085 4259 4292 4310 4491 4545 4732 4928 4948 5122 5170 5381 5576 5719 5852 6033 6066 6111 6140 6345 6368 6427 6580 6620 6641 6838 6948 7021 7073 7219 7371 7400 7482 7498 7568 7774 7952 7978 8165 8182 8214 8293 8366 8440 8537 8687 8806 8925

21 14
46 80 114 120 123 131 154 209 252 297 337 391 436 443 475 507 538 568 596 648 700

82 4
8 21 29 34 44 48 58 64 68 76 88 94 100 108 117 123 126 135 136 144 145 147 150 151 160 171 181 194 208 217 220 221 223 236 241 244 255 260 276 283 287 297 304 306 309 323 330 336 339 345 360 374 379 391 396 405 417 433 440 456 472 474 479 490 493 502 506 516 523 533 539 546 557 558 572 575 578 579 594 609 623 627

17 30
39 63 127 138 192 275 285 302 417 441 490 534 611 657 763 840 899

19 96
190 517 741 790 977 1265 1616 1716 1899 2275 2367 2434 2671 2817 3122 3417 3548 3758 3880

100 89
163 216 458 616 860 1172 1382 1719 2026 2278 2404 2742 2811 3005 3121 3330 3509 3635 3987 4315 4397 4693 4957 5142 5254 5444 5774 5942 6079 6177 6373 6416 6768 7017 7193 7408 7727 7851 7916 8104 8342 8499 8694 8943 9152 9438 9731 9852 10137 10283 10465 10501 10822 11052 11305 11517 11719 11832 12028 12335 12418 12677 13020 13236 13361 13565 13846 14093 14133 14171 14484 14699 14985 15146 15440 15690 15809 16105 16347 16388 16477 16544 16815 17154 17216 17252 17597 17656 17964 18132 18191 18222 18354 18455 18483 18605 18809 18937 18991 19205

88 99
174 432 814 1012 1141 1391 1496 1869 2210 2382 2458 2555 2627 2789 3167 3236 3276 3551 3818 4165 4346 4518 4791 5089 5329 5707 6092 6294 6656 6799 6999 7197 7341 7596 7736 7993 8107 8489 8856 9145 9218 9442 9487 9807 10031 10382 10698 10903 11220 11260 11392 11506 11678 11798 11839 11969 12056 12201 12346 12559 12801 13161 13314 13594 13932 14143 14323 14629 15005 15062 15309 15413 15669 15699 15723 16092 16390 16415 16478 16538 16703 17066 17239 17584 17731 18123 18505 18799

14 31
90 169 276 329 432 491 558 624 736 780 858 926 996 1085

45 76
181 403 551 586 878 1026 1094 1282 1363 1624 1760 1807 2110 2275 2344 2552 2707 2759 3019 3105 3151 3249 3409 3541 3775 3810 4021 4259 4385 4523 4652 4941 5143 5182 5353 5478 5648 5864 5960 6261 6306 6591 6729 6980 7284

91 69
188 340 597 781 1000 1225 1408 1442 1613 1697 1842 2004 2142 2320 2489 2588 2666 2730 2956 3230 3421 3650 3754 3790 3895 3954 4034 4089 4263 4339 4599 4710 4889 5133 5180 5386 5533 5641 5795 5886 6064 6094 6152 6279 6364 6429 6523 6631 6835 6877 7107 7173 7211 7296 7385 7584 7610 7717 7828 8022 8043 8073 8105 8323 8512 8758 8775 9033 9251 9507 9720 9751 9914 10042 10280 10301 10548 10604 10637 10872 11089 11340 11584 11737 12009 12197 12290 12378 12643 12669 12800

21 90
40 192 547 833 1081 1170 1493 1789 2002 2261 2533 2714 2997 3171 3484 3811 4045 4168 4527 4595 4832

