20
72 57
86 109 189 203 410 560 694 829 989 1176 1266 1293 1331 1509 1669 1854 1922 1978 2081 2277 2464 2569 2597 2669 2744 2851 2982 3044 3148 3186 3345 3380 3538 3654 3740 3788 3917 4001 4067 4286 4485 4686 4819 4847 5008 5180 5222 5364 5446 5580 5718 5935 5988 6098 6265 6371 6541 6745 6827 6934 6968 7131 7242 7359 7509 7659 7743 7795 8021 8047 8107 8126

65 44
16 88 143 160 258 342 357 497 598 677 778 798 827 940 1073 1221 1361 1451 1601 1736 1873 1895 2034 2103 2189 2271 2299 2464 2587 2692 2805 2908 3031 3042 3172 3271 3381 3537 3686 3700 3759 3811 3982 4052 4113 4136 4193 4214 4270 4383 4550 4662 4736 4892 5048 5095 5178 5225 5269 5368 5470 5547 5607 5751 5850

66 65
213 331 451 656 848 903 980 1213 1369 1461 1585 1649 1793 1995 2187 2408 2545 2643 2681 2928 3105 3284 3333 3476 3657 3827 3912 3961 4049 4227 4362 4499 4742 4896 5083 5286 5363 5486 5596 5634 5733 5932 6150 6362 6484 6613 6666 6738 6870 7062 7195 7267 7478 7658 7761 7831 7960 8093 8228 8347 8389 8629 8841 8860 9027 9053

60 55
132 181 232 384 462 605 715 917 938 1138 1267 1437 1633 1779 1881 1911 1978 2169 2290 2462 2477 2503 2677 2828 2863 2977 3069 3243 3273 3387 3607 3821 3962 4167 4349 4478 4631 4745 4864 4919 4941 4973 5055 5189 5298 5468 5642 5658 5856 6068 6090 6201 6274 6299 6330 6484 6536 6756 6962 7061

77 74
157 288 540 624 874 933 1130 1200 1395 1570 1654 1680 1845 1893 2005 2093 2330 2513 2626 2713 2776 3032 3130 3293 3507 3539 3685 3930 3998 4060 4355 4486 4618 4765 4867 4961 5252 5385 5577 5872 6103 6193 6309 6351 6647 6935 7117 7155 7349 7529 7782 7970 8046 8267 8352 8372 8621 8803 8834 8897 9186 9423 9543 9795 9935 10071 10287 10425 10595 10789 10895 10922 10971 11156 11287 11351 11569

66 100
264 499 762 1125 1443 1713 1987 2174 2239 2531 2681 3051 3443 3622 3650 3890 4188 4484 4656 4726 4948 5193 5517 5753 5839 6000 6225 6407 6495 6601 6974 7371 7722 7815 7852 8152 8530 8688 8772 9129 9490 9603 9829 10175 10390 10763 10884 11134 11336 11530 11659 12026 12174 12208 12293 12344 12628 12970 13281 13638 13889 13968 14162 14334 14626 15023

19 40
84 134 253 274 313 473 593 706 809 835 963 979 1123 1183 1275 1369 1505 1569 1657

35 31
83 118 152 269 353 365 478 515 534 589 619 668 758 858 950 997 1034 1097 1178 1270 1288 1327 1377 1480 1551 1584 1631 1677 1762 1813 1834 1861 1873 1906 1993

2 59
77 95

39 89
296 327 493 684 764 827 883 955 1249 1322 1419 1663 1931 2257 2532 2658 2941 3014 3171 3301 3442 3797 4056 4222 4452 4709 5064 5098 5309 5576 5816 5972 6111 6199 6292 6520 6821 6937 7037

91 18
24 57 122 169 202 206 271 294 345 371 387 433 441 449 479 485 503 561 619 691 711 768 836 850 920 970 999 1026 1061 1089 1100 1151 1218 1231 1265 1298 1358 1419 1452 1512 1560 1616 1686 1715 1741 1746 1758 1821 1879 1944 2013 2054 2063 2105 2110 2151 2215 2256 2287 2326 2353 2398 2461 2510 2573 2600 2668 2711 2725 2779 2848 2917 2976 3003 3055 3122 3175 3183 3203 3248 3281 3327 3387 3420 3481 3536 3580 3584 3617 3673 3721

22 50
84 144 170 183 334 456 594 638 664 686 709 869 992 1107 1307 1323 1371 1526 1640 1820 1844 2022

17 17
21 59 82 107 153 187 202 226 282 318 363 397 444 479 530 559 582

56 90
214 416 733 1044 1221 1499 1791 1850 2059 2225 2498 2662 2721 2745 2835 3021 3093 3264 3608 3895 4120 4221 4341 4491 4762 4823 4877 5003 5231 5307 5626 5777 5828 5947 6155 6405 6477 6732 6947 7246 7404 7677 7939 8218 8372 8592 8657 8873 9131 9231 9574 9818 10162 10489 10810 11125

91 83
81 207 502 745 1052 1084 1285 1311 1629 1683 1959 2010 2069 2399 2598 2641 2870 3120 3441 3483 3581 3722 3933 4098 4428 4620 4754 4877 5021 5149 5319 5424 5484 5743 5794 5946 6046 6267 6409 6689 6891 6979 7015 7129 7266 7322 7530 7831 8067 8107 8349 8587 8727 9044 9348 9426 9699 9826 10074 10225 10410 10531 10765 10889 11153 11284 11589 11847 12034 12096 12241 12521 12772 12980 13179 13370 13436 13621 13668 13728 13857 13933 14037 14117 14327 14641 14901 15231 15451 15595 15880

18 100
394 740 772 1008 1328 1405 1522 1875 2161 2341 2677 2843 3132 3523 3808 3862 4155 4207

49 91
67 380 428 608 884 1016 1247 1468 1676 1740 1812 2058 2376 2546 2755 2825 2952 3161 3416 3577 3632 3825 3950 3992 4119 4267 4305 4345 4677 4951 5140 5244 5519 5684 5762 6003 6040 6401 6574 6876 6939 7064 7396 7580 7911 7940 8085 8173 8313

30 75
189 263 414 648 809 937 991 1285 1306 1398 1436 1730 1856 1895 2043 2097 2304 2470 2500 2670 2766 3031 3143 3327 3492 3642 3892 4180 4349 4386

65 4
8 19 31 43 46 61 65 74 75 89 99 114 123 125 141 152 163 166 170 175 186 200 211 217 218 227 237 239 246 255 263 266 274 290 300 304 317 331 337 341 348 350 363 377 381 389 405 407 417 429 444 455 461 475 481 483 487 492 500 509 515 520 522 535 547

66 41
155 247 334 437 525 600 661 741 813 962 979 1056 1107 1217 1362 1385 1498 1614 1649 1805 1952 2080 2195 2309 2398 2495 2520 2539 2611 2750 2796 2900 3048 3190 3324 3371 3459 3569 3648 3759 3901 3992 4105 4253 4340 4466 4571 4688 4837 4916 4962 5011 5161 5218 5370 5449 5599 5678 5745 5861 5991 6024 6145 6227 6358 6507

