42
101 97
277 467 702 879 1217 1588 1636 1686 1823 2141 2363 2567 2906 3178 3514 3576 3945 4052 4104 4244 4468 4640 4731 5044 5302 5536 5586 5817 6018 6049 6090 6478 6528 6648 7007 7320 7696 7983 8296 8414 8573 8817 8970 9183 9327 9590 9957 9995 10236 10507 10583 10934 11152 11498 11576 11731 11929 12049 12136 12312 12511 12653 12997 13115 13322 13396 13693 13985 14200 14498 14564 14624 14992 15284 15631 15753 15852 15893 15977 16345 16477 16516 16617 16926 17247 17541 17643 17906 18113 18137 18303 18488 18670 18889 19020 19377 19483 19577 19704 19995 20294

60 27
98 141 243 335 426 441 517 597 623 654 718 759 840 902 999 1055 1088 1190 1200 1207 1292 1391 1406 1507 1582 1670 1690 1754 1845 1924 2018 2094 2183 2248 2315 2422 2478 2488 2568 2602 2656 2725 2813 2835 2855 2900 2950 2970 3060 3107 3186 3256 3361 3408 3433 3454 3523 3595 3615 3663

52 44
102 177 263 279 294 407 543 654 751 879 1000 1013 1090 1197 1281 1324 1339 1424 1583 1686 1832 1944 2083 2186 2204 2307 2418 2470 2612 2709 2796 2941 2971 2988 3032 3065 3130 3243 3359 3429 3483 3565 3731 3770 3807 3835 3865 3977 4098 4251 4395 4493

38 96
276 512 861 1059 1365 1419 1647 1997 2336 2431 2650 2872 3223 3561 3623 3844 4139 4247 4352 4445 4572 4865 4994 5061 5427 5639 5775 6121 6246 6437 6531 6704 6974 7357 7575 7857 8139 8341

41 38
118 247 370 486 622 634 725 870 912 922 1003 1038 1158 1188 1244 1367 1381 1517 1659 1759 1874 1961 2102 2187 2211 2282 2426 2511 2606 2635 2645 2683 2706 2828 2862 2924 3015 3068 3203 3287 3386

18 51
22 149 349 517 619 646 681 861 988 1149 1349 1504 1580 1737 1858 1916 1977 2065

51 13
8 58 65 91 131 180 186 233 267 279 315 328 379 391 436 449 478 511 529 578 599 628 657 663 711 736 758 769 784 814 857 878 892 914 961 989 992 1009 1039 1048 1084 1116 1146 1165 1211 1228 1267 1287 1301 1305 1357

60 12
12 39 70 106 126 157 197 213 244 289 323 337 354 388 428 436 444 459 483 516 561 599 633 638 676 693 736 783 811 823 850 892 900 943 991 1002 1038 1073 1096 1117 1127 1145 1162 1203 1241 1258 1284 1323 1342 1360 1382 1423 1429 1474 1497 1528 1558 1574 1584 1608

22 101
42 322 425 774 802 1001 1368 1522 1565 1791 1958 2219 2390 2785 3169 3349 3695 3731 3934 4228 4519 4855

24 21
69 150 227 258 286 352 430 477 530 575 615 635 691 711 762 825 856 918 957 985 1024 1066 1121 1135

94 41
70 220 270 399 510 605 656 782 826 889 911 989 1048 1157 1195 1358 1418 1512 1537 1566 1634 1774 1790 1892 1915 1997 2013 2148 2170 2315 2354 2499 2662 2775 2933 2945 2967 3076 3140 3249 3272 3339 3354 3487 3541 3675 3763 3846 3920 3968 4119 4263 4281 4420 4457 4590 4732 4753 4768 4898 5053 5146 5231 5316 5364 5513 5623 5679 5747 5888 6034 6183 6227 6331 6471 6574 6654 6794 6899 6998 7041 7177 7203 7348 7498 7662 7686 7726 7865 7999 8133 8254 8361 8382

100 8
8 33 53 60 74 104 118 149 164 193 222 239 243 259 286 300 307 337 368 376 401 403 432 437 462 485 504 533 557 580 610 632 663 670 701 703 707 724 751 754 783 799 804 822 848 861 892 917 927 947 974 987 991 1007 1017 1045 1065 1068 1077 1082 1089 1105 1123 1141 1151 1174 1176 1185 1204 1229 1245 1257 1276 1308 1331 1355 1357 1383 1401 1416 1418 1431 1450 1466 1475 1481 1498 1517 1527 1558 1582 1586 1599 1601 1619 1630 1649 1656 1684 1695

9 5
12 27 36 52 65 67 74 82 97

42 37
27 48 180 233 254 336 438 479 589 664 785 853 904 919 989 1015 1146 1155 1232 1258 1372 1456 1506 1555 1668 1772 1895 1974 2035 2123 2262 2303 2364 2436 2523 2628 2650 2794 2932 2982 3039 3084

87 58
33 113 227 412 538 591 668 871 900 921 956 1071 1103 1128 1223 1241 1445 1482 1697 1902 1999 2042 2147 2166 2339 2414 2504 2673 2710 2891 3108 3243 3427 3509 3623 3815 3952 4148 4184 4385 4565 4639 4867 4987 5096 5154 5262 5306 5499 5705 5849 5954 6112 6168 6293 6318 6356 6490 6523 6554 6674 6729 6826 6995 7172 7226 7341 7552 7759 7977 8179 8370 8555 8697 8740 8814 8981 9135 9192 9271 9442 9670 9848 9963 10072 10241 10373

6 40
95 155 226 299 342 496

40 90
324 594 886 938 1090 1393 1485 1564 1646 1889 2037 2381 2616 2893 3212 3286 3332 3556 3606 3723 3786 3851 4177 4338 4483 4708 5038 5215 5419 5627 5779 6089 6426 6621 6821 6911 7113 7254 7561 7761

80 78
227 451 705 872 1058 1348 1607 1858 1906 2014 2094 2165 2438 2677 2901 3154 3249 3414 3633 3873 4005 4037 4075 4099 4362 4667 4949 5101 5159 5466 5669 5699 5964 6208 6506 6774 6811 6988 7292 7515 7634 7866 8089 8241 8529 8587 8611 8899 9179 9475 9612 9843 9976 10164 10314 10441 10614 10715 10896 11014 11273 11332 11366 11664 11839 12015 12154 12329 12391 12546 12692 12969 13216 13360 13474 13553 13774 14076 14099 14238

60 89
163 376 602 929 1149 1315 1624 1946 2058 2371 2664 2718 3074 3236 3411 3642 3967 4259 4504 4809 5158 5433 5458 5719 5821 6046 6208 6338 6618 6730 6924 7074 7341 7374 7692 7750 7907 8009 8242 8392 8523 8746 9013 9159 9434 9663 10006 10111 10169 10404 10601 10783 11138 11313 11358 11593 11689 11803 11954 11977

46 88
132 285 426 751 930 1223 1470 1609 1823 1896 2046 2209 2288 2364 2643 2677 2807 3088 3305 3374 3655 3910 4083 4334 4448 4702 4773 4862 5091 5334 5647 5885 6120 6342 6504 6853 6998 7165 7479 7531 7742 7803 8135 8446 8685 8856

45 86
145 389 490 753 1033 1247 1357 1677 1913 2072 2123 2169 2363 2513 2779 2873 3092 3131 3291 3577 3712 3737 3848 3947 4030 4338 4568 4807 4969 5054 5327 5557 5661 5729 6035 6195 6432 6702 6837 7076 7408 7738 7814 7874 8148

37 8
21 49 57 72 86 112 129 131 145 161 185 198 228 239 244 269 275 280 308 320 334 341 355 378 394 402 413 437 440 443 470 498 506 533 544 565 573

63 9
17 46 52 65 92 115 128 158 189 216 219 247 249 258 284 299 321 346 382 384 414 435 468 497 508 543 551 572 584 616 642 677 706 711 725 750 776 790 813 825 854 890 916 945 977 997 1019 1029 1062 1097 1110 1113 1137 1152 1163 1198 1221 1223 1231 1246 1270 1301 1315

18 15
15 43 102 135 148 158 197 242 247 266 320 374 421 453 458 461 515 566

46 21
35 71 79 95 173 239 296 374 393 399 429 511 524 540 617 664 733 767 773 785 847 866 887 956 963 1024 1046 1064 1129 1156 1166 1176 1224 1273 1328 1386 1448 1514 1541 1613 1661 1720 1739 1806 1850 1882

18 83
273 562 862 927 998 1133 1239 1308 1584 1657 1874 2082 2275 2326 2350 2395 2563 2798

99 81
186 362 646 680 949 1135 1450 1668 1961 2109 2379 2404 2656 2855 2915 3113 3164 3325 3382 3502 3724 4036 4163 4310 4575 4755 5055 5147 5280 5322 5484 5737 5882 6166 6213 6521 6647 6821 7073 7397 7583 7668 7949 8096 8267 8445 8522 8729 9029 9281 9481 9686 9912 9996 10313 10505 10609 10813 10897 10939 11242 11460 11503 11643 11825 12080 12163 12296 12537 12572 12779 13006 13281 13315 13617 13822 14089 14329 14421 14470 14739 15021 15326 15568 15670 15809 15959 15980 16107 16209 16305 16623 16763 17053 17175 17254 17408 17553 17801

62 34
119 233 305 357 450 468 511 645 727 740 835 914 936 984 1009 1142 1243 1327 1412 1420 1545 1623 1686 1734 1816 1935 2025 2081 2108 2130 2200 2262 2396 2507 2626 2723 2818 2845 2963 3083 3147 3163 3270 3404 3530 3648 3708 3716 3814 3853 3861 3946 4018 4066 4119 4171 4258 4274 4356 4451 4459 4504

94 82
126 419 744 1052 1199 1232 1366 1518 1694 1938 2227 2373 2528 2777 2881 2960 3147 3360 3547 3822 4141 4195 4318 4552 4739 4946 5199 5314 5433 5602 5695 5854 6030 6157 6234 6511 6564 6839 6884 7114 7224 7474 7576 7819 7995 8232 8438 8458 8516 8611 8665 8796 8835 8913 8982 9274 9559 9602 9887 10118 10264 10285 10526 10792 10824 11069 11219 11319 11446 11507 11706 11741 12053 12118 12208 12340 12601 12911 12987 13049 13295 13545 13599 13871 13905 14008 14160 14440 14611 14753 15048 15349 15659 15849

18 48
147 323 338 410 445 477 645 797 972 1119 1191 1351 1496 1513 1612 1649 1670 1767

74 15
22 40 84 105 144 195 251 306 312 362 409 428 484 535 573 623 636 643 678 731 784 835 890 893 946 958 976 979 999 1014 1034 1051 1074 1119 1122 1125 1144 1176 1224 1246 1288 1293 1308 1362 1422 1466 1489 1524 1556 1581 1619 1669 1710 1724 1746 1772 1797 1839 1864 1918 1952 1965 1969 2020 2070 2104 2131 2173 2222 2233 2283 2325 2345 2382

15 8
17 27 48 71 77 83 110 112 130 150 163 167 185 195 198

75 68
101 242 351 545 647 701 954 1211 1402 1672 1740 1919 2149 2367 2453 2545 2773 2866 2983 3191 3244 3370 3439 3614 3636 3731 3898 4005 4143 4337 4397 4485 4529 4790 4919 5067 5133 5385 5538 5590 5674 5890 6058 6280 6477 6528 6658 6756 6865 6974 7005 7110 7224 7438 7496 7570 7651 7893 8079 8115 8270 8443 8641 8847 9115 9240 9422 9514 9542 9611 9766 9806 9898 10034 10234

66 60
18 63 183 268 504 681 715 791 833 872 1112 1210 1391 1506 1742 1966 2151 2386 2496 2587 2710 2756 2891 3092 3259 3320 3413 3449 3602 3780 3991 4202 4308 4430 4546 4733 4960 5169 5192 5337 5401 5604 5756 5970 6110 6130 6289 6502 6561 6647 6696 6785 6914 7117 7256 7466 7516 7586 7783 7907 8093 8133 8186 8323 8534 8685

32 45
60 235 380 556 687 727 804 936 1005 1181 1294 1355 1533 1676 1822 1841 1933 2046 2181 2313 2439 2543 2646 2816 2936 3115 3251 3328 3476 3635 3710 3741

70 73
260 427 646 765 1055 1086 1350 1520 1786 1881 2036 2177 2287 2331 2579 2794 2834 2951 3210 3277 3308 3368 3656 3686 3869 3996 4113 4347 4458 4653 4898 5087 5195 5350 5581 5782 6024 6291 6579 6637 6699 6857 6998 7062 7147 7302 7459 7555 7656 7703 7922 8130 8223 8372 8427 8650 8909 9017 9130 9345 9498 9557 9813 10080 10277 10438 10694 10732 10768 10901

52 21
17 27 62 141 224 277 300 308 322 359 410 473 533 558 586 666 744 759 843 882 920 972 1025 1080 1116 1182 1198 1238 1259 1334 1354 1371 1428 1459 1478 1539 1576 1630 1705 1711 1771 1846 1925 1947 2031 2039 2064 2109 2185 2195 2227 2297

25 21
16 47 64 99 119 197 267 320 357 375 407 432 512 583 657 675 693 706 774 784 864 886 966 1033 1056

71 8
31 42 53 80 102 124 137 140 148 180 208 223 236 240 245 273 298 324 355 361 381 405 409 416 438 457 466 484 506 533 550 558 565 594 610 639 662 694 703 710 712 716 718 735 741 762 782 814 830 860 886 890 899 924 945 975 1007 1009 1012 1044 1062 1074 1097 1129 1136 1149 1165 1197 1212 1235 1253

68 7
27 35 37 48 61 76 100 101 109 114 121 131 140 148 166 181 182 201 215 223 243 246 269 270 291 309 328 329 350 358 370 395 411 430 452 472 495 506 528 556 584 590 594 607 624 646 653 678 688 715 721 743 771 772 783 804 828 852 871 881 900 923 942 957 979 1003 1020 1032

17 13
33 74 104 148 167 173 191 215 247 251 263 268 282 287 306 338 364

70 96
235 351 410 704 852 1131 1195 1442 1524 1613 1749 2100 2423 2718 2971 3126 3235 3613 3718 4080 4144 4355 4691 4912 4988 5190 5270 5476 5755 6122 6278 6502 6573 6639 6899 7089 7423 7680 7972 8200 8577 8737 8772 8902 9140 9362 9397 9609 9637 9779 10129 10247 10505 10735 10803 11085 11309 11455 11664 12040 12375 12669 12749 12842 13198 13252 13445 13733 14099 14173

