17
67 24
85 159 244 334 428 447 542 623 649 670 718 790 808 871 944 952 968 1032 1048 1134 1190 1198 1230 1279 1333 1409 1469 1491 1539 1623 1693 1736 1760 1831 1916 1980 2052 2115 2151 2222 2264 2311 2374 2397 2449 2459 2509 2584 2666 2680 2730 2745 2841 2913 2934 3021 3102 3197 3289 3359 3435 3475 3539 3586 3607 3637 3689

74 3
1 1 10 10 22 34 46 56 67 79 91 101 105 108 108 115 124 127 138 138 145 152 157 167 179 188 199 199 210 215 221 231 236 243 246 256 263 275 277 279 290 299 306 314 322 331 340 345 352 354 366 366 376 380 380 387 389 394 394 399 399 404 407 417 419 428 430 434 438 448 458 469 475 475

63 8
7 13 36 62 64 71 84 94 100 103 114 133 157 180 203 210 239 252 273 301 323 343 346 371 374 379 406 431 441 455 475 507 534 555 585 593 609 620 644 647 661 688 700 729 731 763 790 795 797 810 821 843 846 858 871 900 923 942 963 977 994 1022 1028

9 27
75 106 185 230 242 340 387 488 531

54 30
35 97 105 225 327 337 384 504 538 615 725 819 872 887 934 998 1051 1140 1225 1235 1296 1342 1404 1414 1504 1624 1687 1721 1794 1871 1980 2008 2114 2178 2192 2299 2380 2434 2442 2511 2603 2688 2723 2776 2858 2914 2942 3049 3126 3170 3190 3284 3323 3331

75 73
265 524 630 805 1033 1323 1500 1693 1902 2157 2363 2434 2626 2712 2832 2884 3127 3376 3518 3621 3796 3817 3945 3998 4264 4496 4720 4780 5006 5083 5353 5608 5720 5857 6029 6102 6365 6633 6909 7044 7283 7553 7699 7874 8060 8209 8254 8401 8569 8786 9025 9184 9281 9481 9640 9693 9806 9929 9987 10230 10268 10496 10756 10875 11029 11215 11296 11463 11642 11847 11957 12225 12297 12334 12510

58 101
39 344 507 570 823 859 1047 1088 1303 1372 1466 1554 1882 2120 2295 2369 2651 2948 3095 3493 3859 4241 4565 4712 4987 5047 5400 5529 5900 6238 6272 6626 6901 6937 7069 7226 7514 7849 8150 8256 8526 8716 8837 8919 9262 9571 9929 10187 10430 10756 11075 11119 11482 11546 11859 11962 12121 12183

89 13
33 82 91 117 147 174 203 239 273 325 349 381 395 423 441 448 487 524 558 574 622 642 690 705 726 732 740 770 819 838 855 889 926 952 990 1024 1062 1084 1103 1127 1152 1186 1212 1217 1225 1232 1262 1268 1306 1326 1350 1375 1406 1416 1459 1482 1494 1504 1527 1533 1538 1568 1586 1624 1638 1690 1722 1751 1778 1824 1872 1893 1944 1987 2006 2016 2061 2104 2107 2114 2150 2162 2170 2216 2227 2251 2267 2316 2328

40 26
91 164 237 265 307 315 396 482 508 528 632 715 773 845 890 902 974 983 1060 1149 1199 1243 1316 1352 1414 1438 1468 1544 1570 1591 1620 1634 1653 1697 1775 1868 1885 1953 2003 2056

89 1
5 7 7 11 13 13 17 17 18 20 21 21 24 26 27 30 34 38 39 39 42 46 48 48 48 50 52 54 55 58 59 59 60 64 67 71 73 75 79 83 86 90 93 94 98 98 98 102 103 107 110 110 113 116 120 120 124 125 127 131 135 139 141 145 147 149 149 151 151 154 155 158 158 159 163 167 168 168 171 172 176 180 182 183 187 189 193 195 199

21 25
38 129 223 319 349 412 502 574 613 645 659 666 717 736 836 859 876 924 978 1076 1106

34 37
124 139 262 311 369 496 531 643 753 835 935 978 1036 1118 1234 1251 1281 1380 1524 1546 1581 1672 1705 1833 1873 1899 2025 2171 2257 2273 2376 2390 2421 2559

54 86
337 618 810 863 950 1075 1242 1311 1513 1629 1893 1956 1998 2059 2339 2486 2524 2696 2804 3098 3143 3453 3511 3840 4041 4110 4308 4525 4575 4628 4882 5209 5373 5590 5647 5850 6183 6286 6535 6855 6935 7108 7267 7457 7588 7848 8034 8216 8552 8861 8936 9184 9333 9614

27 54
119 184 337 500 667 832 847 1035 1248 1316 1464 1511 1608 1823 1936 1960 2088 2133 2304 2330 2399 2498 2579 2738 2916 3041 3117

67 81
81 131 207 495 722 944 1171 1274 1528 1836 2031 2289 2309 2557 2613 2934 3174 3304 3548 3760 3894 4102 4353 4410 4534 4607 4823 5082 5217 5299 5523 5726 5851 6009 6296 6469 6677 6743 6932 7139 7223 7470 7571 7863 8161 8299 8459 8564 8871 9086 9209 9438 9501 9738 9988 10257 10466 10499 10750 10952 11228 11248 11274 11331 11530 11831 11869

4 84
253 376 422 680

52 88
186 428 535 762 1004 1030 1304 1513 1564 1684 1883 2056 2400 2712 2887 3105 3401 3717 3889 3958 4218 4511 4635 4709 4933 5118 5331 5623 5758 5786 6124 6173 6417 6474 6646 6889 7126 7411 7464 7805 7846 8170 8194 8254 8553 8617 8858 9180 9419 9560 9688 9774

