23
46 66
185 270 411 570 625 649 727 792 954 1155 1218 1302 1488 1533 1658 1864 1967 2158 2280 2521 2730 2944 3050 3137 3259 3401 3577 3667 3688 3869 4034 4096 4158 4302 4456 4572 4748 4866 5071 5204 5289 5476 5740 5844 6089 6230

85 56
51 124 169 205 303 512 532 680 787 904 1063 1162 1282 1338 1413 1561 1690 1796 1973 2023 2230 2448 2499 2559 2735 2786 2852 3001 3121 3199 3287 3391 3524 3624 3732 3749 3801 3892 4058 4147 4357 4480 4634 4799 4869 5063 5230 5267 5394 5558 5581 5709 5921 6043 6212 6406 6505 6634 6770 6934 7112 7172 7253 7272 7494 7683 7717 7769 7860 8033 8141 8195 8218 8424 8555 8693 8810 8976 9015 9134 9255 9272 9359 9426 9524

98 31
119 147 255 306 320 346 377 432 488 495 599 612 632 641 730 840 951 978 1027 1067 1174 1267 1307 1420 1439 1476 1498 1513 1633 1687 1750 1823 1894 1958 1968 2067 2117 2207 2283 2361 2381 2425 2486 2564 2655 2762 2807 2931 2997 3013 3125 3198 3302 3384 3451 3478 3541 3642 3751 3824 3882 3917 4019 4119 4198 4240 4251 4307 4399 4442 4494 4607 4657 4669 4712 4749 4804 4823 4866 4928 4967 5050 5107 5184 5234 5340 5430 5483 5508 5531 5639 5668 5675 5748 5778 5852 5907 5996

19 1
2 2 4 7 10 12 14 18 20 20 24 27 28 29 33 36 40 42 46

79 47
153 256 326 487 533 692 708 890 1018 1045 1201 1319 1407 1506 1599 1635 1817 1850 1917 2016 2112 2217 2232 2396 2576 2725 2818 2858 2995 3160 3261 3329 3389 3470 3576 3756 3876 3894 3906 4039 4113 4274 4332 4440 4601 4645 4690 4842 4863 4884 4949 5072 5237 5273 5430 5551 5641 5677 5737 5845 5976 5990 6014 6177 6292 6450 6500 6518 6612 6659 6729 6797 6814 6907 6924 7059 7106 7166 7301

4 94
37 269 519 574

75 90
105 238 580 935 1104 1228 1266 1610 1714 2067 2159 2326 2504 2581 2739 3019 3146 3269 3467 3681 4035 4218 4413 4699 4791 5106 5233 5530 5855 5920 6015 6073 6148 6257 6335 6497 6834 6922 7143 7455 7651 7877 8126 8321 8571 8781 9105 9440 9608 9841 10008 10242 10429 10624 10657 10747 11093 11406 11582 11859 12027 12125 12175 12239 12598 12810 12847 13097 13418 13550 13743 13936 14135 14362 14526

100 40
46 198 298 418 565 690 825 984 1057 1094 1104 1145 1262 1384 1544 1648 1738 1843 1904 1994 2074 2153 2267 2291 2349 2507 2563 2676 2733 2845 2903 2935 3014 3031 3176 3236 3350 3474 3545 3621 3663 3809 3890 3934 4058 4163 4279 4301 4432 4478 4520 4656 4714 4756 4842 4864 4917 4979 5008 5059 5166 5315 5347 5391 5492 5543 5656 5682 5700 5759 5864 5997 6059 6175 6213 6348 6421 6540 6644 6737 6753 6864 6959 7037 7175 7309 7320 7468 7501 7542 7558 7576 7713 7864 7966 7985 8138 8159 8228 8263

10 96
67 278 316 674 881 1008 1349 1458 1831 1959

19 3
9 10 14 19 31 41 51 51 51 55 62 73 75 85 91 103 105 107 109

80 33
117 140 149 239 288 419 545 597 691 772 790 906 969 1069 1098 1194 1300 1416 1477 1513 1540 1560 1627 1725 1744 1870 1887 1971 2052 2173 2305 2368 2464 2517 2544 2664 2785 2890 2920 2945 3012 3064 3150 3238 3340 3472 3564 3689 3772 3789 3834 3851 3943 4066 4117 4223 4277 4303 4383 4502 4627 4754 4800 4878 4964 4973 4991 5122 5152 5182 5258 5307 5405 5518 5532 5620 5679 5770 5882 5972

31 33
22 137 147 253 277 374 467 571 680 715 769 830 955 1076 1194 1217 1251 1280 1289 1297 1357 1377 1470 1596 1676 1738 1815 1882 1982 2054 2075

50 98
244 598 859 921 1170 1241 1274 1653 2006 2069 2206 2291 2595 2933 3229 3415 3644 4002 4255 4616 4680 4713 5040 5263 5423 5772 6161 6242 6596 6768 7100 7301 7448 7509 7827 8201 8294 8662 8688 8917 9126 9501 9723 9832 10203 10576 10757 10850 11138 11469

19 39
11 57 203 337 490 521 662 795 860 996 1050 1131 1158 1296 1368 1444 1455 1520 1618

18 36
36 63 192 313 404 484 519 608 635 666 772 837 976 1075 1137 1220 1289 1302

62 60
202 327 460 649 747 982 1029 1251 1384 1623 1727 1862 1880 2028 2266 2342 2367 2471 2528 2712 2782 2799 2891 2969 3070 3222 3454 3493 3721 3848 3937 4141 4374 4568 4759 4882 5107 5233 5311 5425 5500 5592 5743 5924 6090 6145 6183 6244 6430 6481 6552 6725 6860 6948 7056 7259 7312 7446 7624 7741 7877 7976

19 29
24 86 101 179 240 275 356 469 583 638 707 799 845 944 967 1033 1108 1122 1232

62 78
57 300 433 731 898 1091 1273 1372 1526 1776 1804 1850 2134 2327 2501 2789 3061 3142 3454 3647 3676 3924 4232 4320 4433 4673 4790 4846 5092 5280 5448 5721 5852 5937 6027 6179 6435 6494 6775 6910 7024 7180 7255 7275 7425 7672 7937 8198 8421 8441 8624 8715 8844 8965 9178 9415 9463 9597 9842 10046 10201 10484

48 3
5 14 23 24 35 40 44 52 62 64 68 72 81 81 91 102 105 106 112 117 121 121 131 140 144 144 153 153 164 167 173 185 194 201 208 216 216 217 224 236 237 238 248 256 268 268 275 278

56 2
1 6 6 10 15 18 26 34 36 37 42 43 43 51 58 62 70 74 79 86 88 95 102 105 113 120 128 130 133 137 142 149 155 158 158 163 171 177 179 185 190 192 196 197 200 204 205 208 209 212 218 218 221 224 228 234

29 80
192 415 696 892 945 1069 1164 1288 1532 1599 1906 2111 2408 2448 2745 2992 3271 3295 3606 3849 3970 4187 4302 4603 4703 4811 4967 5152 5263

27 71
88 182 241 522 781 1060 1243 1362 1554 1754 1948 2060 2162 2402 2474 2576 2727 2804 3032 3140 3189 3346 3378 3395 3512 3727 3787

88 42
101 130 172 273 310 460 563 658 702 854 1021 1073 1138 1178 1233 1334 1456 1577 1623 1738 1809 1836 1975 2045 2201 2325 2492 2543 2607 2706 2717 2837 2954 2976 3044 3135 3170 3338 3362 3510 3639 3803 3819 3918 4034 4135 4275 4363 4398 4422 4532 4573 4730 4791 4803 4815 4926 4958 5009 5149 5240 5352 5402 5417 5468 5554 5693 5783 5939 5995 6031 6092 6122 6238 6327 6387 6450 6525 6604 6693 6721 6766 6848 6925 7009 7031 7128 7243

