4
81 60
203 373 517 753 810 945 1024 1102 1207 1357 1592 1721 1837 1872 1959 2185 2263 2368 2410 2510 2636 2797 2837 2900 3078 3187 3408 3471 3672 3736 3787 3877 3931 4031 4263 4477 4661 4829 4927 5070 5138 5213 5257 5380 5609 5840 5879 6003 6056 6174 6408 6481 6608 6741 6937 7016 7200 7242 7435 7588 7676 7842 8034 8077 8236 8252 8492 8709 8724 8760 8886 9039 9142 9241 9283 9364 9452 9527 9696 9837 10028

80 49
29 47 78 177 290 329 488 608 631 757 771 935 995 1166 1182 1206 1261 1416 1471 1615 1651 1711 1870 1925 2078 2189 2268 2288 2362 2420 2597 2654 2812 2953 3079 3102 3121 3205 3300 3454 3597 3624 3748 3913 3937 3989 4063 4221 4242 4391 4544 4629 4677 4773 4968 5009 5188 5250 5330 5491 5597 5637 5775 5888 5986 6164 6200 6230 6318 6491 6523 6594 6762 6947 7013 7172 7292 7378 7515 7706

31 89
300 467 604 702 775 1015 1069 1297 1373 1395 1555 1840 2156 2266 2297 2465 2552 2575 2792 2938 3269 3323 3517 3673 3917 3965 4007 4264 4619 4670 4808

65 97
165 529 688 731 995 1187 1404 1594 1801 2174 2398 2456 2564 2873 3037 3322 3363 3466 3832 4052 4393 4766 4999 5327 5567 5611 5862 6079 6145 6297 6646 7006 7082 7156 7284 7589 7960 8280 8496 8551 8802 8869 9199 9478 9652 9706 10028 10254 10578 10712 10760 10978 11354 11540 11897 12019 12143 12492 12807 13176 13451 13631 14009 14033 14392

