39
98 15
12 40 80 83 92 116 156 196 216 241 292 321 349 369 427 463 474 501 553 565 577 598 658 712 733 779 814 872 909 940 992 1024 1030 1062 1067 1113 1148 1170 1219 1242 1297 1301 1359 1363 1403 1442 1465 1486 1504 1561 1619 1666 1723 1766 1824 1880 1885 1927 1981 2011 2056 2114 2155 2212 2236 2244 2258 2271 2322 2366 2370 2396 2434 2467 2501 2543 2562 2596 2630 2663 2703 2720 2766 2811 2848 2877 2926 2962 3021 3080 3096 3131 3190 3238 3287 3302 3344 3366

14 77
252 421 559 827 1025 1269 1352 1610 1874 2110 2169 2306 2411 2598

69 86
206 516 848 881 1225 1395 1706 2031 2111 2375 2613 2737 2799 2848 2917 3103 3380 3544 3601 3626 3674 3855 3914 3981 4226 4249 4322 4437 4663 4848 4983 5259 5454 5602 5939 6082 6241 6372 6691 6913 7151 7427 7538 7701 7844 8006 8060 8255 8350 8468 8670 8736 8889 8972 9191 9445 9550 9884 10190 10449 10501 10534 10562 10869 10914 11152 11174 11323 11649

3 85
103 240 459

3 87
225 262 499

99 92
362 712 866 986 1174 1358 1397 1667 1834 2073 2241 2436 2653 2846 3128 3214 3360 3495 3606 3853 3993 4310 4452 4661 4768 5085 5353 5412 5542 5759 5790 6036 6096 6152 6222 6255 6359 6428 6570 6705 6837 6944 7188 7230 7467 7493 7653 7893 8107 8210 8347 8451 8780 8960 9020 9232 9438 9684 9931 10299 10476 10788 10973 11078 11248 11549 11832 12162 12194 12486 12726 12980 13121 13215 13493 13699 13939 14077 14120 14395 14530 14842 15011 15303 15476 15765 16062 16388 16584 16759 16938 17301 17339 17636 17834 17947 18234 18589 18629

64 43
82 202 363 486 542 714 787 885 1014 1036 1108 1250 1356 1378 1543 1661 1725 1752 1812 1951 1968 2033 2153 2279 2344 2418 2530 2580 2743 2870 3030 3183 3202 3292 3406 3526 3641 3786 3889 3948 4007 4148 4203 4337 4470 4585 4648 4725 4811 4973 5128 5255 5355 5498 5626 5757 5874 5914 6023 6064 6102 6132 6182 6199

5 36
46 124 258 328 351

43 5
15 17 26 46 64 82 91 106 119 135 154 174 180 190 208 217 234 250 253 270 278 284 285 290 309 318 319 320 336 349 355 373 376 389 406 426 430 443 450 466 478 482 492

98 69
273 345 505 669 727 899 1095 1325 1349 1376 1442 1502 1741 1856 2103 2305 2344 2389 2501 2690 2847 2887 2923 3005 3259 3337 3394 3504 3580 3743 3872 4147 4185 4343 4489 4730 4916 5050 5170 5339 5434 5628 5768 5880 5985 6084 6131 6191 6218 6249 6456 6594 6642 6696 6866 7024 7144 7305 7567 7728 7952 8210 8299 8559 8790 9054 9311 9537 9620 9833 10000 10256 10408 10676 10855 10879 10918 11148 11166 11285 11416 11454 11649 11709 11909 11985 12112 12362 12445 12681 12911 13187 13229 13268 13495 13644 13839 14013

65 44
121 281 394 549 703 856 922 939 1114 1151 1225 1268 1379 1523 1669 1719 1775 1873 1931 2044 2057 2156 2244 2419 2534 2663 2719 2856 2936 3095 3237 3257 3344 3499 3588 3763 3795 3901 3926 4051 4201 4322 4478 4529 4543 4632 4808 4936 5077 5213 5302 5317 5368 5412 5537 5583 5691 5742 5861 5963 6092 6256 6295 6372 6412

81 11
8 28 49 70 107 125 127 138 172 202 237 267 288 305 334 347 388 404 438 444 475 514 544 570 586 620 627 660 673 675 678 686 692 727 749 781 790 799 831 866 888 906 948 969 1003 1041 1066 1085 1111 1128 1167 1206 1229 1231 1246 1271 1282 1317 1337 1372 1404 1427 1469 1500 1522 1537 1546 1577 1581 1584 1598 1630 1658 1668 1670 1694 1736 1748 1780 1802 1818

31 99
334 385 481 698 988 1274 1350 1637 1925 2090 2449 2794 3003 3309 3468 3527 3842 3913 4101 4384 4543 4621 4843 5187 5304 5647 6032 6197 6260 6594 6635

36 97
284 480 796 996 1381 1484 1752 1960 1996 2173 2268 2598 2788 3053 3425 3742 3999 4190 4380 4502 4665 4949 4978 5071 5298 5408 5572 5860 6006 6389 6756 7065 7312 7379 7671 7714

33 53
97 141 229 335 499 568 713 852 878 912 1003 1165 1275 1353 1455 1498 1652 1690 1815 1927 2041 2098 2156 2353 2482 2666 2767 2913 2993 3037 3094 3113 3269

33 38
103 121 218 321 384 394 466 480 623 649 758 889 947 1080 1180 1274 1386 1483 1523 1538 1684 1793 1864 1885 2029 2101 2213 2251 2315 2407 2544 2579 2682

50 10
30 37 55 92 132 145 175 182 188 191 216 243 270 290 298 301 321 349 355 382 389 429 460 499 531 538 545 580 582 586 618 631 640 667 672 682 721 729 764 802 811 843 867 899 919 940 942 962 975 984

101 30
12 47 106 124 151 255 281 384 485 541 613 652 738 857 945 1016 1075 1122 1191 1310 1332 1372 1392 1405 1524 1537 1556 1659 1772 1876 1921 1965 1998 2039 2049 2102 2194 2292 2348 2373 2415 2517 2635 2695 2774 2802 2883 2910 2930 2968 3075 3146 3205 3313 3420 3496 3512 3594 3711 3734 3805 3877 3929 4035 4045 4128 4180 4232 4306 4347 4418 4527 4560 4632 4693 4796 4816 4847 4900 5012 5101 5157 5224 5305 5315 5339 5392 5442 5485 5557 5625 5740 5805 5870 5931 5991 6038 6058 6159 6192 6251

85 88
124 278 614 962 1187 1335 1530 1819 2068 2281 2568 2843 3192 3472 3592 3714 4009 4292 4586 4823 4977 5275 5623 5928 6161 6451 6513 6653 6930 7184 7398 7605 7877 8004 8071 8118 8292 8558 8631 8884 9187 9325 9398 9629 9884 10152 10175 10219 10347 10508 10721 10919 11139 11442 11495 11749 11895 12137 12227 12264 12336 12635 12781 12935 13004 13119 13429 13638 13953 14017 14147 14484 14676 14710 14924 15200 15330 15459 15500 15594 15688 15993 16103 16245 16538

59 91
59 208 402 618 703 867 1140 1394 1578 1733 1828 2004 2050 2184 2410 2578 2790 2916 2942 3188 3395 3694 3816 4142 4225 4484 4661 4903 4996 5200 5536 5798 5947 6274 6313 6665 6973 7227 7354 7491 7535 7789 8044 8314 8355 8486 8796 9069 9234 9493 9561 9619 9782 9985 10061 10257 10391 10701 10854

91 94
314 446 692 881 1079 1341 1663 1794 2128 2252 2316 2630 2887 3162 3511 3663 3991 4043 4234 4544 4735 5108 5324 5591 5713 5983 6312 6564 6735 6770 7042 7172 7327 7506 7554 7919 8060 8248 8426 8470 8502 8726 8849 8925 9136 9330 9431 9642 9992 10030 10236 10578 10941 11075 11175 11416 11489 11633 11828 12184 12476 12783 12955 13157 13429 13671 13907 14156 14391 14478 14568 14618 14807 14934 15306 15352 15399 15701 15973 16309 16639 16895 17171 17512 17885 17987 18167 18509 18856 19205 19262

30 17
31 54 105 145 153 186 235 265 307 367 435 481 510 539 554 612 623 685 701 709 719 760 771 778 798 849 902 942 974 1040

69 36
12 138 173 312 453 572 589 697 715 772 805 876 931 989 1063 1081 1104 1188 1217 1359 1378 1493 1516 1632 1719 1736 1786 1915 1981 2080 2125 2195 2239 2305 2429 2547 2577 2586 2602 2689 2711 2854 2880 2943 2981 3045 3055 3103 3247 3307 3389 3425 3442 3536 3591 3672 3754 3847 3951 4018 4069 4084 4139 4153 4263 4284 4399 4451 4474

47 94
256 549 631 836 923 1082 1250 1549 1848 2052 2387 2532 2812 2893 3045 3364 3474 3714 3837 4192 4471 4498 4536 4876 4930 5138 5356 5677 6006 6029 6131 6301 6667 6895 7125 7462 7638 7761 7907 8017 8283 8450 8713 8848 9054 9425 9778

78 66
140 246 356 431 604 639 897 1118 1134 1244 1480 1715 1938 1971 1991 2032 2117 2201 2362 2426 2544 2659 2763 2914 3090 3155 3250 3398 3515 3704 3820 3970 4027 4137 4232 4295 4454 4577 4826 5027 5247 5265 5439 5623 5862 5967 6228 6273 6518 6636 6706 6931 7113 7182 7363 7625 7803 7898 8033 8255 8323 8479 8666 8881 8938 9194 9244 9447 9630 9700 9858 10001 10019 10134 10320 10398 10479 10642

73 44
125 236 257 273 442 540 553 721 781 920 970 1099 1226 1360 1432 1504 1536 1692 1717 1775 1878 1913 2044 2121 2264 2373 2431 2573 2686 2815 2859 2993 3024 3128 3158 3189 3227 3387 3475 3636 3687 3730 3905 3981 4134 4247 4368 4386 4542 4592 4689 4725 4740 4797 4901 5053 5083 5119 5225 5377 5486 5505 5657 5730 5887 6058 6233 6290 6396 6409 6471 6590 6672

9 14
12 38 75 93 129 161 214 264 290

77 45
142 176 315 418 478 525 591 733 862 899 1059 1145 1170 1206 1255 1372 1458 1545 1649 1827 1917 1948 2026 2049 2100 2118 2259 2285 2409 2471 2545 2688 2784 2828 2880 2943 2993 3110 3153 3240 3286 3385 3459 3498 3634 3774 3900 3987 4142 4168 4232 4376 4482 4586 4637 4709 4786 4924 5001 5066 5152 5196 5367 5453 5558 5608 5783 5888 5921 5933 6065 6236 6290 6355 6513 6648 6675

4 77
27 57 111 298

93 15
53 95 130 186 192 241 249 281 298 317 374 422 460 487 498 511 543 571 630 688 723 735 740 778 804 830 852 866 910 944 981 984 1017 1045 1091 1117 1126 1160 1195 1234 1269 1284 1311 1325 1349 1357 1363 1377 1416 1438 1449 1491 1505 1552 1586 1605 1640 1652 1708 1736 1796 1819 1842 1845 1888 1894 1908 1921 1941 1978 1983 2032 2045 2077 2097 2112 2141 2190 2205 2230 2252 2278 2286 2317 2346 2353 2379 2412 2471 2518 2542 2573 2632

33 90
145 364 707 1019 1163 1204 1317 1339 1374 1487 1587 1712 2048 2111 2239 2519 2546 2672 2926 3070 3169 3248 3472 3640 3721 3814 4064 4325 4679 4944 5132 5191 5418

77 37
52 73 123 178 316 395 515 612 678 805 882 967 980 1044 1182 1305 1396 1426 1548 1564 1695 1778 1915 2004 2071 2103 2168 2274 2306 2443 2475 2555 2701 2747 2810 2839 2935 3060 3154 3166 3194 3205 3262 3357 3371 3417 3429 3477 3515 3547 3693 3781 3895 4023 4045 4096 4223 4357 4373 4463 4546 4556 4695 4765 4859 4941 5082 5129 5208 5332 5474 5490 5630 5710 5818 5925 5978

17 15
10 55 77 135 153 196 239 294 310 333 346 372 421 460 491 521 560

89 53
116 190 230 346 468 615 691 798 915 1101 1277 1311 1357 1456 1611 1664 1687 1702 1813 2009 2184 2372 2564 2638 2693 2903 2961 3014 3171 3264 3301 3391 3595 3692 3731 3939 4026 4115 4183 4366 4541 4575 4701 4805 4855 4998 5110 5139 5222 5354 5501 5563 5766 5977 6027 6140 6174 6278 6419 6628 6828 6934 7040 7150 7229 7273 7377 7508 7635 7802 7858 8069 8229 8249 8351 8463 8587 8756 8865 9037 9249 9364 9522 9552 9690 9772 9816 9879 9982

32 5
14 31 36 44 57 69 82 95 108 117 130 135 151 155 169 171 190 191 210 223 231 234 248 257 269 272 290 299 301 319 327 339

76 55
217 411 451 563 684 826 974 1112 1224 1284 1384 1583 1787 2004 2116 2217 2311 2347 2455 2593 2609 2803 2996 3030 3171 3305 3446 3531 3571 3599 3770 3914 4125 4145 4218 4395 4426 4589 4808 4981 5084 5220 5306 5361 5525 5716 5790 5878 5974 6080 6299 6408 6513 6652 6733 6812 6856 6978 7168 7280 7389 7519 7669 7807 7835 8042 8237 8353 8573 8687 8701 8807 8870 8959 9042 9082

14 56
201 333 466 545 746 948 1005 1058 1094 1206 1319 1458 1604 1686

80 66
162 421 648 857 1002 1122 1243 1430 1499 1687 1723 1752 1898 2072 2314 2495 2536 2754 3013 3077 3173 3315 3554 3740 3869 3996 4035 4081 4119 4261 4448 4641 4870 4921 5098 5258 5365 5538 5668 5920 6010 6211 6335 6576 6716 6802 7012 7223 7302 7555 7584 7685 7821 7907 8133 8391 8457 8501 8633 8894 9126 9222 9347 9503 9608 9690 9729 9892 10121 10362 10524 10542 10764 10798 10890 10936 11062 11163 11292 11533

72 37
18 160 265 368 440 559 666 774 862 958 1057 1099 1136 1196 1206 1348 1385 1440 1522 1543 1613 1633 1713 1788 1914 1946 2041 2126 2267 2373 2407 2459 2600 2724 2774 2837 2916 2954 3018 3088 3234 3303 3443 3504 3533 3584 3670 3710 3770 3787 3809 3909 3962 4012 4024 4092 4129 4258 4405 4428 4440 4486 4514 4661 4794 4869 4961 5029 5085 5100 5115 5219

