14
20 74
142 206 415 526 693 900 931 968 1254 1306 1468 1644 1921 2205 2416 2582 2783 3019 3150 3417

68 43
42 130 181 321 384 489 661 817 863 899 1040 1123 1265 1396 1525 1604 1634 1771 1879 2015 2093 2200 2312 2339 2487 2563 2700 2775 2788 2833 2924 3004 3135 3283 3332 3394 3566 3673 3704 3839 3906 3944 4018 4157 4178 4298 4365 4482 4502 4541 4663 4834 4952 5115 5139 5200 5323 5404 5510 5596 5747 5804 5934 6092 6230 6337 6406 6558

36 23
23 80 94 114 131 170 238 294 339 367 392 399 460 525 597 655 744 773 810 864 899 945 959 1013 1045 1135 1202 1225 1269 1360 1374 1385 1417 1439 1506 1560

30 52
110 134 240 274 336 441 567 596 685 864 1059 1225 1308 1409 1545 1646 1792 1959 2103 2149 2212 2331 2347 2441 2467 2535 2682 2840 3022 3120

12 7
18 45 48 62 80 84 89 97 125 137 147 156

43 40
33 45 95 200 270 289 382 525 629 708 724 773 913 1068 1089 1214 1295 1410 1520 1559 1624 1748 1856 1987 2088 2187 2278 2384 2509 2537 2636 2769 2783 2832 2943 2960 3104 3158 3190 3325 3429 3529 3545

57 61
163 295 445 525 580 750 777 907 1145 1222 1333 1547 1750 1868 2036 2208 2411 2622 2800 2927 2997 3027 3151 3332 3544 3607 3761 3799 3996 4143 4251 4467 4537 4649 4748 4936 5154 5348 5588 5766 5815 5877 5910 5998 6163 6264 6288 6372 6606 6786 6878 6909 7043 7088 7182 7223 7427

87 93
268 600 910 981 1077 1335 1391 1416 1508 1849 2199 2403 2494 2576 2878 3059 3282 3629 3822 4050 4276 4427 4509 4881 5193 5247 5514 5606 5943 6072 6441 6564 6823 6983 7292 7500 7618 7702 7871 8184 8380 8481 8740 8836 9180 9444 9543 9760 9867 10197 10363 10719 11084 11282 11356 11716 11899 12132 12387 12543 12611 12959 13216 13311 13671 13779 14081 14326 14651 14811 14923 15189 15379 15669 15888 16118 16390 16552 16728 16809 17032 17356 17668 17974 18155 18439 18667

64 35
58 140 160 277 354 475 539 633 770 890 1002 1133 1230 1314 1395 1491 1537 1557 1571 1585 1609 1703 1727 1822 1872 1992 2002 2041 2176 2192 2304 2434 2564 2655 2707 2797 2864 2909 2918 2974 3057 3110 3137 3187 3247 3297 3374 3501 3576 3694 3819 3871 3993 4033 4056 4112 4250 4341 4436 4508 4619 4749 4820 4953

40 11
38 66 94 97 123 162 185 210 226 246 256 294 313 330 358 378 398 403 435 438 466 472 481 507 513 530 544 566 589 591 612 655 660 704 741 767 810 824 852 875

46 79
312 583 879 1145 1180 1428 1489 1752 1779 1880 1955 2072 2273 2482 2618 2672 2948 3054 3304 3579 3666 3838 4057 4151 4344 4414 4591 4695 4907 5005 5084 5108 5380 5667 5911 6205 6363 6575 6744 6821 7112 7320 7554 7798 7978 8209

81 56
72 141 213 352 476 539 682 709 886 996 1208 1419 1580 1758 1924 2056 2092 2189 2230 2361 2461 2601 2668 2820 2995 3197 3298 3354 3540 3722 3815 3898 4023 4202 4360 4381 4414 4638 4765 4860 4930 4966 5130 5230 5402 5476 5664 5874 5978 6126 6296 6426 6550 6637 6809 6971 7015 7209 7271 7376 7548 7748 7783 7859 7924 8106 8274 8437 8528 8730 8788 8842 8938 9137 9286 9478 9618 9727 9773 9827 10026

72 1
1 1 3 6 6 6 8 8 10 10 14 15 19 22 25 29 29 32 33 36 40 40 44 44 47 48 48 50 54 55 56 58 58 58 58 61 65 65 67 68 71 72 75 76 76 77 77 77 79 80 82 82 85 87 88 88 88 91 95 98 101 101 105 109 112 113 115 117 118 121 125 128

29 22
72 108 137 168 238 282 327 378 435 486 553 575 592 671 689 753 838 905 967 985 1002 1042 1091 1127 1186 1255 1261 1303 1354

