10
89 18
54 124 130 149 199 233 305 318 377 392 414 471 486 498 548 570 633 651 714 734 758 826 875 933 944 1009 1081 1104 1117 1135 1162 1221 1279 1322 1379 1436 1449 1472 1476 1501 1538 1547 1606 1678 1711 1760 1780 1801 1835 1900 1906 1967 2015 2034 2089 2116 2180 2206 2269 2300 2307 2364 2436 2477 2549 2593 2601 2624 2649 2680 2744 2799 2861 2895 2910 2960 2990 3010 3077 3144 3212 3280 3306 3345 3400 3444 3511 3545 3611

31 76
124 174 323 414 698 925 984 1278 1298 1358 1462 1499 1686 1898 2195 2306 2461 2702 2969 3204 3428 3573 3758 4004 4308 4569 4674 4782 4888 4992 5068

69 46
80 155 304 426 553 673 723 803 924 1090 1235 1291 1353 1526 1644 1762 1924 2028 2111 2135 2251 2356 2390 2415 2472 2502 2662 2838 3002 3141 3181 3341 3358 3424 3489 3568 3670 3705 3800 3904 3960 4130 4307 4448 4495 4559 4687 4757 4881 4918 4932 5088 5263 5300 5457 5621 5694 5768 5919 6017 6180 6214 6335 6442 6590 6662 6706 6792 6876

52 84
274 445 746 860 904 1150 1172 1383 1563 1691 1943 2185 2222 2360 2620 2766 3054 3347 3488 3615 3898 3938 4264 4524 4613 4867 4965 5299 5557 5685 5822 6052 6133 6157 6209 6258 6381 6520 6586 6640 6933 7138 7333 7556 7625 7662 7981 8289 8419 8708 8877 9006

71 31
10 28 126 218 244 324 340 440 489 569 689 740 834 918 978 1096 1197 1270 1378 1450 1537 1552 1624 1731 1839 1945 2053 2177 2286 2314 2382 2465 2508 2572 2693 2795 2851 2966 3073 3190 3310 3346 3438 3546 3663 3767 3806 3890 3978 4017 4057 4161 4191 4233 4300 4307 4424 4518 4642 4737 4784 4837 4875 4937 4970 5053 5130 5212 5225 5257 5296

7 81
156 418 623 648 684 782 878

49 42
33 110 214 325 362 451 522 640 662 764 787 810 923 949 959 1030 1096 1168 1302 1428 1511 1523 1650 1745 1911 2062 2109 2225 2353 2386 2508 2642 2690 2740 2813 2911 3025 3164 3213 3353 3397 3522 3532 3665 3760 3861 3881 4041 4138

15 38
115 180 257 299 392 411 457 550 612 737 814 889 952 1100 1180

85 35
117 168 304 388 452 488 542 628 746 813 942 1007 1028 1079 1102 1196 1224 1292 1426 1458 1499 1571 1649 1685 1754 1840 1939 2009 2021 2057 2186 2264 2390 2519 2649 2692 2711 2735 2850 2886 2921 3044 3076 3160 3187 3273 3344 3456 3488 3533 3657 3711 3720 3754 3787 3911 4024 4058 4142 4215 4307 4414 4442 4487 4561 4699 4813 4918 4987 5105 5192 5230 5366 5506 5640 5762 5770 5871 6003 6134 6230 6244 6291 6409 6484

76 96
331 674 1049 1209 1396 1527 1822 2020 2228 2502 2583 2921 3301 3512 3867 4237 4306 4537 4878 5083 5287 5557 5791 5897 6012 6373 6607 6743 7093 7359 7420 7507 7725 7781 8052 8289 8355 8477 8515 8753 8795 8981 9130 9220 9478 9771 9924 10211 10288 10367 10629 10830 10910 11250 11626 11778 11839 12026 12316 12676 13057 13105 13398 13444 13804 13889 14172 14221 14413 14708 14742 14845 15014 15276 15645 15774

