6
43 47
103 155 227 310 476 514 627 658 687 829 918 953 1135 1218 1358 1465 1642 1735 1869 1935 1990 2060 2219 2332 2483 2563 2692 2728 2762 2940 3089 3161 3238 3296 3405 3455 3589 3674 3718 3840 3946 4034 4120

35 37
107 127 166 236 344 403 435 571 688 705 725 764 781 846 929 1004 1024 1102 1221 1351 1498 1595 1683 1772 1836 1953 1984 1993 2041 2134 2210 2355 2418 2493 2569

94 33
124 210 275 405 465 539 596 690 779 874 1006 1042 1099 1134 1192 1240 1306 1368 1477 1609 1692 1767 1776 1834 1890 1946 2018 2084 2188 2235 2253 2351 2450 2572 2624 2729 2796 2868 2974 3086 3209 3331 3364 3396 3435 3528 3552 3624 3653 3678 3748 3868 3925 4028 4111 4128 4239 4254 4330 4436 4472 4483 4507 4630 4679 4798 4854 4898 4913 4964 5030 5154 5201 5236 5320 5448 5559 5596 5611 5687 5788 5824 5881 5921 5967 6089 6189 6295 6401 6522 6546 6642 6663 6771

31 101
173 453 761 1146 1515 1796 1931 2099 2350 2624 2904 3154 3205 3591 3963 4037 4329 4719 4963 5084 5323 5646 5687 5718 5950 6230 6483 6662 6995 7315 7498

64 89
176 255 356 485 772 1054 1385 1630 1693 1751 2087 2230 2412 2440 2673 2994 3050 3108 3174 3514 3566 3873 4102 4326 4617 4887 5195 5529 5710 6021 6262 6300 6349 6517 6694 6977 7016 7318 7660 7760 8114 8321 8672 8849 9027 9355 9646 9766 10013 10340 10429 10609 10710 11043 11228 11432 11506 11859 12040 12347 12375 12526 12584 12691

55 32
119 142 267 354 414 430 474 533 560 617 632 727 772 789 860 885 982 1072 1191 1317 1351 1467 1522 1565 1606 1637 1762 1878 1959 2085 2191 2213 2252 2338 2454 2515 2608 2714 2725 2819 2940 3003 3076 3105 3166 3236 3264 3342 3377 3473 3540 3591 3664 3701 3717

