31
47 25
67 150 227 323 420 512 589 644 708 785 874 961 971 1026 1053 1151 1163 1226 1246 1270 1301 1374 1474 1548 1599 1617 1706 1729 1736 1797 1880 1953 2011 2050 2059 2124 2186 2214 2313 2346 2408 2504 2530 2552 2628 2725 2778

11 73
260 467 608 899 920 1045 1209 1373 1548 1804 1904

56 67
56 165 262 462 718 831 850 877 1023 1179 1317 1402 1506 1744 1871 2062 2306 2421 2572 2681 2707 2871 3017 3097 3308 3510 3583 3748 3837 3904 4035 4097 4217 4256 4334 4531 4573 4774 5032 5146 5229 5303 5485 5592 5659 5710 5792 5899 6161 6417 6581 6823 7068 7171 7334 7368

6 76
200 254 489 515 651 952

47 12
31 69 88 112 121 168 198 216 238 264 277 299 305 320 344 370 398 429 468 506 521 550 574 599 635 641 663 696 742 764 810 825 843 879 914 947 992 1039 1086 1119 1145 1173 1217 1251 1266 1284 1287

30 61
125 247 429 478 555 733 825 893 977 994 1086 1198 1426 1480 1680 1825 2037 2193 2321 2565 2702 2743 2887 2938 3137 3328 3440 3638 3805 3895

78 55
46 59 206 267 378 401 602 791 983 1015 1086 1304 1341 1500 1610 1753 1906 1925 1946 2071 2242 2259 2360 2480 2569 2777 2915 3108 3184 3198 3359 3570 3744 3781 3809 3826 3894 4051 4191 4389 4475 4615 4719 4850 5034 5182 5217 5356 5429 5600 5798 5995 6032 6111 6148 6178 6289 6396 6473 6597 6719 6860 6994 7040 7221 7235 7421 7462 7572 7619 7780 7932 8021 8218 8293 8393 8533 8612

55 95
353 424 636 958 1158 1311 1538 1804 2053 2427 2747 3120 3165 3387 3570 3606 3981 4022 4310 4451 4618 4717 5054 5402 5559 5810 6156 6532 6776 7067 7333 7516 7768 7986 8316 8483 8802 9136 9366 9398 9561 9771 10025 10302 10349 10635 10806 10934 11219 11379 11542 11579 11687 11842 12000

84 26
81 95 134 161 230 309 333 398 450 554 623 656 749 828 841 916 961 1028 1111 1178 1221 1249 1267 1345 1405 1503 1530 1565 1610 1653 1673 1683 1725 1759 1828 1835 1897 1953 2038 2126 2216 2253 2315 2402 2480 2577 2675 2770 2785 2813 2825 2913 2990 3050 3135 3183 3270 3328 3334 3436 3482 3547 3589 3629 3701 3760 3846 3856 3879 3899 4001 4056 4073 4140 4230 4292 4378 4428 4463 4563 4586 4637 4683 4707

8 20
27 67 87 145 220 265 295 305

70 4
10 26 32 35 40 47 54 64 66 72 78 82 93 95 109 112 117 125 140 154 161 163 166 172 173 181 197 208 214 230 246 250 258 272 284 285 293 297 306 309 324 327 328 330 345 356 363 372 379 387 391 407 420 434 446 462 476 483 498 507 521 522 526 532 539 550 558 574 590 601

75 21
30 49 96 158 205 222 241 270 345 401 448 479 527 562 609 669 702 758 782 847 873 883 897 976 1048 1074 1107 1175 1198 1259 1268 1288 1371 1434 1452 1493 1531 1553 1564 1593 1663 1696 1740 1818 1874 1880 1950 2024 2035 2079 2133 2162 2235 2287 2322 2364 2402 2477 2510 2594 2656 2721 2780 2830 2897 2912 2987 3040 3064 3135 3215 3284 3342 3359 3388

57 17
47 103 148 209 216 260 298 360 400 454 466 481 536 599 638 659 695 713 731 788 823 847 888 899 910 960 995 1034 1097 1119 1183 1193 1219 1254 1314 1362 1405 1457 1491 1504 1559 1626 1689 1737 1771 1789 1825 1880 1927 1944 1964 2015 2074 2098 2157 2204 2212

26 22
76 108 178 236 305 371 428 447 482 523 573 584 668 731 782 793 798 803 883 922 1002 1043 1076 1101 1139 1149

69 51
82 183 270 467 530 583 649 675 750 872 1031 1195 1366 1555 1639 1713 1911 2046 2222 2259 2303 2424 2576 2774 2872 3020 3185 3314 3344 3461 3637 3795 3991 4011 4162 4207 4404 4560 4587 4670 4777 4863 4990 5157 5228 5264 5330 5496 5671 5692 5883 6021 6193 6274 6431 6621 6663 6710 6821 6888 7029 7132 7157 7292 7448 7598 7668 7737 7847

41 83
55 222 440 620 678 703 994 1268 1533 1847 2125 2269 2473 2544 2832 3065 3112 3410 3466 3494 3657 3757 3982 4108 4205 4465 4706 4788 4999 5165 5305 5525 5812 6091 6404 6718 6944 7181 7307 7542 7793

58 46
70 201 217 311 446 581 689 768 916 947 1061 1165 1295 1437 1592 1675 1741 1775 1889 1971 2108 2197 2267 2287 2405 2517 2689 2738 2905 2934 2995 3153 3310 3479 3555 3692 3815 3870 3993 4005 4017 4094 4275 4365 4477 4648 4702 4804 4838 4907 5036 5087 5262 5324 5498 5673 5785 5847

72 67
171 274 301 523 730 762 960 1064 1170 1278 1541 1747 2011 2222 2334 2474 2515 2680 2916 3182 3300 3508 3708 3929 4121 4365 4551 4587 4695 4740 4937 5177 5223 5334 5586 5702 5890 6095 6174 6399 6417 6492 6651 6768 6853 6984 7249 7514 7594 7680 7759 7816 8081 8194 8254 8338 8580 8623 8793 8935 9092 9225 9298 9451 9678 9835 9963 10084 10170 10346 10507 10650

86 41
154 164 220 297 410 446 521 633 754 876 929 981 1062 1130 1220 1285 1299 1349 1470 1575 1628 1762 1893 1919 2070 2125 2195 2317 2433 2510 2608 2715 2727 2882 2919 3028 3106 3247 3348 3424 3465 3548 3657 3737 3757 3838 3901 3936 3960 4050 4061 4222 4331 4431 4446 4565 4624 4666 4798 4903 5038 5127 5254 5270 5398 5496 5546 5607 5662 5783 5839 5866 5986 6108 6142 6164 6258 6416 6438 6595 6719 6781 6829 6841 6882 6952

37 55
31 227 336 412 473 593 701 758 824 895 1054 1140 1331 1432 1571 1665 1701 1788 1978 2171 2245 2287 2332 2445 2555 2599 2622 2800 2945 3134 3297 3488 3656 3865 3895 4019 4125

31 49
197 209 278 439 487 647 685 801 819 916 1102 1216 1255 1426 1529 1679 1807 1837 1946 2068 2141 2264 2311 2502 2523 2693 2843 2859 2991 3064 3232

4 32
128 197 222 235

30 67
224 431 655 700 792 913 1042 1158 1263 1489 1651 1841 2094 2297 2409 2558 2628 2801 2865 2968 3009 3034 3117 3376 3398 3649 3731 3992 4039 4286

78 13
26 29 72 86 107 137 151 185 224 239 289 295 302 314 339 354 377 427 432 479 493 510 542 570 574 621 657 699 717 749 783 798 834 883 891 939 972 1017 1053 1081 1118 1141 1146 1165 1186 1212 1222 1254 1270 1312 1337 1385 1432 1450 1466 1494 1530 1540 1553 1583 1618 1638 1685 1693 1742 1771 1781 1798 1839 1860 1870 1900 1918 1969 2011 2055 2065 2076

88 62
204 434 591 706 949 1016 1165 1378 1496 1729 1928 1966 2131 2271 2355 2526 2584 2687 2738 2926 3031 3163 3351 3426 3608 3637 3810 3903 4078 4286 4509 4679 4753 4823 5027 5269 5363 5602 5701 5821 5892 5946 6092 6113 6344 6535 6698 6855 6890 7119 7183 7213 7302 7320 7399 7498 7704 7722 7919 8163 8404 8457 8477 8516 8701 8920 8965 9003 9133 9364 9386 9619 9692 9823 10023 10228 10337 10492 10719 10751 10782 10837 10965 11154 11360 11542 11754 11941

30 57
200 272 453 483 573 629 748 908 1045 1115 1276 1375 1426 1461 1506 1732 1855 1955 1986 2023 2046 2152 2366 2406 2502 2577 2730 2819 3039 3123

89 50
77 246 366 551 719 857 975 1170 1343 1372 1477 1536 1586 1779 1925 1954 1972 2102 2154 2336 2387 2421 2537 2711 2832 2909 3010 3175 3346 3449 3585 3710 3864 3891 3932 4056 4098 4267 4343 4452 4577 4752 4928 5020 5043 5230 5363 5453 5644 5767 5780 5827 5957 6046 6128 6328 6495 6596 6677 6694 6732 6745 6915 7050 7230 7352 7382 7484 7617 7741 7929 8094 8271 8416 8503 8676 8807 8969 9106 9280 9417 9547 9701 9830 9942 10061 10176 10328 10397

45 17
46 54 117 172 217 237 297 362 419 443 485 513 569 616 662 693 705 737 793 838 846 914 925 971 1020 1033 1062 1076 1080 1137 1190 1229 1258 1276 1306 1339 1346 1384 1394 1412 1440 1484 1493 1527 1550

40 94
315 564 933 1172 1379 1465 1575 1718 2045 2205 2340 2392 2750 2930 2956 3223 3321 3439 3599 3637 3888 4199 4392 4693 4936 5115 5425 5745 6024 6107 6337 6639 6709 6748 7118 7323 7485 7535 7850 8088

45 90
142 460 627 655 933 1007 1203 1357 1592 1743 1967 2074 2387 2522 2658 3009 3226 3416 3504 3712 4058 4372 4472 4582 4925 5115 5371 5555 5796 5943 6070 6425 6535 6711 6766 7056 7363 7470 7811 7938 8256 8546 8653 8814 8854

67 88
199 242 373 562 721 950 1176 1233 1436 1468 1589 1699 1855 1905 2215 2239 2480 2523 2619 2642 2929 3167 3290 3604 3920 4176 4502 4657 4963 5181 5313 5477 5577 5621 5777 5991 6220 6278 6602 6876 7117 7232 7373 7701 7760 7816 7863 7969 8258 8341 8501 8687 8739 8856 9002 9255 9586 9892 10000 10244 10315 10608 10917 11250 11546 11797 11879

