25
74 75
114 181 456 737 956 1173 1369 1428 1447 1486 1555 1728 1820 1976 2059 2279 2374 2401 2439 2483 2519 2773 2964 3007 3285 3551 3803 3960 4189 4364 4425 4497 4733 4978 5168 5227 5479 5665 5749 5892 5930 6077 6222 6401 6472 6649 6793 6911 7008 7147 7354 7459 7498 7590 7730 7902 7955 8202 8317 8501 8769 9042 9193 9401 9656 9773 9965 10186 10280 10546 10654 10936 10971 11104

76 5
17 31 50 61 81 89 108 122 133 152 172 186 199 210 218 222 241 242 258 271 284 299 316 321 339 351 354 367 374 384 397 401 418 427 434 441 445 463 470 482 499 500 509 528 534 543 544 553 556 574 593 607 618 635 637 651 671 678 696 713 721 723 725 729 735 755 757 772 782 785 802 814 833 848 855 868

53 29
90 132 161 264 305 419 511 589 665 683 726 823 873 933 946 995 1049 1106 1211 1283 1308 1401 1414 1462 1502 1609 1659 1758 1825 1881 1888 1984 2015 2054 2165 2205 2228 2307 2345 2381 2487 2514 2625 2637 2660 2764 2777 2884 2973 3023 3078 3192 3265

12 101
102 378 700 962 1321 1472 1812 2013 2358 2667 3019 3201

98 72
271 380 413 583 672 729 990 1039 1327 1516 1615 1803 1831 2006 2103 2329 2539 2744 2894 3069 3326 3493 3634 3697 3834 3931 4162 4385 4533 4635 4755 4966 5069 5094 5119 5257 5541 5715 5888 6080 6342 6405 6665 6767 6915 7152 7201 7367 7418 7599 7662 7787 8061 8226 8334 8604 8735 8979 9026 9223 9423 9530 9568 9759 10010 10277 10512 10776 10994 11172 11229 11250 11451 11652 11720 11777 12062 12183 12217 12438 12489 12509 12721 12954 13115 13356 13384 13576 13712 13807 14043 14288 14555 14665 14812 15011 15133 15390

2 21
15 38

37 93
43 111 222 413 537 750 793 946 1192 1514 1730 1893 2005 2108 2297 2607 2956 3260 3589 3839 4058 4381 4478 4690 4946 5254 5365 5619 5833 5973 6106 6245 6409 6465 6659 6905 7138

79 49
175 230 283 431 574 651 841 970 1006 1195 1213 1329 1435 1487 1664 1769 1923 2034 2115 2133 2155 2184 2370 2469 2558 2663 2711 2820 2866 2992 3032 3101 3171 3276 3432 3567 3722 3787 3912 3966 4061 4199 4354 4501 4575 4650 4730 4875 4952 5022 5124 5291 5485 5521 5697 5836 6005 6051 6191 6357 6551 6598 6704 6814 7008 7071 7257 7353 7407 7490 7631 7653 7677 7793 7865 7957 8111 8178 8250

41 69
241 460 619 736 980 1005 1075 1121 1157 1255 1309 1549 1639 1679 1780 1894 2055 2289 2359 2471 2729 2765 2817 3015 3248 3457 3660 3900 4055 4073 4290 4391 4477 4725 4932 5191 5427 5487 5557 5732 5814

78 77
103 276 555 813 871 983 1181 1233 1501 1694 1732 1838 1989 2014 2172 2330 2599 2662 2883 3059 3106 3253 3284 3527 3627 3878 3949 4127 4299 4455 4716 4773 4903 5130 5418 5655 5896 5999 6198 6492 6643 6886 7082 7106 7314 7450 7751 7953 8251 8488 8693 8829 9088 9297 9361 9436 9490 9547 9702 9998 10214 10253 10296 10339 10546 10655 10936 11096 11227 11335 11555 11817 11900 12114 12248 12529 12730 12826

98 85
246 558 682 726 995 1105 1196 1282 1428 1761 2047 2339 2487 2688 2868 2989 3154 3347 3391 3728 3960 4123 4376 4541 4865 5168 5377 5499 5800 6076 6127 6467 6505 6718 6883 7192 7306 7407 7478 7571 7844 7948 8276 8346 8535 8760 9050 9140 9214 9433 9696 9807 9873 9946 9979 10245 10405 10612 10928 10999 11093 11349 11571 11597 11911 12051 12181 12437 12488 12574 12664 12942 13215 13419 13621 13766 13852 13990 14013 14048 14337 14425 14694 14777 14898 15060 15300 15448 15777 15961 16195 16260 16293 16498 16692 16770 16962 17008

97 77
258 423 613 876 1110 1325 1348 1541 1677 1750 2045 2320 2411 2645 2864 2883 3130 3232 3292 3546 3790 4015 4157 4391 4511 4646 4667 4949 5047 5330 5548 5720 5763 5930 6009 6178 6290 6392 6595 6628 6679 6782 6926 7206 7297 7323 7472 7620 7836 8141 8242 8318 8527 8607 8901 9008 9139 9191 9382 9473 9567 9837 9885 9948 10129 10415 10469 10518 10742 10917 11163 11205 11270 11432 11565 11680 11901 11943 12240 12287 12324 12604 12854 13143 13339 13447 13558 13582 13869 13965 14231 14362 14522 14692 14770 14937 15125

94 59
192 272 316 357 474 638 690 807 919 959 1001 1074 1304 1528 1544 1648 1818 1879 2047 2123 2162 2305 2454 2641 2657 2874 2898 2950 3118 3221 3278 3336 3469 3529 3733 3853 3933 3954 4146 4351 4404 4426 4660 4757 4825 4840 4855 4910 5034 5260 5488 5691 5750 5953 6111 6220 6386 6557 6724 6857 7002 7069 7242 7465 7562 7748 7858 7975 8047 8258 8382 8600 8817 8888 8977 9018 9114 9262 9356 9438 9660 9869 9962 10011 10136 10204 10388 10548 10692 10923 11129 11347 11575 11632

79 14
30 65 85 141 173 202 246 289 339 367 398 407 423 457 483 496 546 576 584 638 670 677 699 705 741 770 819 841 846 898 928 967 1005 1016 1034 1055 1091 1099 1147 1193 1229 1284 1333 1379 1411 1441 1470 1476 1519 1539 1588 1595 1646 1668 1696 1729 1742 1761 1809 1819 1840 1889 1911 1954 1977 1981 2002 2014 2067 2093 2099 2127 2153 2175 2188 2229 2244 2257 2311

40 1
3 5 7 7 11 13 14 16 18 18 20 20 24 27 28 30 30 30 32 32 35 36 39 40 40 42 43 44 44 46 49 52 56 60 64 66 69 71 74 74

64 92
143 360 425 523 795 1057 1230 1557 1855 1980 2145 2246 2470 2704 3037 3113 3243 3552 3582 3735 3814 4070 4281 4457 4779 5034 5224 5336 5686 5740 6058 6310 6364 6462 6704 6751 6826 7070 7303 7353 7715 8058 8269 8402 8744 8827 8884 9168 9511 9622 9660 9701 10034 10377 10653 10797 10977 11017 11317 11452 11698 11751 11965 12303

27 17
62 83 145 198 261 296 359 389 443 504 521 559 605 633 699 715 720 745 813 835 869 924 979 999 1025 1044 1090

9 33
82 154 249 269 359 410 425 535 543

66 99
92 157 281 616 810 988 1241 1557 1883 1973 2088 2365 2623 2718 2848 3084 3203 3420 3709 3846 4090 4271 4472 4566 4682 5056 5104 5422 5779 6155 6480 6850 6955 7282 7602 7840 7884 8191 8295 8616 8770 9020 9266 9585 9781 9916 10177 10559 10769 11104 11345 11664 11969 12005 12039 12213 12495 12692 12813 12872 13244 13454 13849 14201 14340 14639

27 89
161 369 491 615 700 947 1224 1311 1397 1630 1891 2044 2189 2226 2391 2427 2470 2649 2902 3025 3177 3415 3669 3863 4106 4241 4473

60 97
373 543 789 843 910 976 1129 1477 1588 1731 2031 2349 2595 2741 2798 2849 3164 3190 3327 3553 3794 3912 4039 4394 4632 4911 5280 5624 5873 5953 6006 6102 6433 6679 6773 6852 7106 7479 7664 8019 8082 8388 8773 8996 9053 9437 9760 10089 10440 10584 10614 10770 11022 11197 11440 11559 11602 11745 12036 12173

57 61
195 379 470 627 695 825 874 1094 1245 1334 1394 1634 1673 1777 1831 1952 2072 2261 2323 2453 2600 2725 2853 3064 3161 3378 3612 3680 3802 3849 4008 4058 4248 4361 4462 4582 4630 4701 4932 5016 5136 5301 5470 5551 5673 5889 6123 6159 6381 6536 6748 6834 7028 7129 7166 7350 7451

17 34
129 152 228 269 332 445 576 590 604 616 642 721 846 928 1012 1110 1156

9 31
26 82 96 160 237 327 450 509 617

95 83
136 212 366 491 571 815 903 1109 1364 1454 1550 1667 1879 2139 2419 2593 2758 2887 2987 3303 3474 3639 3907 4117 4225 4518 4641 4954 5037 5132 5442 5744 5903 6179 6444 6475 6747 6909 7221 7468 7655 7844 7991 8177 8329 8617 8758 8991 9012 9286 9507 9576 9722 9908 10150 10435 10734 10985 11045 11068 11113 11163 11413 11584 11840 12133 12250 12380 12439 12728 13042 13356 13390 13470 13609 13787 13831 13912 14020 14234 14503 14689 14716 14878 14958 15165 15402 15582 15854 16108 16355 16633 16825 16981 17101

