9
56 75
156 185 267 352 452 513 589 620 648 821 1072 1092 1302 1586 1832 2047 2281 2557 2822 3092 3110 3206 3442 3472 3737 3830 4012 4031 4331 4525 4706 4860 5083 5369 5399 5591 5803 6027 6126 6299 6445 6709 7008 7060 7218 7420 7572 7639 7842 7977 8231 8478 8585 8689 8966 9258

100 21
45 64 116 183 246 257 275 344 368 440 514 590 656 701 708 751 797 802 886 953 969 1035 1085 1147 1176 1195 1272 1330 1344 1423 1467 1514 1598 1671 1705 1730 1805 1856 1890 1969 1992 2074 2137 2144 2201 2226 2237 2286 2304 2310 2332 2393 2411 2487 2517 2539 2591 2617 2671 2698 2759 2840 2915 2970 3011 3062 3122 3145 3197 3214 3294 3364 3405 3440 3459 3498 3530 3543 3593 3599 3632 3676 3716 3752 3774 3816 3845 3882 3898 3931 3989 4014 4094 4115 4172 4239 4320 4338 4359 4436

41 86
268 374 534 711 930 1084 1296 1429 1511 1577 1688 1710 2023 2248 2525 2739 3009 3350 3395 3737 4002 4116 4205 4320 4654 4778 4847 4994 5018 5356 5628 5810 6058 6322 6357 6401 6610 6893 7176 7461 7600

89 65
157 406 636 715 903 1145 1323 1475 1666 1916 2039 2173 2345 2511 2610 2706 2917 3004 3209 3435 3595 3797 3887 3969 4021 4083 4181 4254 4480 4600 4827 5041 5070 5274 5292 5373 5552 5810 5843 5970 6109 6188 6321 6547 6605 6721 6922 7146 7350 7483 7740 7777 7944 8131 8380 8530 8726 8909 9099 9225 9241 9412 9623 9851 10091 10117 10240 10436 10522 10771 10969 11047 11110 11162 11390 11485 11616 11647 11719 11902 11976 12057 12134 12153 12278 12304 12517 12744 12875

25 4
15 29 40 50 62 69 73 78 85 90 95 111 122 136 150 151 157 163 177 193 195 196 198 201 207

22 89
270 545 706 945 1025 1184 1235 1395 1448 1482 1541 1802 1891 1973 2215 2518 2786 2946 3294 3622 3704 3911

33 82
51 334 460 581 702 783 883 1060 1289 1352 1622 1927 2201 2524 2592 2664 2696 3017 3140 3448 3581 3668 3733 3798 4021 4151 4171 4437 4523 4744 4828 5151 5409

101 67
170 296 393 595 846 1052 1303 1447 1504 1600 1649 1914 2129 2198 2458 2710 2736 2843 3077 3110 3306 3563 3651 3720 3806 4011 4191 4373 4501 4517 4748 4889 5092 5281 5320 5457 5527 5610 5781 5986 6184 6225 6377 6456 6527 6649 6728 6744 6837 6929 7010 7151 7380 7479 7638 7797 7819 7926 8053 8321 8497 8748 8856 8919 8987 9141 9158 9255 9302 9410 9553 9769 9806 9907 9989 10116 10145 10179 10199 10254 10496 10644 10844 11039 11269 11370 11439 11476 11740 11929 12181 12370 12636 12837 12964 13147 13175 13344 13432 13455 13502

36 5
19 39 56 71 84 90 95 114 133 135 144 151 165 180 186 206 223 237 257 258 272 285 287 300 317 322 333 348 364 381 400 401 419 436 451 465

