13
88 30
114 144 186 273 393 508 562 614 689 772 824 900 969 1056 1124 1194 1254 1343 1409 1428 1538 1626 1673 1707 1764 1811 1882 1928 2004 2011 2034 2081 2165 2273 2285 2403 2473 2512 2549 2623 2733 2758 2867 2932 3000 3112 3197 3264 3381 3470 3502 3543 3662 3750 3845 3920 3990 4005 4078 4092 4186 4234 4330 4383 4470 4508 4525 4618 4699 4769 4869 4913 5000 5095 5169 5265 5333 5428 5516 5539 5584 5601 5713 5742 5826 5856 5929 6018

68 45
35 48 184 345 503 682 832 950 981 1121 1268 1313 1388 1468 1597 1732 1836 1857 1964 2122 2136 2243 2335 2436 2547 2670 2792 2815 2875 3033 3124 3228 3402 3472 3493 3572 3745 3883 4026 4103 4213 4299 4399 4516 4610 4759 4800 4881 4948 5010 5115 5152 5165 5197 5217 5369 5511 5578 5626 5640 5690 5868 5978 6051 6073 6189 6266 6333

35 16
15 30 94 142 194 216 251 299 361 406 465 483 509 561 612 650 699 713 774 831 868 878 895 929 938 947 988 1044 1097 1119 1138 1200 1256 1299 1339

56 5
8 26 40 54 59 76 81 95 112 118 130 142 148 151 170 183 186 201 212 230 246 258 278 280 287 291 296 302 315 327 328 345 348 364 384 404 421 426 442 457 460 461 473 487 491 510 513 522 523 525 533 544 550 564 581 586

10 9
26 40 46 49 78 92 99 108 127 153

92 94
281 405 491 637 762 792 1076 1339 1692 1742 1947 2158 2183 2347 2683 2953 3235 3605 3870 4170 4443 4722 4844 5065 5415 5645 5773 5831 5982 6193 6501 6562 6757 7012 7282 7456 7652 7913 7985 8139 8307 8674 8828 8948 9162 9330 9430 9661 9953 10004 10330 10661 10909 10958 11293 11571 11689 11949 12263 12609 12721 12900 13029 13355 13614 13963 14016 14069 14328 14613 14653 14728 15034 15116 15445 15806 15961 16094 16173 16417 16658 16785 17076 17242 17551 17679 17860 17985 18084 18287 18559 18645

83 81
38 70 203 332 606 883 1051 1315 1493 1642 1752 1937 2020 2217 2275 2589 2732 2852 3120 3202 3245 3315 3565 3692 3867 4188 4427 4479 4745 4882 5060 5144 5211 5364 5680 5973 6257 6327 6570 6826 6931 7191 7325 7607 7795 7984 8122 8318 8417 8552 8754 8804 8996 9136 9198 9486 9801 10021 10334 10634 10797 11106 11355 11577 11740 11868 12143 12215 12464 12531 12649 12842 13163 13334 13656 13963 14012 14331 14584 14795 14859 15176 15409

36 53
55 108 293 371 559 733 878 1008 1033 1240 1296 1397 1457 1530 1728 1791 1837 1999 2067 2260 2286 2409 2536 2673 2773 2799 2843 3051 3163 3328 3380 3412 3605 3682 3723 3805

44 52
169 224 363 436 596 640 845 905 1064 1193 1206 1345 1530 1612 1677 1712 1862 1927 1978 2133 2190 2396 2541 2681 2724 2815 3023 3158 3266 3403 3486 3527 3732 3770 3853 3941 4064 4173 4198 4237 4307 4471 4597 4641

13 86
291 384 703 979 1113 1286 1427 1653 1767 2002 2325 2581 2893

100 44
53 168 258 291 465 585 664 678 808 971 1010 1142 1243 1366 1387 1463 1572 1594 1670 1694 1839 1959 2112 2166 2321 2405 2547 2600 2614 2636 2703 2798 2896 3010 3036 3205 3245 3260 3396 3568 3685 3758 3919 4002 4100 4116 4206 4244 4291 4361 4533 4673 4841 5012 5147 5251 5407 5547 5705 5846 5985 6161 6335 6361 6432 6533 6553 6645 6743 6828 6911 6930 6977 6998 7053 7156 7188 7347 7445 7504 7561 7724 7859 7988 8068 8171 8346 8501 8575 8666 8786 8869 8951 9092 9176 9277 9367 9518 9580 9755

91 56
70 127 318 363 498 722 881 1047 1214 1236 1457 1664 1741 1928 2119 2316 2437 2456 2679 2902 3091 3126 3212 3253 3365 3524 3554 3568 3729 3894 4057 4235 4349 4438 4584 4654 4754 4921 5031 5164 5227 5350 5368 5504 5680 5726 5792 5854 6016 6141 6362 6513 6711 6771 6911 6983 7200 7242 7321 7396 7560 7761 7949 8084 8223 8427 8442 8629 8791 8937 9101 9138 9280 9295 9394 9440 9518 9697 9864 9922 10004 10202 10222 10327 10395 10536 10598 10623 10673 10875 10899

94 9
28 33 64 92 101 118 126 158 180 189 219 234 255 258 291 321 341 368 375 390 405 412 439 470 481 491 499 501 524 545 570 593 615 637 661 682 708 739 755 762 794 824 845 873 899 934 939 970 997 1000 1013 1018 1037 1062 1082 1116 1125 1149 1176 1193 1205 1234 1255 1281 1291 1299 1305 1324 1352 1386 1410 1422 1449 1451 1472 1508 1543 1579 1604 1637 1665 1689 1712 1723 1758 1762 1768 1799 1822 1851 1882 1899 1910 1935

