46
63 27
40 115 126 170 272 339 390 482 540 625 710 802 867 906 946 1053 1098 1129 1187 1222 1270 1288 1300 1408 1463 1562 1653 1674 1774 1862 1905 2003 2011 2061 2163 2183 2262 2363 2393 2408 2509 2545 2559 2567 2674 2691 2746 2782 2843 2934 3004 3026 3046 3127 3191 3224 3294 3344 3373 3379 3444 3546 3594

14 65
81 289 485 555 806 826 1045 1249 1372 1480 1672 1701 1722 1817

38 19
39 107 183 211 239 245 257 292 325 370 410 458 526 561 571 629 678 717 735 767 801 811 878 932 1002 1075 1112 1160 1209 1215 1286 1354 1417 1447 1515 1519 1525 1583

33 90
161 325 431 765 1015 1337 1361 1468 1664 1960 2209 2432 2585 2868 2994 3200 3510 3801 3914 3977 4297 4427 4449 4694 4896 5089 5266 5325 5541 5854 6012 6097 6387

33 13
9 27 73 108 158 197 215 252 290 318 364 411 423 465 517 552 583 619 650 670 704 733 748 778 827 861 899 921 966 974 1023 1030 1067

78 45
106 236 255 406 505 553 681 740 764 785 964 992 1156 1317 1433 1549 1645 1748 1861 1989 2077 2139 2190 2267 2282 2457 2549 2637 2753 2932 3004 3159 3252 3326 3494 3514 3670 3699 3871 3941 4062 4202 4380 4414 4544 4652 4798 4879 4927 5071 5228 5397 5562 5742 5895 6061 6135 6297 6370 6483 6601 6652 6663 6753 6853 7002 7158 7276 7346 7472 7611 7783 7854 7972 8120 8247 8395 8511

71 21
84 110 172 211 250 328 341 425 502 535 550 568 582 619 703 764 819 847 919 993 1071 1079 1121 1157 1192 1212 1246 1310 1377 1428 1438 1450 1489 1495 1560 1577 1622 1674 1731 1767 1791 1863 1945 2008 2022 2089 2139 2200 2257 2315 2325 2371 2393 2457 2495 2507 2590 2651 2723 2733 2787 2814 2831 2895 2926 2937 2990 3030 3062 3084 3164

33 41
84 144 158 285 417 521 573 696 856 869 930 1035 1181 1303 1430 1506 1530 1639 1654 1801 1871 1888 2042 2163 2290 2321 2361 2519 2575 2619 2677 2745 2757

30 59
27 233 357 513 670 865 998 1042 1235 1376 1447 1561 1644 1669 1783 2005 2191 2417 2594 2617 2745 2976 3016 3058 3122 3223 3366 3482 3531 3719

20 2
5 7 12 17 17 21 24 31 35 35 43 43 45 45 52 60 61 66 67 68

82 92
342 558 789 961 1277 1456 1716 1859 2141 2316 2535 2578 2799 3024 3289 3492 3826 4189 4228 4326 4470 4551 4691 4743 4872 5066 5165 5407 5761 5875 6024 6057 6200 6544 6641 6886 7006 7166 7260 7585 7953 8135 8357 8508 8790 9118 9431 9635 9789 10099 10431 10542 10625 10720 10956 11212 11240 11522 11730 11891 12007 12165 12456 12533 12671 13022 13230 13576 13825 13885 14064 14347 14441 14664 14807 15039 15126 15394 15543 15577 15878 15946

78 8
13 18 37 62 80 96 108 112 139 155 187 197 199 203 221 238 250 272 280 295 309 315 327 333 346 362 385 388 403 432 464 466 474 485 515 526 529 555 571 579 600 626 649 665 667 677 709 739 762 768 794 814 829 850 857 862 879 900 911 928 934 958 966 968 994 1001 1012 1020 1047 1054 1079 1098 1109 1119 1125 1144 1166 1179

4 75
97 159 425 701

65 80
275 415 529 554 770 950 1127 1287 1586 1849 2035 2187 2278 2346 2522 2646 2755 2869 3088 3351 3617 3890 4055 4206 4509 4530 4651 4832 4953 4977 5085 5245 5453 5571 5674 5761 5944 6208 6241 6354 6381 6407 6726 6770 6844 6975 7185 7492 7692 7759 8046 8167 8481 8581 8612 8695 8808 9005 9162 9413 9450 9713 9864 9908 9940

4 58
96 146 271 335

72 33
128 223 236 357 470 554 663 688 760 794 841 960 1083 1098 1196 1233 1305 1433 1491 1528 1616 1645 1743 1825 1910 1949 1991 2040 2130 2247 2347 2456 2549 2677 2728 2799 2876 2894 2977 3038 3103 3206 3288 3350 3385 3463 3507 3548 3657 3779 3799 3820 3895 3936 4050 4182 4228 4291 4370 4405 4478 4496 4612 4652 4682 4753 4841 4903 5000 5116 5245 5253

29 59
228 362 484 601 799 875 915 979 1146 1229 1413 1483 1620 1660 1812 1858 1947 2165 2327 2356 2432 2537 2557 2587 2791 2905 3087 3119 3282

99 3
8 12 16 25 34 37 43 53 60 67 79 85 95 101 107 115 126 136 145 156 159 166 169 181 184 191 203 208 218 225 236 245 255 265 274 284 291 299 310 312 317 323 324 330 330 339 344 356 359 370 377 389 397 402 410 420 422 426 429 434 436 438 448 455 466 467 469 473 482 489 497 502 509 521 521 526 534 546 547 549 552 557 565 570 576 584 591 599 606 613 616 619 628 634 635 638 645 655 660

22 76
56 97 296 557 584 766 997 1152 1433 1575 1661 1785 1925 2092 2265 2378 2609 2809 2864 2974 3078 3226

64 64
124 272 487 640 799 1030 1191 1363 1568 1638 1819 1865 1974 2059 2281 2493 2719 2792 3027 3125 3189 3429 3488 3547 3749 3956 4158 4192 4248 4347 4420 4560 4635 4808 5029 5129 5293 5457 5626 5864 6058 6229 6246 6416 6591 6825 7014 7047 7253 7372 7439 7493 7574 7655 7678 7776 7810 8015 8088 8190 8392 8639 8672 8843

72 91
214 247 421 778 1031 1227 1563 1852 1950 1984 2299 2361 2534 2708 2807 3137 3199 3478 3676 3953 4140 4266 4575 4934 5216 5269 5586 5786 5977 6322 6447 6578 6904 7157 7243 7347 7527 7726 7927 8055 8179 8406 8620 8655 8749 8849 9157 9423 9709 9934 10084 10162 10237 10345 10423 10445 10603 10665 10886 11007 11176 11463 11766 11933 12103 12241 12281 12386 12585 12653 12939 13019

1 35
21

40 82
302 410 532 627 939 1082 1385 1426 1681 1761 2061 2133 2397 2511 2715 2995 3243 3549 3843 4086 4237 4423 4666 4845 4989 5305 5570 5617 5712 6010 6111 6295 6442 6689 6906 7012 7184 7449 7665 7850

64 51
156 197 281 463 638 837 1005 1104 1119 1260 1374 1457 1572 1610 1631 1774 1925 1962 1976 2146 2308 2502 2535 2722 2752 2900 2916 3004 3196 3313 3394 3487 3572 3649 3688 3849 4040 4069 4203 4271 4346 4535 4619 4813 4990 5143 5300 5449 5612 5697 5741 5812 5875 5920 6088 6283 6356 6446 6547 6711 6895 6930 7073 7239

81 97
83 195 534 858 1012 1239 1340 1666 1970 2315 2682 2852 3234 3331 3685 4045 4154 4526 4738 5040 5333 5468 5608 5703 5756 5877 6237 6534 6760 6966 7117 7263 7449 7819 8160 8290 8571 8902 9088 9246 9544 9803 10185 10382 10567 10719 11093 11205 11455 11490 11868 12082 12122 12241 12505 12590 12835 13043 13083 13388 13558 13635 13849 14223 14443 14602 14884 15241 15416 15453 15511 15749 16038 16275 16424 16466 16620 16855 17045 17163 17440

63 16
36 45 89 137 200 253 312 342 370 399 426 486 523 527 562 588 646 680 732 792 844 863 913 923 984 1028 1074 1114 1151 1211 1217 1270 1302 1323 1346 1402 1411 1428 1435 1485 1537 1578 1630 1667 1684 1719 1782 1798 1848 1885 1908 1933 1981 1985 2048 2091 2152 2196 2253 2261 2313 2340 2357

69 22
17 78 155 233 248 268 342 389 441 447 468 548 609 623 671 677 719 760 837 879 887 917 1005 1070 1153 1168 1234 1289 1317 1363 1411 1449 1536 1604 1619 1652 1704 1783 1844 1890 1905 1913 1949 1980 1998 2021 2067 2084 2103 2189 2255 2275 2339 2369 2437 2497 2566 2579 2597 2631 2694 2730 2780 2802 2820 2833 2877 2887 2952

75 44
164 179 219 333 489 633 658 752 827 958 1124 1277 1289 1394 1542 1621 1759 1859 1892 2066 2241 2411 2515 2683 2758 2893 2996 3130 3231 3274 3287 3363 3523 3641 3736 3880 4040 4069 4117 4216 4313 4408 4454 4465 4565 4645 4767 4882 5015 5107 5200 5342 5507 5523 5654 5818 5900 5962 6034 6059 6134 6192 6271 6337 6458 6521 6620 6719 6747 6889 7007 7081 7216 7376 7478

7 33
65 184 229 359 375 450 513

13 3
2 8 15 23 28 35 37 42 54 62 74 79 90

14 33
23 40 148 197 275 369 489 613 698 801 895 986 1057 1113

23 93
204 251 598 680 988 1158 1441 1729 1810 1839 2044 2118 2375 2523 2860 3121 3395 3573 3616 3784 3955 4066 4173

42 31
99 193 310 325 355 474 498 544 589 676 745 772 814 821 854 918 934 1020 1082 1152 1232 1318 1363 1395 1452 1471 1516 1607 1707 1781 1828 1901 2025 2148 2197 2270 2300 2374 2445 2525 2635 2654

84 25
49 127 219 264 364 455 466 483 502 587 656 754 830 848 944 991 999 1041 1084 1097 1136 1147 1181 1249 1314 1360 1394 1407 1432 1499 1538 1595 1669 1738 1757 1778 1804 1842 1857 1911 1943 2022 2055 2062 2124 2164 2190 2210 2217 2295 2348 2384 2464 2479 2574 2609 2634 2643 2671 2768 2800 2842 2848 2928 2939 2965 2982 3052 3137 3164 3213 3237 3268 3274 3368 3379 3477 3494 3543 3570 3638 3730 3828 3899

41 48
86 120 282 399 467 570 655 817 990 1149 1280 1405 1457 1526 1674 1859 2015 2093 2179 2210 2328 2499 2517 2616 2635 2764 2850 2997 3031 3091 3230 3330 3415 3453 3621 3647 3697 3750 3852 4019 4190

50 17
9 50 73 128 193 222 252 272 276 343 406 429 444 477 504 548 596 642 701 738 744 761 768 818 834 892 918 925 987 1027 1048 1084 1116 1160 1222 1258 1284 1323 1390 1445 1462 1516 1536 1564 1581 1620 1663 1682 1717 1763

43 53
102 196 404 474 646 794 894 1035 1125 1296 1471 1657 1779 1796 1864 1948 2079 2180 2375 2539 2726 2768 2933 3042 3169 3344 3499 3558 3671 3842 4001 4106 4289 4437 4481 4523 4721 4790 4820 4977 5018 5175 5262

52 66
214 340 399 478 718 914 1020 1147 1348 1380 1632 1778 1980 2078 2141 2250 2273 2532 2634 2806 2917 3055 3231 3261 3296 3477 3593 3825 3985 4111 4149 4363 4587 4663 4865 5128 5329 5378 5586 5688 5839 5894 5970 6135 6291 6414 6622 6853 7077 7255 7464 7727

49 49
96 260 327 521 661 717 900 949 1050 1100 1189 1371 1509 1537 1567 1591 1712 1795 1969 2089 2284 2309 2487 2552 2580 2762 2840 2958 3065 3143 3215 3382 3414 3503 3690 3749 3866 3975 4099 4138 4211 4253 4382 4505 4559 4684 4824 4963 5118

37 32
24 116 213 320 406 457 472 589 610 683 797 890 964 983 1107 1134 1188 1311 1424 1506 1613 1722 1750 1805 1906 2018 2117 2204 2246 2346 2365 2458 2579 2700 2783 2890 2949

88 54
79 232 432 593 630 767 865 940 1144 1179 1244 1323 1534 1555 1764 1801 1856 2067 2205 2341 2363 2476 2525 2698 2779 2857 2964 3076 3206 3398 3480 3500 3546 3614 3705 3917 3947 4073 4126 4326 4360 4419 4559 4622 4746 4835 4923 5022 5105 5173 5292 5387 5437 5472 5591 5767 5962 6066 6276 6363 6498 6527 6637 6726 6739 6913 7013 7198 7259 7419 7569 7623 7708 7897 8083 8154 8210 8284 8419 8519 8622 8828 8866 9068 9134 9161 9242 9340

94 35
26 166 205 302 374 382 474 606 616 634 744 813 937 1060 1121 1218 1284 1405 1432 1444 1559 1686 1778 1806 1910 1946 1984 2011 2038 2129 2241 2334 2343 2435 2506 2562 2578 2699 2738 2752 2791 2886 2944 3026 3105 3240 3362 3430 3530 3589 3717 3829 3895 3915 3984 4039 4068 4187 4294 4307 4360 4373 4406 4433 4505 4517 4542 4557 4654 4756 4765 4830 4883 4957 4975 5058 5163 5211 5343 5454 5476 5588 5667 5722 5742 5813 5821 5898 6001 6083 6110 6138 6180 6197

32 67
45 97 231 335 394 512 545 609 802 956 1000 1087 1305 1562 1715 1784 1890 1925 2156 2309 2413 2495 2744 2961 3006 3161 3331 3582 3602 3724 3888 4027

97 12
24 38 68 87 118 159 200 216 239 256 288 326 335 353 398 441 455 502 543 546 566 596 605 640 664 673 712 739 749 788 818 828 838 871 891 910 946 975 1009 1012 1049 1085 1125 1169 1202 1222 1231 1263 1285 1324 1346 1349 1388 1420 1433 1475 1517 1544 1549 1555 1580 1615 1645 1655 1701 1735 1748 1785 1799 1821 1845 1866 1904 1943 1988 2024 2072 2088 2131 2139 2159 2205 2230 2254 2301 2331 2338 2356 2390 2431 2452 2496 2509 2550 2561 2607 2638

20 5
11 20 29 36 39 55 56 73 89 91 100 112 113 123 132 136 139 158 176 182

79 51
113 177 231 389 448 469 527 667 841 939 1083 1191 1327 1444 1536 1595 1766 1861 1938 2037 2052 2084 2172 2221 2367 2498 2582 2625 2642 2840 2883 2934 3120 3267 3455 3594 3688 3876 3931 4111 4230 4267 4384 4553 4660 4732 4786 4936 5103 5190 5273 5299 5472 5670 5834 5920 6053 6077 6156 6289 6359 6445 6496 6648 6695 6783 6830 6993 7162 7296 7464 7519 7569 7771 7873 7911 8060 8097 8156

