15
100 69
179 351 620 751 802 847 1048 1212 1312 1528 1646 1846 2103 2206 2253 2507 2758 2794 3013 3276 3453 3598 3695 3862 4017 4218 4283 4345 4479 4595 4728 4892 5089 5349 5592 5617 5839 6078 6168 6400 6653 6710 6768 6945 7178 7338 7565 7703 7794 7907 7949 7992 8234 8506 8590 8662 8799 9067 9141 9246 9425 9572 9637 9763 9925 10026 10236 10295 10371 10545 10800 10937 11150 11310 11514 11617 11668 11829 11995 12075 12144 12299 12387 12541 12702 12909 13113 13135 13217 13246 13324 13529 13616 13827 14033 14091 14224 14330 14534 14769

69 8
28 36 46 60 70 73 77 98 118 147 149 170 173 201 221 224 241 264 273 283 296 319 341 351 366 392 410 418 444 454 478 498 529 560 575 590 600 627 630 642 651 659 671 678 695 708 729 760 769 774 802 822 846 848 871 893 910 937 962 983 1007 1024 1035 1048 1079 1098 1107 1123 1136

87 22
15 57 115 128 187 202 273 325 378 429 448 486 552 578 586 661 748 827 883 912 943 959 987 1024 1041 1051 1069 1080 1111 1132 1184 1207 1260 1276 1343 1392 1461 1492 1549 1575 1608 1677 1716 1754 1785 1857 1938 1994 2061 2132 2203 2268 2303 2329 2353 2391 2463 2536 2623 2671 2692 2724 2787 2805 2834 2868 2947 2999 3011 3023 3032 3061 3077 3134 3193 3238 3291 3301 3315 3378 3425 3512 3550 3596 3610 3684 3767

55 79
215 482 526 713 761 820 1136 1180 1350 1407 1488 1647 1856 1929 2234 2528 2553 2842 2976 3071 3205 3409 3723 3995 4251 4317 4517 4608 4693 4996 5090 5297 5510 5548 5616 5710 5952 6036 6143 6206 6332 6476 6742 7042 7065 7323 7441 7716 7975 8005 8196 8247 8433 8570 8875

88 22
24 69 145 167 223 306 354 371 377 423 464 480 534 551 638 647 729 776 841 850 934 1002 1073 1112 1127 1134 1206 1228 1288 1360 1435 1485 1565 1617 1685 1737 1785 1861 1912 1965 1998 2041 2089 2121 2171 2236 2304 2314 2366 2422 2474 2488 2537 2550 2561 2627 2703 2789 2802 2812 2875 2884 2957 3027 3097 3130 3163 3208 3222 3264 3319 3357 3393 3461 3513 3565 3596 3601 3677 3763 3768 3837 3920 3953 4014 4069 4148 4154

3 17
65 73 98

24 8
26 55 65 90 116 127 138 146 152 157 174 182 198 204 227 247 255 268 273 275 296 307 323 343

61 55
43 73 102 305 431 610 659 792 812 1001 1183 1227 1351 1518 1645 1846 1971 2172 2224 2262 2439 2566 2743 2788 2985 3171 3225 3373 3526 3680 3788 3955 4041 4154 4256 4419 4597 4626 4702 4803 4871 4920 4968 5184 5340 5529 5733 5855 5888 5955 6150 6251 6332 6385 6603 6743 6787 6858 6922 7001 7045

66 83
88 391 698 936 1181 1459 1576 1798 2074 2167 2211 2330 2642 2889 3213 3371 3635 3892 4196 4372 4672 4939 4988 5092 5237 5485 5625 5937 6069 6197 6496 6793 6990 7181 7498 7587 7636 7790 8108 8321 8619 8687 8875 8968 9181 9423 9504 9650 9760 9950 9975 10237 10513 10800 10860 10947 10969 11004 11226 11444 11614 11773 11947 12170 12274 12349

96 28
13 79 181 213 297 395 422 500 532 574 597 616 710 769 780 831 907 998 1081 1170 1178 1272 1298 1352 1461 1524 1609 1699 1729 1797 1903 2005 2090 2120 2152 2200 2248 2268 2286 2325 2392 2502 2563 2593 2626 2729 2765 2859 2969 3016 3035 3045 3072 3109 3127 3154 3169 3251 3337 3406 3453 3565 3612 3718 3779 3867 3878 3895 3992 4055 4146 4215 4251 4362 4430 4450 4525 4532 4598 4618 4666 4678 4721 4765 4822 4837 4906 4950 4981 4998 5031 5059 5084 5168 5209 5262

47 75
37 332 360 547 705 831 1002 1141 1397 1521 1701 1882 2026 2095 2163 2330 2555 2646 2790 2873 2941 3231 3349 3539 3606 3757 3785 3974 4070 4121 4320 4549 4802 4896 5135 5359 5483 5761 5966 6020 6047 6101 6271 6496 6723 6859 6905

47 78
295 512 707 854 1087 1142 1172 1271 1479 1596 1900 2150 2328 2362 2644 2829 3057 3331 3479 3554 3670 3764 3904 4175 4444 4544 4784 4855 4875 5115 5311 5330 5473 5571 5861 6158 6201 6442 6468 6774 6892 7188 7372 7585 7624 7742 7796

88 75
259 469 735 906 1006 1043 1088 1258 1528 1590 1871 2128 2307 2444 2562 2605 2714 2752 2790 2994 3092 3270 3395 3461 3536 3829 3890 4008 4090 4386 4447 4626 4908 5013 5219 5359 5582 5788 5998 6030 6092 6311 6458 6560 6706 6824 7056 7135 7243 7422 7450 7604 7720 7801 7847 7915 8174 8412 8482 8640 8849 9066 9333 9568 9705 9830 9892 10021 10045 10324 10613 10892 11180 11290 11559 11801 12056 12110 12347 12465 12531 12656 12867 12945 13244 13503 13541 13841

41 36
38 117 239 352 403 524 593 701 714 747 837 975 1093 1167 1238 1250 1344 1424 1550 1631 1649 1735 1787 1931 2060 2105 2231 2274 2288 2385 2498 2508 2522 2558 2636 2667 2777 2854 2941 2954 3024

12 32
85 148 240 334 392 456 529 561 626 700 751 784

