41
62 94
328 474 737 917 1222 1274 1502 1563 1937 2138 2381 2717 2845 3012 3377 3649 3791 3887 4226 4358 4543 4665 4809 5010 5243 5308 5480 5806 5921 6281 6368 6610 6824 6947 7243 7496 7540 7633 7929 7963 8209 8294 8439 8695 8923 9196 9453 9529 9905 9999 10107 10285 10511 10760 11061 11327 11376 11488 11587 11662 11990 12016

39 40
83 171 184 213 281 340 418 561 662 808 959 1117 1178 1214 1334 1394 1526 1588 1710 1844 1990 2035 2168 2249 2367 2471 2582 2606 2691 2834 2994 3088 3195 3249 3329 3380 3466 3590 3734

98 32
24 138 147 164 208 324 408 419 523 631 648 672 755 824 943 1049 1065 1139 1177 1216 1299 1362 1399 1525 1653 1696 1707 1773 1814 1871 1966 2030 2063 2178 2282 2395 2441 2535 2574 2582 2650 2702 2737 2825 2897 2995 3103 3120 3223 3234 3361 3412 3445 3483 3582 3625 3636 3653 3692 3703 3759 3807 3930 4037 4089 4153 4199 4254 4342 4365 4397 4494 4551 4639 4690 4768 4802 4865 4892 4903 4933 5040 5164 5217 5303 5325 5402 5448 5523 5578 5618 5649 5733 5759 5772 5842 5956 6038

39 25
86 92 179 206 246 272 353 408 421 449 540 619 665 714 768 786 859 870 936 966 981 1039 1045 1131 1140 1220 1264 1287 1298 1362 1385 1459 1467 1474 1551 1575 1583 1605 1705

57 47
92 222 251 360 446 508 536 695 775 907 981 1080 1113 1209 1240 1357 1493 1658 1745 1857 1950 2057 2149 2253 2355 2405 2459 2613 2631 2704 2763 2883 3010 3033 3199 3365 3455 3631 3657 3809 3909 4027 4100 4258 4414 4575 4668 4838 4883 4943 5026 5122 5135 5300 5342 5521 5590

15 85
78 279 516 570 880 1176 1342 1388 1526 1662 1853 2085 2205 2259 2313

47 80
93 200 326 429 625 648 931 1035 1075 1229 1439 1714 1960 2146 2264 2474 2631 2899 3165 3392 3630 3825 3885 4044 4334 4577 4841 4981 5186 5413 5614 5904 6196 6355 6649 6700 6843 6912 7025 7263 7520 7689 7936 8039 8356 8387 8458

8 86
322 354 559 790 849 1017 1237 1540

60 46
165 199 244 256 344 502 664 829 889 1064 1120 1226 1393 1521 1566 1708 1859 1887 1914 2032 2161 2270 2376 2503 2551 2569 2651 2795 2874 2946 3016 3087 3218 3376 3547 3562 3729 3883 3922 3995 4109 4190 4290 4313 4442 4466 4592 4696 4878 4996 5070 5187 5326 5440 5480 5562 5657 5717 5839 5992

13 1
2 6 7 10 12 16 19 20 24 24 27 31 34

23 56
143 260 367 384 434 475 538 682 761 859 1077 1195 1354 1573 1642 1816 1890 1931 1969 2108 2179 2383 2422

2 92
171 249

73 77
70 107 156 182 343 498 656 794 992 1078 1381 1442 1668 1869 1910 2026 2102 2242 2274 2548 2643 2912 3196 3499 3741 3875 3964 4155 4400 4438 4560 4769 5073 5343 5536 5719 5873 6042 6218 6507 6757 7048 7255 7321 7514 7695 7915 8031 8091 8265 8429 8662 8843 8989 9223 9378 9538 9791 9986 10138 10402 10551 10756 11063 11247 11550 11663 11907 12100 12398 12455 12702 12754

63 5
16 24 33 37 42 49 65 68 80 94 95 102 118 128 133 150 167 168 188 199 214 233 237 251 256 260 280 290 309 328 343 359 378 393 401 418 437 449 465 479 498 507 508 515 516 525 527 529 538 539 540 549 567 572 582 588 596 615 627 632 638 649 657

18 76
60 305 361 635 768 927 1155 1324 1404 1696 1820 2003 2235 2458 2491 2780 3029 3199

68 42
61 155 275 351 448 587 676 812 875 929 978 1121 1209 1357 1524 1576 1696 1782 1914 1930 2036 2169 2223 2284 2296 2428 2468 2557 2615 2735 2892 3028 3064 3143 3304 3384 3443 3539 3675 3771 3888 3949 3966 4056 4121 4164 4187 4343 4492 4539 4697 4722 4774 4862 4954 5108 5157 5222 5363 5516 5568 5591 5703 5748 5795 5815 5937 5961

71 68
148 243 392 539 695 731 877 1004 1040 1308 1366 1481 1752 1979 2191 2350 2458 2587 2859 3033 3278 3446 3482 3673 3914 4153 4222 4465 4515 4598 4620 4773 5002 5069 5146 5193 5413 5618 5718 5830 5892 6149 6295 6564 6752 6805 6890 7103 7200 7444 7499 7751 7813 7903 8036 8124 8322 8489 8669 8896 9086 9357 9572 9791 9963 10074 10192 10298 10446 10470 10525

20 37
27 103 156 297 440 470 615 721 858 995 1074 1186 1301 1340 1349 1359 1382 1488 1501 1612

19 41
28 129 287 338 376 395 510 537 593 719 798 961 1102 1190 1322 1345 1379 1435 1461

44 24
30 112 197 287 354 447 489 577 654 662 695 742 749 835 880 894 958 1047 1096 1138 1146 1241 1257 1310 1345 1416 1450 1484 1506 1538 1604 1679 1706 1766 1837 1852 1874 1956 2033 2109 2122 2134 2172 2222

70 66
118 166 430 533 723 853 973 1113 1319 1455 1599 1643 1709 1802 1956 2041 2305 2405 2567 2626 2876 2896 3081 3307 3519 3596 3625 3810 3997 4221 4294 4330 4370 4595 4797 4815 4840 4891 5138 5372 5450 5625 5792 6001 6130 6261 6398 6651 6844 7092 7235 7385 7644 7860 7896 8105 8138 8208 8410 8434 8511 8593 8766 8946 8971 9143 9385 9609 9736 9831

65 71
129 389 501 593 634 701 756 1023 1264 1444 1599 1821 1916 2086 2313 2491 2761 2871 3090 3127 3377 3549 3577 3661 3751 4013 4173 4308 4499 4595 4811 5012 5211 5424 5578 5729 5747 6030 6102 6317 6335 6570 6654 6847 7064 7211 7407 7578 7857 7977 8105 8209 8452 8521 8554 8588 8766 8988 9057 9258 9285 9389 9426 9483 9726

16 46
57 209 254 423 473 598 747 779 830 855 984 1044 1179 1337 1499 1556

83 71
56 321 471 494 760 1044 1205 1412 1685 1749 1857 1984 2243 2287 2468 2720 2795 2936 3050 3292 3535 3686 3805 4063 4085 4177 4244 4363 4451 4704 4951 5118 5148 5211 5439 5599 5866 5986 6024 6293 6553 6578 6609 6846 6924 6981 7003 7176 7240 7270 7457 7720 7811 8049 8160 8187 8230 8286 8336 8385 8479 8605 8752 8788 8954 9166 9400 9424 9653 9812 9971 10003 10114 10137 10363 10411 10477 10655 10791 10994 11253 11375 11648

14 33
65 190 231 355 434 467 574 640 680 767 894 934 985 1059

98 76
221 435 643 901 1162 1311 1525 1669 1840 2039 2217 2382 2477 2620 2754 3050 3297 3564 3767 4052 4123 4168 4342 4566 4747 5051 5248 5539 5741 5893 6156 6436 6606 6659 6882 7024 7279 7396 7491 7616 7838 8026 8323 8344 8445 8547 8819 9057 9195 9494 9717 9816 10113 10308 10605 10749 10888 10992 11119 11337 11527 11690 11958 12083 12141 12211 12368 12617 12706 12819 13017 13157 13206 13457 13755 13889 13984 14116 14294 14512 14605 14850 15140 15238 15476 15598 15793 16014 16034 16209 16303 16355 16576 16761 16988 17163 17376 17597

37 69
58 237 386 562 776 870 973 1023 1189 1460 1488 1701 1726 1977 2077 2331 2401 2604 2743 2790 2922 3165 3401 3557 3624 3710 3976 4230 4379 4584 4684 4872 4991 5133 5168 5411 5465

90 63
187 379 442 517 579 643 815 1052 1231 1405 1482 1663 1838 1888 2015 2069 2175 2389 2624 2876 3032 3147 3309 3409 3575 3603 3677 3908 4119 4136 4314 4559 4585 4782 4956 5046 5110 5346 5490 5587 5608 5703 5812 6013 6136 6368 6428 6566 6682 6702 6863 6960 7149 7193 7306 7342 7487 7621 7774 7916 7979 8092 8225 8334 8543 8592 8761 8897 9085 9225 9317 9385 9619 9683 9794 9862 9921 9970 10188 10400 10522 10611 10656 10681 10868 11115 11241 11407 11441 11520

57 47
146 195 230 282 353 522 664 840 958 1100 1164 1248 1403 1566 1668 1790 1926 1952 2069 2185 2199 2261 2317 2359 2443 2528 2632 2808 2929 3015 3110 3283 3393 3419 3453 3538 3554 3693 3784 3856 3881 4033 4174 4256 4285 4308 4395 4471 4522 4684 4851 4884 4945 4992 5044 5149 5176

87 89
348 678 952 1277 1457 1636 1915 2033 2177 2411 2516 2620 2795 2848 3040 3063 3337 3669 3701 3789 4018 4350 4647 4951 5147 5278 5317 5543 5862 5933 6031 6207 6276 6329 6639 6797 7015 7268 7291 7376 7714 7912 8139 8314 8410 8613 8865 8925 8991 9290 9561 9723 10061 10236 10281 10371 10520 10874 11189 11376 11563 11720 11764 11799 12155 12224 12298 12585 12754 12802 13057 13150 13310 13463 13672 14020 14206 14286 14403 14442 14589 14914 15052 15342 15685 15829 16076

94 95
293 490 718 1075 1396 1741 1944 2250 2436 2813 2945 3013 3212 3318 3561 3840 3960 4005 4365 4613 4661 4816 4856 5087 5427 5664 5724 5810 6151 6341 6393 6678 6869 7037 7143 7511 7649 7955 8113 8443 8569 8800 9095 9388 9547 9802 9970 10034 10213 10393 10651 10886 11196 11415 11508 11596 11690 11957 12298 12396 12696 13062 13421 13696 14000 14203 14441 14627 14872 15013 15351 15688 15947 16192 16375 16412 16552 16632 16892 17246 17373 17653 17756 17915 17974 18122 18354 18635 18961 19182 19437 19694 19763 19910

101 74
297 571 700 769 841 964 1257 1493 1517 1732 2010 2055 2243 2479 2627 2670 2882 3070 3111 3385 3556 3793 3905 4160 4228 4304 4484 4515 4714 4732 4778 4908 5199 5423 5679 5897 6124 6257 6356 6405 6665 6933 6956 7232 7504 7681 7907 8198 8299 8523 8733 9009 9035 9186 9404 9684 9798 9960 10079 10278 10560 10833 10910 10966 11016 11059 11244 11510 11588 11824 12004 12107 12164 12417 12646 12873 13095 13249 13412 13615 13867 13951 14103 14230 14364 14594 14634 14845 14992 15285 15328 15415 15475 15646 15893 16096 16253 16400 16644 16760 17047

29 40
116 129 179 233 350 444 555 698 755 808 822 958 1080 1232 1257 1342 1429 1509 1653 1768 1795 1887 2043 2079 2151 2256 2341 2469 2616

24 96
64 430 684 1034 1241 1377 1603 1876 2247 2394 2469 2549 2591 2831 3213 3275 3522 3632 3921 3961 4263 4453 4685 4887

15 49
107 196 388 445 602 624 695 762 866 1006 1157 1316 1464 1608 1754

65 3
10 11 19 29 33 36 46 47 48 57 60 61 73 84 88 94 94 104 107 112 121 122 128 134 140 149 161 173 183 192 196 207 211 215 224 227 237 241 245 248 254 263 265 272 273 282 286 295 299 303 313 325 332 343 350 352 362 373 382 384 393 397 405 405 409

65 37
27 160 179 284 334 406 417 508 531 603 657 712 793 873 983 1008 1107 1215 1257 1316 1351 1367 1491 1525 1605 1675 1763 1900 1910 1992 2076 2125 2208 2239 2323 2430 2459 2523 2618 2742 2858 2887 2907 3040 3176 3232 3287 3335 3400 3534 3552 3698 3725 3786 3861 3887 3911 3930 3959 4085 4164 4220 4234 4274 4330

92 73
270 493 653 915 949 1024 1194 1376 1645 1735 1894 2114 2355 2395 2533 2771 3035 3232 3430 3718 3973 4159 4386 4583 4873 5021 5188 5321 5352 5557 5752 5922 6089 6145 6267 6342 6465 6690 6895 7055 7187 7447 7636 7788 7927 8088 8131 8227 8310 8373 8630 8825 8845 9039 9188 9362 9578 9775 9984 10167 10347 10611 10753 10774 10908 10993 11012 11058 11180 11360 11589 11788 12028 12050 12297 12428 12457 12690 12862 13129 13307 13480 13712 13839 13907 14141 14419 14452 14556 14605 14830 14852

50 15
8 44 78 130 179 206 252 271 325 328 338 384 389 448 500 516 540 543 569 581 588 603 661 708 734 756 798 832 867 888 937 986 1017 1031 1091 1123 1168 1211 1245 1287 1296 1321 1334 1358 1386 1405 1440 1497 1512 1564

72 1
1 4 8 12 15 15 19 22 26 27 30 31 32 33 36 38 42 46 50 52 55 59 63 63 65 68 69 72 72 76 79 81 83 84 86 88 91 93 95 99 101 102 104 108 112 114 114 117 118 118 121 123 123 123 125 128 128 131 131 131 131 133 135 139 141 143 145 147 149 151 154 158

95 70
120 192 367 618 642 695 823 943 985 1121 1253 1379 1452 1572 1756 1815 1907 1955 2168 2390 2493 2587 2799 2916 3061 3147 3332 3542 3607 3671 3857 4114 4171 4448 4610 4730 4945 5204 5379 5513 5750 5787 5935 6185 6399 6646 6738 6817 6970 7136 7216 7444 7710 7796 7819 7991 8093 8112 8326 8385 8625 8888 9053 9204 9393 9417 9546 9738 9959 9983 10046 10110 10189 10397 10598 10810 10883 10942 11153 11233 11351 11449 11577 11640 11745 11824 12079 12138 12285 12522 12592 12636 12694 12726 12839

