50
26 80
158 200 455 549 726 915 1073 1361 1408 1546 1673 1891 2208 2295 2459 2707 2832 2937 3225 3279 3520 3668 3979 4074 4269 4455

57 31
78 202 314 417 495 507 631 721 835 858 900 1017 1100 1194 1224 1301 1326 1381 1447 1531 1640 1712 1773 1851 1863 1932 2010 2017 2125 2209 2277 2338 2418 2464 2488 2570 2596 2686 2727 2834 2873 2973 3028 3050 3061 3129 3177 3272 3338 3446 3527 3560 3645 3690 3735 3857 3880

97 65
42 263 447 690 902 990 1150 1374 1528 1785 1864 2097 2246 2446 2545 2690 2721 2783 2841 3004 3096 3315 3480 3533 3618 3700 3864 4103 4310 4555 4594 4693 4795 5049 5253 5462 5508 5722 5869 6028 6224 6289 6347 6439 6684 6759 6945 7160 7388 7488 7691 7708 7777 7911 8089 8266 8412 8571 8610 8660 8914 9008 9216 9429 9634 9749 9777 9981 10218 10442 10654 10810 11063 11105 11144 11199 11446 11557 11611 11671 11730 11861 11897 12149 12283 12402 12561 12618 12802 12842 12968 13158 13277 13326 13448 13522 13763

14 27
86 187 287 325 362 432 472 497 517 566 580 589 604 610

6 39
114 192 212 230 281 347

23 65
117 367 432 654 695 726 952 1113 1264 1469 1635 1836 1998 2180 2293 2311 2340 2477 2648 2716 2795 3045 3235

24 45
29 189 222 267 414 463 483 512 637 654 707 883 997 1059 1080 1229 1333 1467 1482 1561 1597 1646 1800 1871

88 1
2 3 3 7 10 14 17 18 21 22 22 23 26 30 34 34 34 36 40 41 41 43 43 43 47 48 49 51 54 56 56 59 63 64 66 70 70 74 76 79 82 86 90 90 93 93 96 99 102 103 106 108 109 109 109 111 114 115 115 118 121 125 125 127 127 127 130 130 132 136 138 142 144 145 147 148 149 152 154 155 156 158 159 163 167 169 173 176

31 60
38 103 149 306 398 414 572 771 861 915 969 1049 1280 1338 1387 1496 1662 1841 2057 2082 2099 2273 2481 2591 2775 2971 3005 3106 3328 3511 3630

1 33
21

51 24
92 127 173 225 256 330 379 398 405 474 529 564 643 712 801 860 956 1030 1107 1124 1163 1175 1213 1282 1355 1437 1459 1484 1495 1555 1564 1601 1693 1738 1766 1837 1874 1955 1974 1990 2086 2140 2221 2275 2361 2382 2400 2448 2532 2626 2643

57 34
102 133 240 253 354 411 525 632 672 682 812 936 1013 1084 1136 1251 1271 1369 1434 1522 1597 1629 1666 1688 1773 1866 1974 2085 2156 2226 2359 2421 2487 2611 2644 2740 2810 2844 2883 2951 3032 3081 3107 3163 3230 3262 3283 3365 3470 3530 3631 3686 3721 3830 3862 3879 3920

100 87
145 172 334 594 942 1158 1493 1698 1759 2070 2193 2393 2734 3006 3134 3466 3505 3726 3934 3967 4246 4536 4759 4827 4895 5046 5229 5364 5647 5866 6062 6346 6548 6817 6994 7263 7312 7479 7654 7990 8332 8680 8967 8991 9241 9544 9733 9989 10327 10585 10781 11098 11298 11486 11638 11900 12088 12189 12225 12369 12485 12599 12882 12982 13022 13299 13346 13435 13515 13544 13782 14010 14309 14436 14647 14823 15152 15353 15415 15557 15807 16063 16116 16271 16413 16473 16792 16841 16871 17057 17093 17155 17344 17393 17633 17784 17812 18044 18085 18162

81 89
120 448 580 888 1035 1168 1310 1422 1676 1770 2106 2421 2663 2942 3007 3256 3327 3629 3691 3771 4034 4142 4427 4732 5018 5171 5326 5478 5737 5759 5808 5932 6124 6402 6438 6784 7087 7312 7419 7601 7790 8076 8313 8414 8490 8778 9083 9379 9446 9795 9915 10020 10376 10451 10680 10961 11267 11296 11413 11543 11895 12120 12310 12409 12458 12806 13034 13352 13626 13749 14051 14144 14244 14355 14548 14752 14906 15163 15185 15246 15421

15 41
111 152 246 358 426 441 601 639 732 770 847 882 934 965 1074

60 32
55 132 172 259 338 465 515 531 566 650 776 874 910 954 989 1051 1149 1212 1274 1366 1438 1559 1582 1707 1787 1814 1832 1864 1983 2051 2160 2174 2241 2313 2421 2484 2576 2657 2757 2815 2859 2963 3061 3074 3178 3260 3377 3495 3518 3539 3593 3671 3708 3808 3911 4005 4096 4156 4253 4308

58 94
83 275 331 451 753 1019 1395 1456 1514 1636 1928 2195 2253 2610 2777 3137 3176 3317 3515 3853 4049 4204 4387 4758 5022 5210 5538 5794 5843 5873 6042 6077 6213 6354 6475 6752 6984 7229 7477 7581 7861 8064 8337 8527 8823 8887 9206 9446 9542 9636 10009 10107 10360 10633 10784 10830 10928 11131

23 15
15 27 44 65 122 174 220 240 262 320 357 409 433 463 484 533 542 602 606 631 640 668 716

14 46
177 329 431 502 528 669 836 997 1008 1152 1219 1236 1327 1359

69 47
15 32 72 236 278 351 519 642 790 847 936 1011 1139 1200 1271 1424 1546 1597 1716 1818 1834 1970 1998 2149 2281 2308 2476 2610 2774 2889 3069 3191 3214 3385 3564 3598 3770 3838 3876 4031 4130 4155 4250 4393 4539 4633 4687 4850 4964 5128 5279 5461 5512 5663 5688 5766 5947 5963 6080 6205 6349 6410 6541 6648 6714 6808 6889 6980 7123

93 29
44 58 163 180 243 269 348 425 519 561 627 719 743 816 879 966 1053 1079 1133 1237 1263 1336 1356 1447 1477 1540 1632 1645 1670 1714 1772 1825 1848 1875 1941 2031 2128 2193 2257 2364 2422 2478 2519 2561 2665 2734 2757 2871 2928 2935 3035 3125 3205 3315 3359 3406 3432 3446 3514 3617 3660 3694 3719 3742 3823 3902 3980 4030 4106 4187 4279 4359 4464 4550 4613 4679 4720 4732 4743 4855 4947 5013 5104 5167 5174 5222 5263 5347 5370 5398 5443 5468 5543

56 57
154 228 342 371 574 679 769 924 1047 1164 1274 1315 1377 1499 1595 1671 1844 2059 2202 2366 2471 2577 2610 2809 2839 2883 2921 3117 3278 3476 3529 3722 3949 4120 4168 4394 4514 4538 4582 4599 4708 4804 4932 5057 5240 5385 5443 5593 5735 5810 5934 5994 6142 6370 6595 6804

8 15
13 53 64 118 174 194 209 232

2 83
276 505

81 51
144 296 325 521 614 785 822 928 1123 1162 1213 1280 1318 1395 1547 1739 1943 2070 2241 2389 2423 2564 2650 2729 2800 2878 2957 3056 3144 3191 3318 3428 3524 3580 3592 3672 3779 3952 4080 4155 4202 4335 4517 4621 4753 4773 4890 4912 5115 5264 5293 5341 5518 5636 5788 5854 5938 6115 6199 6355 6521 6548 6647 6824 6969 6990 7130 7225 7334 7436 7529 7732 7922 7966 8133 8321 8425 8558 8604 8661 8740

85 73
129 300 336 354 503 599 754 1028 1258 1439 1615 1635 1768 1812 1846 2060 2171 2423 2580 2698 2738 2974 3147 3419 3452 3721 3912 4128 4146 4237 4380 4417 4496 4646 4757 4796 5002 5255 5505 5737 5879 5966 6179 6203 6291 6323 6550 6763 6785 6929 7027 7071 7247 7301 7445 7493 7679 7726 7967 8194 8477 8725 8844 8885 9068 9346 9536 9732 9843 10005 10040 10218 10385 10670 10689 10745 10920 10954 11013 11061 11106 11300 11389 11414 11589

9 46
99 264 326 424 490 609 680 862 1007

86 59
77 214 293 382 458 607 717 808 902 1095 1291 1515 1661 1679 1859 2057 2091 2157 2273 2367 2459 2477 2604 2694 2775 2900 3047 3072 3290 3304 3330 3514 3611 3695 3847 3985 4003 4136 4216 4247 4383 4601 4828 5035 5068 5173 5265 5357 5403 5490 5570 5775 5892 5977 6178 6207 6433 6529 6574 6588 6607 6758 6795 6854 6992 7013 7063 7098 7260 7439 7466 7677 7691 7845 7969 8082 8292 8494 8712 8817 8867 9035 9181 9266 9293 9347

81 69
158 348 386 523 721 994 1097 1223 1415 1517 1730 1904 2081 2341 2595 2628 2860 2934 3129 3231 3497 3620 3854 3878 4137 4277 4354 4399 4648 4912 5005 5027 5093 5349 5435 5658 5679 5708 5926 6122 6365 6488 6660 6861 7114 7224 7328 7539 7764 7832 7965 8116 8328 8362 8387 8416 8582 8653 8707 8810 9004 9089 9262 9388 9416 9598 9816 9840 10097 10313 10552 10827 11000 11186 11434 11710 11747 11926 11961 12127 12355

41 75
64 265 401 575 686 795 924 1103 1126 1367 1412 1501 1620 1788 2019 2134 2238 2491 2760 2995 3063 3145 3248 3542 3577 3834 4101 4187 4249 4468 4736 4957 5152 5411 5622 5829 5892 5913 5949 6098 6121

5 82
152 245 336 567 691

24 84
132 447 716 879 911 978 1042 1301 1463 1484 1695 1983 2128 2166 2314 2544 2815 2844 3012 3285 3589 3911 4130 4380

21 43
141 196 280 354 405 532 607 714 798 844 951 1009 1033 1180 1232 1252 1396 1440 1551 1662 1760

18 12
10 41 78 126 168 188 223 261 302 311 341 376 402 419 453 487 517 550

100 48
37 166 326 495 533 567 718 870 891 908 1090 1121 1313 1374 1539 1629 1680 1698 1734 1750 1901 1976 1999 2138 2223 2400 2510 2679 2839 2868 2889 2901 2913 3005 3077 3149 3242 3409 3474 3507 3576 3766 3812 3845 4022 4116 4153 4293 4338 4424 4460 4618 4701 4767 4916 4943 5061 5216 5319 5364 5431 5559 5743 5815 5948 5965 6031 6190 6340 6455 6524 6568 6663 6716 6836 6999 7033 7190 7345 7422 7566 7743 7805 7889 8012 8125 8197 8350 8459 8545 8640 8802 8921 9062 9121 9178 9207 9294 9400 9483

36 4
13 23 39 47 63 79 84 97 105 116 131 141 157 167 179 180 196 198 207 210 212 226 233 234 244 251 266 281 284 293 304 315 321 337 347 360

94 32
47 157 217 285 390 436 499 518 599 669 709 747 762 785 870 937 1044 1132 1213 1277 1386 1451 1558 1608 1663 1728 1829 1860 1962 2078 2134 2240 2340 2391 2502 2629 2688 2758 2863 2958 3004 3013 3110 3148 3226 3353 3373 3420 3440 3466 3567 3651 3758 3830 3877 3921 3987 3999 4027 4128 4194 4270 4358 4471 4496 4540 4607 4647 4773 4827 4853 4951 5024 5032 5113 5240 5349 5446 5493 5621 5665 5786 5854 5943 5976 6006 6016 6136 6249 6356 6477 6513 6550 6676

16 47
186 346 445 530 604 665 755 943 1002 1127 1251 1282 1407 1425 1577 1617

38 96
202 537 703 1042 1092 1411 1792 2101 2276 2655 2742 2785 2858 3112 3309 3584 3669 3906 4093 4456 4823 4948 5003 5329 5658 5816 6055 6264 6354 6602 6918 7154 7437 7594 7825 8180 8551 8824

55 49
75 161 198 391 467 650 802 925 1078 1202 1292 1403 1487 1561 1644 1704 1737 1754 1795 1975 2135 2293 2483 2502 2629 2727 2900 2938 2990 3028 3071 3095 3280 3348 3527 3556 3648 3692 3806 3842 4019 4135 4291 4406 4470 4512 4689 4805 4937 5040 5086 5157 5277 5457 5590

67 58
118 227 276 297 526 549 666 726 890 1058 1283 1464 1478 1512 1557 1701 1776 1856 2025 2079 2129 2283 2421 2587 2705 2749 2923 2968 3098 3183 3311 3346 3405 3573 3642 3851 3964 4094 4279 4323 4488 4591 4651 4748 4939 5061 5105 5277 5323 5349 5477 5585 5780 5911 6138 6247 6304 6440 6501 6627 6653 6717 6878 6895 7110 7310 7507

32 77
132 179 474 701 966 1086 1243 1467 1549 1825 2116 2374 2652 2884 2968 3168 3224 3249 3507 3811 3839 3963 4231 4529 4657 4885 4972 5080 5224 5457 5675 5962

78 69
167 404 463 660 684 832 1039 1272 1425 1495 1674 1825 1956 2091 2183 2251 2330 2593 2718 2859 3089 3264 3532 3713 3814 4055 4151 4215 4359 4385 4571 4741 4950 5173 5438 5456 5598 5861 6026 6144 6271 6304 6374 6613 6723 6921 7022 7295 7332 7448 7488 7760 8014 8162 8212 8298 8476 8535 8718 8836 8996 9147 9416 9689 9821 10065 10313 10450 10597 10833 11059 11101 11293 11548 11764 11992 12207 12244

70 4
9 14 24 30 42 51 58 69 72 78 93 104 110 113 114 127 139 154 164 169 170 172 184 198 203 209 218 230 234 235 242 251 267 280 289 297 301 310 317 324 327 338 348 357 371 379 387 399 405 412 424 438 444 453 466 477 485 491 500 502 509 519 529 543 547 559 563 577 592 608

67 36
63 178 298 328 437 474 605 687 802 897 965 1011 1116 1198 1228 1351 1452 1468 1481 1576 1598 1721 1762 1904 1995 2070 2093 2109 2236 2279 2335 2368 2452 2478 2490 2592 2686 2777 2876 2910 2930 2981 3071 3189 3207 3340 3382 3517 3659 3703 3743 3829 3915 4014 4135 4232 4354 4406 4461 4561 4615 4651 4785 4848 4949 4974 5031

91 45
16 111 163 203 354 371 505 573 669 687 768 815 836 991 1143 1276 1352 1420 1595 1650 1759 1906 1974 2147 2170 2349 2465 2625 2797 2866 3021 3097 3146 3201 3279 3393 3447 3544 3622 3752 3832 3942 4039 4217 4250 4291 4345 4509 4638 4790 4826 4912 5074 5141 5255 5419 5539 5664 5814 5950 6070 6154 6225 6345 6431 6491 6546 6564 6617 6702 6841 6986 7113 7150 7234 7253 7425 7538 7613 7647 7783 7898 7949 8049 8221 8370 8440 8574 8598 8643 8685

23 77
118 318 438 716 975 1230 1391 1431 1468 1685 1875 2138 2235 2408 2533 2811 3096 3199 3417 3505 3643 3710 3879

79 18
73 113 159 224 235 266 281 306 316 322 357 429 442 450 521 571 613 629 635 692 738 774 842 914 962 1032 1042 1077 1097 1125 1177 1191 1221 1275 1290 1347 1398 1437 1504 1521 1543 1556 1599 1654 1708 1767 1802 1870 1890 1952 1997 2019 2035 2050 2085 2146 2209 2281 2312 2348 2418 2486 2537 2603 2668 2719 2737 2755 2809 2820 2854 2886 2958 2982 3020 3067 3107 3159 3170

25 26
101 201 242 327 414 460 500 602 659 724 805 856 920 1008 1103 1178 1215 1262 1321 1413 1466 1472 1486 1564 1658

23 72
128 283 371 498 715 934 1069 1334 1396 1664 1803 2079 2183 2259 2493 2541 2587 2823 3037 3108 3328 3571 3805

