43
72 93
101 363 526 717 1083 1275 1395 1430 1769 1936 2179 2372 2688 2901 3054 3413 3677 3998 4302 4467 4733 4933 5225 5411 5731 6057 6268 6593 6960 7042 7248 7560 7680 7858 8075 8400 8675 8777 8853 8929 9145 9183 9355 9497 9687 9731 10025 10369 10392 10542 10844 10988 11013 11363 11531 11559 11871 12070 12239 12354 12623 12734 12937 13190 13477 13784 14112 14230 14306 14484 14788 15155

22 93
303 605 694 726 1063 1228 1583 1731 2043 2165 2268 2463 2721 2820 3159 3453 3525 3583 3814 4185 4328 4403

94 36
76 114 136 164 193 283 308 383 421 564 664 789 902 989 1043 1118 1246 1368 1394 1454 1499 1509 1617 1681 1741 1874 1973 2026 2044 2123 2235 2330 2396 2502 2554 2627 2691 2827 2907 3005 3066 3081 3185 3261 3353 3438 3453 3596 3664 3702 3805 3905 3946 4034 4142 4230 4372 4483 4547 4556 4653 4668 4811 4933 4945 5026 5124 5192 5222 5303 5328 5429 5566 5638 5733 5793 5836 5958 6016 6032 6154 6278 6325 6451 6557 6681 6748 6842 6868 6964 6995 7057 7146 7198

100 11
39 52 91 111 140 180 220 231 268 275 308 334 341 379 404 432 459 488 501 544 573 597 627 639 682 689 704 740 776 800 830 848 862 906 921 955 998 1006 1047 1089 1107 1127 1132 1144 1153 1155 1197 1199 1220 1224 1238 1243 1270 1288 1311 1350 1372 1390 1412 1439 1477 1500 1519 1547 1583 1625 1663 1691 1695 1735 1755 1758 1776 1808 1846 1851 1860 1876 1919 1947 1981 1995 2033 2040 2063 2085 2122 2137 2159 2186 2208 2250 2280 2300 2306 2332 2354 2385 2412 2430

47 52
27 99 176 334 479 680 848 1017 1099 1192 1255 1378 1450 1515 1535 1705 1862 2065 2134 2290 2460 2540 2742 2932 3108 3192 3254 3370 3400 3494 3584 3641 3687 3749 3914 3965 3996 4168 4297 4365 4445 4637 4806 4984 5150 5168 5186

38 65
189 273 408 449 612 811 1017 1269 1299 1334 1557 1682 1833 2087 2165 2328 2348 2570 2825 2988 3167 3202 3393 3502 3730 3923 4166 4263 4454 4545 4623 4874 4961 5016 5052 5285 5401 5574

17 3
12 20 23 26 35 45 48 49 61 73 79 83 87 98 100 107 113

21 47
117 296 445 469 591 716 784 823 927 1010 1122 1245 1268 1451 1539 1697 1797 1929 2073 2116 2197

29 101
77 158 414 611 1001 1331 1727 1772 1981 2178 2243 2460 2665 2870 3274 3591 3921 4167 4369 4571 4753 4869 4922 5009 5252 5655 5938 6162 6387

78 54
102 289 326 468 591 738 943 1135 1281 1446 1474 1628 1824 1918 2012 2224 2352 2443 2468 2661 2686 2853 3067 3149 3347 3496 3615 3636 3740 3942 4036 4185 4262 4381 4499 4666 4757 4821 4935 5012 5140 5316 5431 5491 5603 5618 5833 5969 6165 6214 6264 6352 6387 6539 6579 6651 6702 6779 6854 6923 6945 6998 7111 7173 7239 7448 7538 7656 7669 7707 7867 7898 8020 8090 8117 8178 8281 8410

15 16
52 72 123 179 237 255 309 325 364 408 447 460 481 543 584

66 77
173 274 494 758 827 994 1112 1401 1495 1720 1796 2014 2246 2373 2664 2905 3173 3408 3637 3699 3895 4142 4307 4330 4529 4699 4789 4997 5080 5104 5127 5280 5523 5726 6018 6157 6347 6493 6734 6977 7089 7111 7228 7354 7409 7636 7868 8104 8153 8306 8492 8531 8786 8821 8900 9036 9214 9251 9434 9702 9956 10036 10114 10227 10465 10708

26 78
216 319 394 661 841 1014 1282 1580 1644 1733 1810 2096 2227 2397 2429 2616 2916 3036 3149 3279 3407 3627 3905 4191 4253 4473

78 82
189 331 634 829 1048 1248 1539 1818 1954 2244 2528 2572 2742 3004 3038 3328 3581 3854 3898 3947 4240 4397 4466 4722 5021 5156 5196 5259 5531 5704 5819 6065 6123 6376 6444 6696 6952 7156 7434 7582 7621 7925 8084 8341 8540 8607 8740 8944 9221 9474 9589 9714 9768 9978 10088 10349 10602 10689 10964 11271 11311 11387 11638 11965 12002 12191 12237 12303 12414 12583 12644 12886 13213 13390 13613 13911 14220 14327

40 62
220 434 519 732 938 970 1079 1154 1290 1318 1364 1565 1667 1789 1837 1959 2020 2097 2217 2263 2433 2542 2687 2873 2973 3204 3353 3552 3625 3805 3991 4096 4299 4372 4608 4713 4897 5090 5168 5338

26 86
167 301 640 941 1160 1390 1471 1753 2039 2262 2458 2728 2980 3029 3354 3561 3868 3935 4085 4340 4598 4690 4974 5289 5395 5443

79 16
37 61 86 106 135 189 247 296 340 397 447 461 506 518 525 589 623 659 686 694 751 793 815 852 877 913 976 1031 1073 1097 1113 1137 1161 1218 1273 1278 1284 1334 1382 1424 1477 1495 1554 1579 1613 1664 1668 1718 1743 1774 1833 1872 1929 1969 2027 2062 2073 2109 2164 2228 2260 2281 2343 2383 2425 2453 2471 2488 2515 2575 2616 2645 2685 2725 2747 2789 2799 2853 2861

45 37
11 91 149 279 411 556 596 685 805 932 949 1059 1185 1327 1428 1565 1574 1659 1781 1905 1920 2043 2176 2195 2292 2314 2452 2505 2539 2605 2742 2771 2897 2997 3022 3141 3160 3280 3413 3434 3446 3468 3532 3602 3627

37 26
15 50 136 164 240 305 401 472 508 591 609 710 773 794 853 953 964 1053 1117 1194 1239 1332 1415 1498 1549 1629 1693 1748 1846 1869 1911 1965 1995 2098 2145 2212 2274

58 91
235 303 377 450 524 550 703 822 1110 1369 1709 1823 2136 2463 2661 2766 3046 3094 3132 3196 3533 3808 4142 4337 4658 4764 4838 4991 5065 5316 5597 5849 6010 6034 6153 6277 6546 6774 6920 7121 7244 7357 7460 7680 7897 8035 8239 8348 8525 8582 8731 8815 9139 9363 9494 9718 9851 9877

95 31
17 123 189 232 286 369 458 536 599 613 654 725 797 829 882 895 980 1002 1012 1080 1141 1202 1321 1416 1454 1568 1608 1620 1661 1751 1761 1878 1962 1993 2015 2024 2044 2083 2195 2213 2229 2309 2392 2408 2508 2597 2633 2676 2777 2879 2965 2984 3023 3132 3142 3169 3289 3332 3351 3391 3481 3597 3651 3751 3816 3826 3859 3972 4040 4087 4119 4219 4236 4246 4332 4379 4406 4503 4587 4621 4740 4834 4898 4908 4933 5011 5123 5148 5252 5354 5433 5509 5563 5660 5775

80 86
182 212 269 327 631 829 995 1227 1405 1473 1661 1879 2205 2534 2777 2802 2880 3001 3241 3472 3657 3721 3973 4082 4261 4530 4740 4969 5178 5278 5400 5622 5698 5850 5986 6029 6113 6323 6379 6508 6803 7040 7225 7296 7318 7415 7490 7788 8089 8426 8611 8924 9104 9296 9537 9737 9784 9811 10149 10389 10584 10839 10861 11101 11272 11545 11840 12055 12128 12216 12554 12856 13059 13373 13649 13816 14113 14277 14526 14553

44 22
37 60 75 144 172 258 280 302 321 357 438 483 529 607 626 644 657 704 728 747 793 815 845 885 970 1041 1054 1062 1069 1081 1111 1118 1193 1213 1275 1287 1329 1384 1438 1520 1569 1644 1704 1719

62 77
149 360 387 688 907 1001 1194 1326 1520 1620 1840 2123 2386 2646 2775 2921 3096 3402 3698 3902 3955 4127 4370 4491 4696 4779 5024 5090 5257 5482 5661 5853 6049 6266 6427 6501 6598 6630 6925 7193 7339 7407 7437 7502 7563 7700 7829 7966 8190 8229 8425 8533 8703 8726 9015 9163 9374 9476 9640 9720 9968 10043

86 40
21 139 167 192 309 441 477 583 641 790 914 1066 1153 1253 1326 1336 1357 1482 1584 1627 1774 1934 2051 2119 2183 2257 2410 2447 2506 2664 2687 2825 2874 2960 3025 3105 3196 3301 3392 3423 3533 3598 3744 3855 3910 4069 4131 4158 4243 4318 4358 4508 4554 4589 4733 4822 4936 5029 5165 5312 5448 5608 5696 5772 5925 6079 6095 6214 6314 6371 6482 6557 6614 6687 6779 6812 6883 6909 6922 6968 7020 7137 7194 7263 7370 7409

89 55
100 193 366 556 625 787 982 1187 1366 1548 1731 1879 1942 1995 2196 2301 2357 2436 2610 2695 2910 3096 3179 3230 3276 3400 3464 3656 3842 3982 4181 4313 4455 4634 4683 4747 4901 4942 5105 5284 5437 5473 5620 5824 5897 5996 6140 6247 6344 6526 6714 6855 6976 7162 7311 7353 7470 7591 7694 7833 7953 8024 8121 8147 8227 8371 8492 8531 8667 8779 8926 9025 9155 9346 9431 9458 9597 9701 9888 9984 10166 10261 10450 10553 10645 10814 10961 11047 11140

53 50
140 297 421 574 757 895 916 948 977 1007 1131 1282 1341 1518 1663 1777 1889 2032 2075 2245 2338 2525 2683 2720 2860 2971 3047 3171 3211 3247 3288 3333 3497 3620 3728 3827 3840 3921 4075 4154 4317 4372 4458 4643 4707 4771 4963 5025 5129 5297 5333 5488 5550

55 46
87 144 218 398 467 595 611 697 732 831 909 1022 1134 1300 1369 1418 1521 1658 1763 1932 2020 2137 2196 2311 2478 2499 2535 2661 2843 2972 3152 3168 3229 3270 3315 3402 3528 3573 3592 3640 3728 3771 3829 3878 3927 3938 4091 4262 4380 4409 4463 4528 4583 4622 4793

63 95
298 630 663 799 1005 1267 1384 1512 1615 1867 1989 2235 2480 2644 2807 2923 3182 3363 3666 3810 4032 4269 4474 4768 4943 4988 5337 5474 5595 5777 5806 6058 6249 6506 6557 6708 6926 7091 7238 7313 7381 7681 7776 7974 8265 8305 8634 8723 8798 9108 9481 9546 9711 9815 9856 10013 10383 10733 11000 11257 11445 11723 12024

91 90
78 209 396 451 607 680 742 939 1010 1173 1281 1511 1718 1885 2184 2389 2514 2549 2833 2973 3140 3340 3653 3690 3733 4059 4328 4673 4789 5053 5405 5620 5871 5999 6075 6132 6310 6631 6888 7134 7492 7515 7788 8102 8139 8480 8702 8995 9116 9188 9442 9679 9895 9919 9998 10257 10489 10650 10749 10835 11084 11389 11477 11566 11841 11864 11977 12332 12643 12692 12906 12991 13331 13355 13697 13749 13919 14221 14332 14432 14588 14935 15272 15468 15511 15794 15833 16014 16215 16250 16477

1 9
23

24 59
77 173 308 497 715 878 912 1091 1199 1385 1433 1557 1676 1835 1951 2036 2271 2505 2737 2861 2927 3060 3101 3193

19 72
58 292 353 391 660 899 1106 1192 1313 1571 1654 1885 2149 2265 2305 2514 2802 3036 3093

9 90
60 261 301 529 648 902 1102 1246 1299

53 55
26 64 251 298 391 470 536 561 676 746 876 1084 1261 1353 1429 1566 1775 1807 1999 2124 2220 2409 2506 2708 2800 2891 3071 3136 3331 3532 3606 3814 3988 4115 4140 4201 4222 4344 4496 4667 4746 4932 4991 5142 5337 5425 5440 5504 5597 5699 5839 5964 6004

39 33
129 193 244 300 327 374 482 599 691 823 923 1024 1144 1189 1311 1385 1479 1513 1536 1565 1661 1777 1786 1832 1937 2055 2076 2098 2123 2201 2257 2346 2444 2573 2704 2791 2854 2887 2907

32 34
114 204 261 393 470 548 587 649 685 793 828 960 1017 1132 1207 1337 1353 1372 1388 1486 1496 1623 1686 1769 1820 1866 1944 1987 2053 2178 2309 2357

101 49
131 181 223 284 300 424 476 599 734 842 990 1004 1095 1156 1285 1340 1397 1531 1565 1713 1855 1879 2070 2169 2349 2523 2625 2661 2719 2771 2885 2941 3076 3150 3282 3345 3478 3632 3667 3803 3934 3956 4038 4214 4367 4464 4478 4647 4765 4832 4868 4900 5055 5170 5188 5298 5321 5426 5493 5518 5641 5787 5908 5977 6058 6140 6287 6435 6623 6729 6913 7090 7241 7406 7459 7497 7597 7704 7784 7974 8123 8137 8322 8437 8509 8596 8680 8846 9016 9191 9283 9313 9488 9630 9662 9776 9925 10086 10171 10241 10300

101 86
204 312 585 652 903 1136 1411 1609 1637 1972 2314 2598 2711 3020 3260 3585 3627 3677 3726 4034 4071 4249 4515 4547 4663 4850 5116 5180 5203 5321 5409 5569 5745 5909 6206 6389 6467 6602 6908 6995 7241 7345 7641 7783 7926 7964 8135 8270 8425 8699 9004 9044 9275 9484 9724 9790 9811 10097 10179 10264 10596 10666 10938 11261 11547 11653 11965 12196 12491 12718 12873 13191 13494 13682 13706 13775 14007 14250 14410 14690 15017 15359 15554 15830 16050 16373 16536 16561 16609 16791 17066 17115 17342 17665 17783 17810 18032 18205 18320 18604 18672

73 74
197 324 483 562 800 832 927 1024 1299 1488 1781 1870 2135 2357 2566 2666 2926 3198 3270 3520 3676 3936 3964 4244 4448 4522 4776 4937 5149 5295 5449 5475 5767 6001 6200 6226 6389 6653 6697 6924 7102 7126 7328 7403 7686 7815 8045 8115 8383 8523 8594 8700 8775 9009 9028 9255 9510 9711 9814 9955 10133 10298 10335 10602 10638 10691 10885 10965 11097 11391 11469 11569 11601

26 34
104 145 231 289 371 405 421 446 487 564 588 705 715 741 841 962 991 1027 1135 1208 1220 1352 1466 1559 1577 1697

37 77
230 293 472 749 869 1169 1416 1521 1620 1777 2021 2288 2451 2618 2809 3022 3283 3473 3672 3872 3967 4186 4244 4489 4574 4710 5004 5134 5433 5612 5816 6058 6099 6191 6215 6342 6389

37 69
249 273 547 717 786 854 994 1055 1080 1199 1245 1403 1544 1753 1843 2016 2106 2173 2279 2373 2507 2738 2939 3167 3258 3402 3455 3641 3898 4095 4210 4238 4451 4554 4815 5046 5194

