38
100 90
159 471 758 871 1084 1417 1581 1728 1796 1977 2072 2417 2505 2704 2927 3017 3101 3357 3486 3630 3784 3973 4070 4239 4466 4669 4810 4867 4975 5141 5415 5630 5812 6080 6258 6516 6664 6787 6931 7205 7307 7374 7587 7640 7945 8004 8091 8166 8526 8703 8864 9166 9472 9808 10061 10191 10534 10866 10901 10985 11132 11195 11299 11537 11572 11867 12178 12386 12656 12920 13220 13430 13548 13794 14128 14153 14500 14789 14868 15178 15464 15491 15767 15981 16095 16190 16360 16685 16802 17029 17342 17626 17852 18135 18237 18525 18657 18873 19183 19339

89 35
107 178 315 365 492 513 537 615 702 821 844 894 927 1047 1182 1252 1317 1378 1465 1487 1514 1636 1756 1849 1968 2090 2104 2135 2238 2281 2347 2426 2474 2605 2680 2722 2814 2893 2932 2984 3121 3186 3200 3281 3299 3371 3494 3614 3649 3705 3737 3747 3871 3961 4082 4145 4285 4361 4470 4513 4539 4630 4764 4818 4937 5005 5111 5217 5290 5421 5544 5570 5617 5675 5689 5748 5825 5935 6062 6195 6234 6243 6301 6371 6430 6554 6577 6713 6738

93 28
96 154 191 214 243 325 377 450 540 625 735 748 760 872 960 1033 1144 1175 1185 1217 1318 1376 1480 1493 1582 1648 1697 1729 1793 1812 1820 1883 1941 2052 2092 2100 2151 2160 2236 2275 2361 2411 2441 2502 2544 2628 2710 2717 2816 2839 2861 2879 2911 2943 3025 3076 3094 3149 3171 3278 3361 3445 3499 3511 3533 3553 3650 3731 3812 3920 4027 4067 4117 4131 4230 4307 4330 4354 4447 4522 4582 4594 4671 4763 4773 4790 4879 4887 4970 5070 5181 5236 5345

40 92
51 306 653 741 774 816 916 1013 1260 1541 1690 2049 2364 2617 2793 3082 3324 3576 3716 4077 4442 4524 4769 4894 5119 5384 5456 5804 5876 6028 6111 6226 6532 6791 7103 7229 7285 7393 7520 7566

14 49
165 179 240 317 445 489 570 634 754 916 983 1129 1191 1321

63 18
61 93 146 203 264 300 336 404 430 441 485 512 523 565 611 675 689 706 734 785 790 855 865 895 949 976 1039 1067 1093 1151 1194 1198 1205 1225 1296 1318 1322 1349 1413 1470 1524 1535 1596 1605 1670 1691 1697 1756 1805 1809 1854 1888 1893 1906 1944 1971 2010 2019 2065 2093 2142 2146 2155

12 55
17 90 150 206 425 534 710 743 800 883 923 1046

36 15
46 92 122 147 199 214 253 267 292 351 382 418 460 503 548 564 591 623 647 682 693 715 758 782 818 833 844 898 925 950 984 1037 1061 1118 1140 1191

31 1
3 6 7 9 9 12 12 14 16 18 21 23 27 31 34 35 38 41 42 42 43 45 46 47 48 49 52 52 53 54 57

43 63
137 335 486 710 832 904 982 1063 1193 1214 1340 1491 1670 1914 2114 2345 2505 2563 2759 2989 3106 3183 3296 3386 3477 3718 3901 4028 4126 4320 4554 4741 4860 4914 5108 5233 5337 5533 5625 5663 5891 6026 6159

43 86
178 309 446 629 851 962 1059 1204 1390 1655 1829 1960 2168 2241 2553 2874 2976 3210 3250 3517 3614 3728 4033 4173 4226 4322 4584 4803 4842 5122 5155 5307 5410 5560 5800 6122 6416 6465 6521 6581 6875 6916 6961

19 66
70 173 296 348 516 705 780 862 923 1019 1074 1250 1303 1448 1569 1775 1876 2018 2222

12 35
37 69 97 160 271 304 357 486 558 678 767 880

46 53
38 66 161 290 472 561 651 730 794 880 975 1045 1254 1326 1395 1520 1708 1909 2057 2100 2235 2341 2458 2609 2686 2727 2855 3063 3212 3283 3476 3625 3722 3736 3774 3914 4079 4149 4343 4374 4472 4586 4627 4695 4899 5067

41 41
71 142 265 377 530 566 625 742 901 915 934 1059 1096 1251 1282 1301 1326 1350 1406 1495 1595 1611 1755 1774 1847 1939 2029 2043 2143 2221 2320 2379 2508 2665 2698 2847 2972 3051 3153 3185 3232

42 30
70 98 174 241 316 335 361 421 441 456 536 649 722 744 810 849 912 924 959 1042 1082 1192 1272 1300 1395 1488 1523 1548 1592 1700 1808 1886 1903 1915 2016 2065 2075 2138 2198 2257 2289 2324

33 60
166 341 400 569 784 1024 1226 1435 1452 1526 1591 1606 1838 1928 2087 2279 2456 2511 2747 2766 2843 3053 3228 3462 3631 3719 3814 3862 4041 4163 4292 4325 4451

47 89
70 109 429 755 886 1071 1373 1561 1607 1931 1968 2091 2330 2364 2471 2647 2858 3084 3222 3318 3549 3645 3915 4058 4245 4438 4481 4695 4867 5152 5405 5484 5670 5985 6323 6654 6924 7161 7382 7726 7950 8166 8325 8673 8871 8893 9094

52 91
150 294 656 682 1007 1119 1233 1469 1687 1730 2001 2279 2596 2944 3153 3447 3529 3778 4129 4275 4492 4780 4992 5093 5121 5444 5682 5881 6143 6339 6583 6707 7054 7208 7258 7561 7797 7976 8075 8312 8485 8613 8899 9208 9525 9799 10126 10423 10678 10968 10990 11192

13 5
16 19 25 35 42 62 70 74 78 90 109 127 147

70 52
124 273 427 441 517 661 680 716 808 950 1027 1234 1315 1452 1559 1588 1640 1703 1718 1744 1927 2039 2218 2391 2570 2657 2778 2983 3098 3168 3259 3370 3515 3612 3742 3885 3901 4076 4183 4215 4293 4439 4559 4765 4852 5010 5045 5072 5279 5365 5564 5592 5711 5741 5825 5886 5982 6089 6183 6254 6442 6650 6680 6801 6838 6905 7009 7067 7091 7253

98 82
53 249 369 404 443 736 924 1096 1217 1534 1827 1982 2112 2204 2460 2608 2629 2694 2845 3156 3443 3686 4013 4252 4555 4644 4903 5062 5142 5354 5546 5570 5700 6027 6206 6320 6641 6815 6966 7136 7209 7455 7570 7878 8016 8220 8274 8530 8691 8964 9046 9367 9412 9591 9767 9944 9991 10302 10611 10782 11026 11295 11330 11653 11732 12049 12156 12333 12621 12883 13147 13404 13500 13703 13745 13805 13921 13992 14271 14449 14630 14935 15106 15288 15467 15738 16009 16190 16224 16358 16585 16782 16875 17080 17100 17124 17399 17640

2 7
20 28

50 76
174 242 359 645 671 691 787 1010 1168 1341 1466 1495 1569 1770 2005 2109 2333 2381 2432 2572 2647 2920 2947 3100 3179 3469 3706 3890 3921 4142 4363 4642 4781 5036 5254 5388 5567 5622 5868 6080 6262 6463 6609 6672 6771 6983 7246 7472 7722 7910

62 16
22 51 82 132 179 216 259 269 302 356 393 418 464 500 534 563 617 645 686 699 754 798 854 869 887 914 976 1005 1010 1021 1057 1065 1084 1092 1139 1203 1244 1301 1317 1364 1381 1425 1449 1488 1512 1560 1600 1664 1689 1751 1813 1824 1885 1945 1953 1958 1992 2017 2053 2082 2132 2179

66 16
57 112 141 179 187 200 204 221 239 267 312 369 418 469 525 585 596 652 681 735 754 807 838 861 918 947 974 992 1052 1061 1089 1149 1205 1232 1237 1247 1255 1276 1322 1362 1417 1443 1499 1552 1614 1649 1688 1746 1787 1819 1850 1887 1908 1938 1973 2020 2041 2061 2068 2120 2168 2186 2201 2208 2264 2288

76 59
172 400 437 626 796 1006 1061 1085 1200 1321 1557 1760 1972 2007 2064 2128 2219 2249 2330 2539 2584 2625 2799 3029 3053 3135 3356 3578 3631 3771 3953 4094 4234 4333 4568 4588 4678 4896 5108 5129 5332 5375 5467 5639 5786 5832 5905 5995 6086 6132 6316 6512 6627 6840 7020 7164 7280 7500 7518 7592 7733 7815 7860 8050 8181 8395 8584 8682 8743 8822 8908 8949 9029 9258 9288 9339

46 54
157 279 348 442 501 544 582 732 758 912 939 955 1108 1307 1405 1443 1557 1608 1641 1662 1754 1833 1940 2145 2314 2523 2546 2761 2967 3112 3266 3438 3575 3776 3820 3925 4013 4148 4221 4280 4394 4585 4726 4914 5017 5168

59 26
27 68 74 107 200 267 317 354 441 507 545 574 629 695 765 786 835 911 959 1024 1092 1131 1220 1281 1347 1422 1488 1497 1585 1684 1697 1780 1869 1949 2005 2101 2149 2207 2229 2280 2293 2371 2397 2501 2569 2671 2677 2688 2741 2830 2894 2960 2979 3044 3121 3143 3240 3320 3386

27 93
76 269 398 480 609 677 1021 1251 1582 1832 1897 2201 2376 2725 3020 3083 3427 3542 3823 4067 4146 4260 4589 4668 4874 4970 5122

19 71
182 396 419 614 747 938 1175 1254 1345 1435 1526 1657 1804 2051 2079 2143 2283 2314 2478

5 11
17 25 27 33 61

74 64
243 383 509 672 837 867 1072 1243 1266 1400 1473 1537 1609 1852 1992 2197 2335 2484 2671 2794 2988 3088 3166 3357 3484 3531 3635 3662 3762 4010 4191 4443 4570 4749 4946 5076 5166 5387 5501 5720 5885 5961 6092 6272 6513 6533 6715 6850 6985 7150 7218 7337 7565 7604 7842 7956 8051 8262 8282 8491 8585 8783 8962 9181 9393 9547 9752 9790 9924 10149 10398 10509 10746 10856

13 66
202 252 401 458 609 810 921 1143 1361 1616 1707 1772 1983

51 66
71 278 335 539 684 721 949 1086 1242 1500 1623 1777 1883 2038 2250 2329 2440 2582 2696 2784 2819 2848 3096 3164 3361 3474 3684 3809 3913 4130 4195 4219 4251 4316 4491 4535 4605 4647 4797 4853 4879 4951 5211 5238 5391 5596 5634 5877 5922 6004 6094

77 60
152 343 374 578 593 739 763 834 960 1102 1275 1378 1596 1624 1698 1799 1839 1944 2053 2091 2157 2258 2431 2467 2622 2812 2964 3070 3104 3319 3495 3574 3746 3908 4060 4267 4354 4407 4628 4752 4834 5065 5265 5330 5468 5658 5693 5901 5950 5965 6076 6098 6175 6390 6484 6612 6679 6917 6945 7075 7108 7250 7483 7529 7558 7669 7837 7946 8033 8197 8365 8427 8592 8674 8836 8854 9055

32 53
113 151 176 239 400 564 618 729 868 948 1061 1218 1389 1528 1586 1719 1792 1879 2068 2250 2299 2318 2499 2589 2625 2714 2784 2824 2855 3058 3261 3303

25 82
234 417 497 675 820 1132 1226 1522 1679 1928 2200 2392 2577 2666 2774 3066 3236 3332 3656 3908 4051 4278 4331 4529 4573

