15
99 29
8 56 84 97 136 250 313 400 458 539 651 709 817 901 955 966 1053 1089 1172 1196 1226 1314 1341 1397 1419 1467 1484 1550 1641 1724 1748 1768 1778 1826 1919 1966 2078 2099 2134 2162 2184 2277 2356 2375 2385 2497 2513 2629 2742 2843 2850 2964 2999 3036 3095 3115 3141 3162 3183 3244 3330 3387 3493 3556 3659 3701 3765 3773 3782 3885 3894 3909 3940 4045 4078 4098 4147 4200 4297 4351 4461 4494 4501 4518 4553 4632 4682 4749 4790 4821 4895 4988 5079 5151 5253 5275 5304 5368 5462

68 55
146 178 232 405 435 636 856 895 971 1115 1172 1249 1453 1632 1685 1712 1843 2019 2172 2230 2281 2328 2430 2542 2608 2780 2854 2940 3027 3056 3202 3422 3608 3722 3853 4054 4096 4203 4383 4411 4611 4813 4860 4913 5060 5280 5440 5646 5863 6002 6097 6218 6374 6552 6585 6742 6872 6968 7165 7371 7500 7597 7635 7841 7918 8123 8259 8331

50 74
69 102 177 200 293 367 615 644 807 985 1198 1303 1385 1408 1697 1718 1742 1877 2083 2216 2490 2523 2600 2841 2899 3112 3252 3515 3642 3890 3974 4007 4231 4488 4656 4674 4816 4910 5067 5223 5507 5657 5760 5907 6096 6369 6581 6772 7012 7290

27 27
33 101 175 198 213 295 354 390 409 466 506 572 678 778 851 959 994 1097 1119 1150 1194 1217 1271 1319 1400 1408 1487

78 13
7 53 97 124 157 160 178 209 241 251 291 326 367 376 402 410 454 496 509 539 563 598 613 629 671 676 685 706 738 783 822 843 880 911 924 956 976 1010 1059 1090 1129 1152 1184 1216 1223 1249 1287 1314 1324 1339 1391 1416 1428 1438 1460 1477 1518 1559 1605 1641 1653 1688 1697 1709 1723 1726 1729 1781 1814 1847 1858 1865 1890 1936 1948 1961 2011 2030

74 45
15 127 264 343 510 596 766 917 972 1103 1164 1286 1341 1415 1441 1535 1651 1701 1743 1848 1871 1947 2049 2098 2226 2376 2471 2588 2706 2827 2956 2972 3119 3234 3379 3396 3428 3558 3615 3651 3717 3828 3967 4092 4240 4303 4390 4529 4568 4593 4736 4871 4909 4964 5095 5135 5224 5310 5368 5487 5519 5629 5737 5798 5880 5976 6039 6058 6225 6299 6343 6371 6531 6703

48 33
37 155 211 309 337 370 425 539 635 712 774 876 924 1041 1144 1258 1311 1438 1514 1612 1659 1715 1808 1838 1858 1933 2025 2126 2156 2277 2327 2450 2536 2597 2627 2737 2844 2866 2894 2934 3041 3146 3257 3381 3453 3488 3605 3697

88 19
71 134 205 243 288 316 371 393 401 428 459 473 526 568 614 665 711 736 758 786 819 879 925 935 971 1045 1085 1089 1128 1175 1243 1315 1383 1428 1450 1478 1554 1573 1633 1697 1771 1777 1834 1900 1975 1987 2040 2062 2131 2155 2203 2272 2307 2374 2440 2501 2516 2567 2589 2637 2662 2705 2709 2748 2817 2828 2833 2876 2940 2984 2995 3067 3116 3122 3129 3135 3199 3208 3279 3322 3347 3390 3433 3474 3514 3520 3543 3597

49 32
123 189 257 365 428 436 478 502 595 715 820 853 894 985 1089 1143 1249 1305 1392 1432 1526 1588 1690 1733 1827 1943 2060 2180 2246 2267 2321 2364 2487 2574 2641 2688 2788 2855 2891 3005 3131 3205 3333 3375 3429 3459 3498 3595 3662

37 52
80 171 349 545 743 775 973 1053 1118 1297 1371 1390 1548 1565 1769 1783 1894 2083 2239 2432 2477 2563 2681 2817 3002 3204 3217 3289 3446 3543 3559 3725 3801 3987 4160 4306 4333

52 15
18 30 76 136 180 212 263 319 373 429 463 512 545 568 587 635 677 702 736 785 799 811 834 885 906 936 968 984 1030 1055 1115 1140 1159 1211 1266 1302 1340 1380 1425 1461 1514 1521 1524 1558 1596 1624 1633 1657 1688 1737 1765 1778

48 56
195 393 438 507 676 866 1067 1237 1436 1593 1660 1870 2004 2209 2307 2514 2705 2806 2901 3103 3152 3200 3281 3500 3532 3633 3764 3880 3999 4017 4062 4098 4261 4335 4395 4494 4625 4759 4941 5002 5187 5344 5522 5602 5737 5753 5887 5970

3 24
88 148 198

30 101
208 274 479 621 933 1204 1547 1898 1928 2139 2334 2391 2764 3167 3259 3477 3671 4042 4166 4330 4561 4691 4902 4958 5292 5584 5658 5987 6346 6609

4 95
285 423 691 1030

