16
91 36
145 186 285 411 434 449 469 613 660 766 872 917 1032 1155 1206 1320 1406 1532 1621 1692 1749 1782 1897 1962 2100 2205 2344 2487 2511 2570 2606 2722 2746 2842 2928 2962 3022 3053 3105 3247 3314 3349 3483 3619 3651 3663 3752 3860 4001 4010 4135 4181 4205 4230 4243 4387 4485 4532 4579 4719 4749 4784 4887 4980 5099 5116 5193 5294 5372 5383 5463 5579 5609 5649 5723 5811 5840 5907 5942 6031 6068 6178 6210 6272 6325 6418 6469 6527 6594 6695 6820

75 81
105 192 337 379 601 857 958 1189 1461 1714 1949 1993 2108 2227 2426 2743 2973 3034 3310 3491 3739 3846 4089 4380 4644 4683 4784 4845 5118 5204 5449 5667 5977 6100 6317 6428 6532 6698 6905 7147 7397 7709 7769 7849 7911 8190 8382 8431 8467 8514 8687 8906 8949 9024 9201 9385 9472 9531 9733 9934 10217 10507 10533 10678 10999 11138 11346 11641 11821 12073 12110 12157 12267 12399 12445

59 51
25 174 320 375 392 431 537 632 836 1021 1072 1162 1218 1328 1426 1552 1675 1844 1989 2023 2161 2197 2278 2425 2450 2505 2526 2684 2747 2847 3020 3191 3272 3443 3641 3701 3857 3981 4078 4116 4319 4357 4375 4559 4679 4857 4896 4919 5108 5175 5271 5440 5516 5567 5750 5828 5953 5984 6162

80 50
75 205 365 472 513 673 773 863 1017 1177 1327 1472 1615 1663 1710 1894 1928 1955 2072 2128 2190 2327 2509 2684 2764 2823 3012 3058 3109 3209 3332 3390 3511 3545 3709 3742 3801 3891 3948 3970 4047 4193 4370 4506 4577 4659 4699 4878 4938 4997 5034 5178 5278 5473 5527 5620 5726 5790 5822 5849 5879 5980 6178 6378 6497 6610 6629 6825 6999 7133 7254 7314 7377 7395 7489 7563 7619 7679 7750 7923

18 74
50 165 202 237 287 512 614 633 749 1018 1144 1310 1427 1714 1928 2037 2219 2404

69 99
56 269 632 996 1163 1192 1388 1531 1739 2048 2362 2687 2890 3144 3172 3325 3650 3806 3964 4188 4228 4376 4453 4501 4724 5101 5476 5722 6040 6209 6261 6347 6517 6846 7231 7403 7731 7979 8143 8531 8629 8937 9132 9305 9539 9845 10084 10155 10216 10349 10388 10719 10981 11338 11513 11740 11846 12106 12470 12565 12777 13006 13162 13483 13625 13732 14025 14102 14343

95 27
52 150 201 291 339 378 451 476 518 614 640 680 690 768 822 928 1025 1046 1092 1157 1206 1229 1325 1387 1462 1491 1595 1667 1760 1814 1907 1959 1999 2094 2121 2208 2304 2380 2426 2485 2523 2563 2648 2708 2757 2774 2823 2887 2946 2984 2993 3023 3065 3109 3208 3275 3336 3349 3396 3490 3583 3675 3770 3798 3845 3896 3963 3985 4072 4138 4212 4318 4382 4473 4528 4553 4561 4599 4642 4727 4799 4869 4969 5025 5084 5152 5161 5203 5254 5267 5305 5329 5387 5436 5460

47 81
194 505 681 754 1002 1305 1489 1565 1702 1748 1868 2121 2289 2558 2772 2916 2979 3116 3168 3232 3478 3682 3747 4043 4139 4356 4642 4702 4825 4986 5159 5184 5314 5626 5884 6149 6397 6418 6542 6658 6884 6933 7073 7108 7363 7673 7992

49 6
14 35 36 43 60 84 93 108 127 130 140 145 146 170 188 212 221 243 259 261 271 292 301 322 325 330 346 350 357 381 396 403 424 435 459 460 472 490 499 518 537 554 557 568 574 583 595 610 627

83 76
55 142 194 497 768 945 1083 1250 1348 1491 1683 1864 1901 2139 2359 2550 2661 2769 2888 2952 3251 3270 3540 3717 3908 4049 4271 4328 4441 4473 4622 4790 4892 5158 5403 5445 5584 5634 5878 6071 6297 6575 6645 6802 7100 7376 7414 7553 7784 7855 8087 8277 8378 8653 8798 8849 8868 9026 9076 9373 9455 9660 9695 9938 10011 10157 10286 10417 10658 10944 11005 11096 11129 11276 11517 11808 11841 12096 12361 12381 12629 12731 12907

51 82
62 368 617 807 842 896 1017 1085 1240 1406 1459 1587 1717 1888 2071 2221 2413 2672 2722 2794 2917 3189 3219 3417 3543 3575 3726 3780 3805 4110 4387 4688 4988 5205 5444 5690 5973 6213 6442 6652 6951 7177 7362 7502 7803 7912 8120 8269 8584 8663 8898

23 84
290 623 848 1011 1198 1308 1515 1700 1858 2080 2254 2431 2569 2789 3100 3246 3483 3773 4024 4076 4291 4598 4853

34 34
69 86 185 316 330 394 513 610 689 728 857 989 1028 1161 1246 1354 1414 1503 1585 1677 1740 1807 1856 1925 2021 2151 2247 2255 2378 2424 2456 2521 2584 2698

20 83
156 187 390 465 715 1017 1111 1150 1414 1544 1612 1916 2163 2262 2317 2602 2854 2898 3091 3185

20 26
99 133 229 283 374 458 476 522 589 644 706 716 772 794 860 901 915 1014 1077 1093

18 53
138 220 328 433 543 633 721 782 831 876 972 1115 1195 1373 1456 1622 1704 1725

