25
9 75
196 315 436 673 920 1216 1426 1710 2006

33 14
35 63 110 123 150 176 180 189 215 231 258 262 305 308 325 371 405 427 445 473 478 482 494 520 561 591 630 679 702 758 776 822 825

30 71
48 235 371 417 477 674 930 1020 1282 1356 1612 1711 1869 2048 2206 2268 2476 2532 2772 3045 3309 3585 3636 3831 3875 4069 4128 4314 4457 4506

55 65
86 297 501 757 862 933 1192 1254 1369 1398 1542 1564 1640 1876 1896 2081 2252 2409 2437 2482 2726 2860 2950 3200 3246 3285 3353 3607 3694 3953 4156 4184 4377 4398 4583 4712 4894 5057 5150 5314 5400 5537 5640 5802 5954 6115 6248 6287 6541 6783 7027 7203 7223 7266 7351

5 24
23 86 139 198 236

79 76
108 130 350 536 621 892 983 1174 1218 1269 1490 1514 1598 1810 1895 2079 2213 2442 2578 2777 3080 3226 3409 3650 3875 4177 4444 4701 5005 5291 5537 5581 5854 6012 6065 6328 6620 6810 7002 7191 7338 7636 7819 8008 8030 8257 8498 8747 9008 9090 9347 9571 9817 9991 10275 10571 10673 10865 10887 11103 11205 11361 11651 11924 12215 12361 12564 12845 13143 13248 13293 13586 13878 13919 14112 14343 14585 14623 14806

37 10
8 14 51 69 95 115 127 166 189 213 221 240 265 272 297 335 338 374 407 440 459 470 481 496 529 549 571 599 622 624 630 670 686 705 721 737 757

79 75
211 491 537 682 877 1128 1380 1517 1626 1893 2069 2245 2419 2676 2880 3111 3359 3523 3620 3910 4085 4362 4442 4639 4705 4849 4867 4999 5206 5331 5362 5407 5569 5750 5952 6239 6365 6450 6651 6881 7089 7249 7417 7633 7721 7880 7999 8155 8201 8260 8399 8532 8591 8790 8981 9119 9153 9428 9511 9566 9866 9895 10161 10436 10491 10511 10611 10890 11030 11291 11404 11587 11886 11908 12076 12201 12371 12593 12856

89 61
120 250 416 474 553 768 816 842 1050 1257 1465 1517 1586 1778 1968 2156 2301 2482 2543 2615 2641 2811 2845 3022 3265 3423 3629 3787 3952 4062 4229 4404 4583 4789 4850 4992 5093 5180 5380 5510 5590 5653 5784 5900 6025 6163 6296 6450 6651 6719 6790 6928 6950 7059 7151 7359 7385 7523 7684 7745 7795 7847 7877 7965 8071 8273 8421 8513 8621 8755 8822 8878 8992 9085 9183 9366 9423 9440 9592 9777 9998 10017 10083 10271 10327 10529 10739 10796 11025

3 83
259 369 430

97 50
82 214 301 483 608 691 822 923 954 1141 1298 1437 1525 1549 1718 1880 2022 2212 2268 2385 2483 2585 2630 2804 2995 3138 3203 3277 3340 3513 3614 3795 3834 3953 4032 4148 4264 4416 4614 4780 4953 5047 5226 5295 5439 5484 5669 5721 5873 5967 6042 6071 6179 6310 6418 6464 6621 6732 6808 6930 7044 7090 7273 7351 7405 7601 7711 7730 7813 8003 8031 8172 8353 8487 8632 8824 8922 9090 9247 9444 9585 9729 9926 10076 10260 10362 10478 10669 10803 10956 11018 11145 11344 11455 11529 11652 11748

96 18
69 140 195 208 228 295 339 380 444 454 468 498 539 564 575 610 634 641 657 726 789 852 899 938 966 1030 1099 1119 1151 1163 1219 1261 1285 1336 1384 1412 1455 1490 1500 1542 1594 1644 1696 1733 1751 1801 1816 1877 1886 1921 1980 1986 2011 2042 2088 2116 2186 2207 2267 2335 2374 2400 2404 2436 2456 2476 2523 2568 2588 2605 2641 2665 2695 2716 2754 2793 2853 2918 2939 2971 3007 3031 3072 3133 3205 3261 3309 3344 3394 3414 3461 3507 3516 3527 3539 3597

86 59
183 233 329 359 568 616 630 741 921 950 1146 1270 1476 1638 1663 1784 1854 2056 2173 2222 2409 2467 2616 2743 2850 2893 2951 3169 3213 3385 3407 3485 3624 3783 3895 3921 4138 4245 4355 4412 4540 4633 4700 4900 4950 5040 5234 5377 5420 5600 5759 5879 6047 6239 6316 6389 6533 6726 6957 7159 7296 7402 7530 7549 7675 7840 8064 8263 8420 8597 8830 8914 9010 9045 9221 9452 9623 9698 9876 9950 10182 10403 10571 10758 10955 11023

17 81
209 487 760 1067 1141 1292 1522 1674 1785 1836 2081 2108 2265 2457 2743 2991 3154

63 83
277 493 780 917 1206 1402 1468 1598 1724 1958 2130 2429 2555 2788 3029 3145 3272 3594 3800 4019 4144 4200 4462 4488 4630 4804 4905 4957 5101 5333 5405 5645 5974 6034 6141 6302 6600 6840 7162 7258 7522 7547 7633 7698 7939 8192 8394 8466 8716 9043 9290 9567 9740 9842 9974 10022 10199 10525 10649 10802 10938 10971 11144

10 25
100 173 259 308 366 398 411 483 579 645

69 8
5 7 14 17 29 56 63 75 86 92 121 133 159 173 180 192 216 233 237 246 267 294 325 332 339 357 366 380 382 385 407 409 436 461 469 498 516 545 575 598 617 641 651 655 675 704 715 736 762 793 822 837 855 861 885 901 919 942 958 974 996 1020 1045 1050 1056 1060 1075 1096 1108

99 62
49 132 313 536 780 1004 1047 1078 1232 1477 1498 1724 1762 1791 1851 2015 2183 2320 2409 2584 2707 2734 2826 2990 3228 3283 3419 3559 3694 3909 4058 4275 4462 4697 4922 5014 5203 5365 5396 5465 5561 5618 5831 5886 5930 6081 6223 6435 6571 6767 6893 6999 7126 7309 7511 7582 7817 7913 8032 8231 8344 8549 8775 8954 9021 9257 9466 9569 9658 9871 9906 10010 10214 10440 10655 10848 11068 11283 11334 11481 11596 11806 11983 12202 12243 12423 12477 12723 12760 12909 12964 13181 13373 13524 13542 13653 13850 13963 14181

77 45
116 242 366 393 479 522 697 780 946 1095 1153 1272 1416 1547 1678 1756 1782 1919 2082 2102 2116 2138 2261 2342 2387 2519 2535 2654 2671 2751 2793 2839 3013 3151 3182 3278 3397 3478 3573 3636 3792 3893 3921 4095 4113 4293 4330 4345 4516 4649 4761 4862 4984 5153 5169 5181 5339 5401 5537 5648 5786 5833 5900 5952 6012 6155 6243 6298 6374 6395 6446 6585 6642 6738 6870 6973 7120

58 85
341 612 891 970 1252 1495 1638 1919 2240 2321 2540 2637 2838 2921 3064 3392 3732 3922 4073 4172 4415 4680 4830 5056 5093 5204 5322 5357 5454 5793 5994 6145 6310 6446 6562 6762 6926 7143 7411 7640 7949 7977 8011 8166 8473 8767 9103 9433 9690 9865 9928 10027 10232 10469 10583 10827 10898 11049

4 95
220 506 535 667

5 96
199 241 283 604 898

61 25
95 136 235 311 401 413 429 519 585 637 722 817 824 871 894 922 978 995 1016 1096 1163 1222 1297 1333 1341 1418 1439 1527 1594 1688 1726 1820 1841 1863 1932 1988 2042 2073 2145 2206 2276 2301 2375 2467 2561 2589 2637 2715 2746 2778 2838 2905 2968 3023 3047 3095 3182 3200 3241 3289 3340

97 51
14 112 170 249 312 434 505 628 756 772 792 880 1023 1166 1254 1284 1412 1507 1522 1689 1786 1891 1923 1950 2049 2249 2265 2414 2513 2564 2767 2896 3099 3266 3375 3397 3445 3634 3832 3865 3889 4063 4158 4329 4409 4478 4612 4760 4898 4988 5190 5259 5427 5528 5585 5761 5826 5933 5950 6071 6253 6304 6376 6505 6657 6784 6983 7145 7345 7415 7618 7797 7933 8022 8110 8222 8329 8420 8564 8744 8771 8949 9074 9189 9364 9423 9590 9791 9826 10000 10123 10140 10304 10459 10499 10563 10606

67 17
55 96 122 165 223 258 312 342 381 440 470 483 537 603 663 679 688 704 717 742 763 799 848 893 932 974 1031 1091 1142 1154 1220 1227 1279 1287 1345 1408 1453 1498 1551 1595 1609 1635 1656 1664 1707 1771 1780 1789 1821 1873 1878 1894 1934 2000 2063 2099 2151 2218 2278 2318 2325 2366 2389 2430 2455 2514 2555

