25
24 8
16 46 66 76 98 114 133 141 160 178 202 209 240 272 297 318 348 370 385 416 432 448 463 479

55 75
164 288 321 571 655 697 834 1119 1326 1600 1809 1888 2019 2181 2470 2529 2726 2786 3057 3160 3301 3402 3485 3699 3807 4030 4094 4191 4221 4422 4669 4912 5128 5341 5455 5596 5712 5989 6036 6271 6303 6407 6516 6589 6834 6868 7154 7375 7420 7468 7562 7789 7988 8095 8210

46 86
225 310 559 832 1090 1204 1422 1591 1643 1938 2186 2224 2442 2696 2743 2895 3147 3395 3476 3544 3803 3989 4024 4266 4513 4591 4844 4911 5101 5141 5413 5469 5516 5787 5918 6187 6332 6671 6743 6939 7227 7458 7722 7949 8134 8408

37 50
110 216 356 495 657 838 905 999 1191 1300 1446 1627 1640 1671 1769 1827 2004 2145 2309 2403 2567 2712 2813 2883 2923 3102 3192 3383 3534 3553 3625 3811 3861 3943 4061 4226 4385

82 82
105 278 325 451 735 757 1022 1168 1389 1651 1817 2140 2274 2586 2656 2781 2991 3199 3292 3483 3575 3869 4087 4267 4417 4473 4643 4717 4930 5242 5560 5599 5919 6047 6270 6406 6532 6678 6748 6803 6999 7313 7555 7853 8144 8450 8763 9070 9311 9440 9593 9777 10089 10374 10542 10685 10895 11188 11324 11528 11696 12002 12031 12303 12519 12794 13109 13349 13412 13455 13752 14031 14241 14277 14488 14710 14839 14997 15125 15436 15690 15838

67 3
6 13 17 18 26 37 37 41 50 53 58 58 61 64 74 84 84 95 99 111 121 129 132 133 141 150 154 159 166 178 180 192 195 206 217 221 233 238 242 245 255 267 272 279 280 292 302 308 320 324 324 330 334 337 338 348 356 363 375 384 390 393 399 401 409 409 420

48 57
66 150 250 305 370 429 477 647 712 891 1027 1129 1158 1288 1413 1439 1460 1601 1818 1870 1985 2062 2259 2399 2587 2767 2944 3168 3270 3386 3432 3520 3560 3626 3820 3983 4032 4187 4410 4551 4592 4771 4849 4949 5106 5177 5316 5387

74 83
254 540 576 788 883 985 1295 1339 1620 1952 2049 2109 2244 2415 2587 2735 2939 3075 3326 3355 3544 3635 3943 4128 4219 4264 4568 4865 5082 5220 5545 5839 6151 6380 6451 6631 6948 7111 7300 7352 7611 7883 7965 8095 8246 8548 8743 8917 9127 9189 9340 9641 9794 9823 9944 10142 10275 10538 10763 10895 11120 11309 11511 11821 11896 12078 12239 12511 12642 12884 13030 13134 13239 13509

61 92
189 487 751 1079 1303 1439 1681 1804 2160 2341 2481 2734 3089 3359 3391 3503 3694 3791 4080 4263 4424 4524 4642 4798 4995 5113 5442 5701 5730 5921 6195 6318 6654 6880 7152 7497 7644 7786 7882 8195 8453 8801 9161 9288 9331 9566 9793 10071 10376 10531 10619 10727 10855 11210 11397 11541 11707 11837 12067 12241 12470

64 55
30 101 226 443 566 761 970 1015 1106 1266 1426 1464 1568 1691 1824 1927 2026 2187 2285 2496 2637 2718 2862 3004 3139 3210 3415 3634 3834 4053 4150 4280 4465 4533 4677 4791 4916 4993 5163 5207 5232 5450 5548 5609 5761 5835 5961 6135 6183 6268 6300 6373 6471 6601 6701 6879 6944 7091 7284 7384 7545 7573 7684 7783

20 6
15 23 24 48 51 58 62 70 74 96 97 114 135 151 152 165 167 172 192 204

61 80
116 179 337 422 491 698 941 1005 1310 1562 1592 1637 1913 2202 2485 2529 2685 2907 2953 3241 3326 3362 3444 3554 3665 3687 3754 4025 4208 4280 4570 4658 4710 4796 4924 5175 5331 5587 5818 6097 6379 6465 6660 6976 7009 7198 7277 7464 7592 7837 8072 8100 8122 8381 8687 8914 9185 9317 9421 9569 9630

26 40
150 282 333 404 548 700 746 809 965 1016 1173 1330 1369 1484 1543 1656 1686 1768 1902 1980 1993 2029 2101 2204 2219 2349

71 93
67 254 486 573 808 904 1191 1243 1577 1891 2244 2510 2652 2946 3211 3423 3520 3836 3968 4178 4233 4587 4923 5282 5644 5788 6123 6438 6592 6621 6783 7118 7178 7491 7651 7929 8009 8255 8356 8631 8654 8955 9273 9627 9811 9882 10192 10293 10376 10571 10792 11148 11487 11850 12096 12349 12514 12879 13079 13445 13622 13951 14278 14490 14584 14856 15189 15501 15689 16040 16231

91 51
135 282 448 631 800 813 871 1067 1126 1258 1432 1570 1655 1725 1802 1818 1960 1998 2200 2302 2497 2611 2808 2998 3097 3260 3307 3436 3448 3516 3584 3664 3834 3855 3961 4095 4190 4357 4424 4571 4615 4779 4949 5052 5170 5246 5406 5431 5479 5617 5664 5713 5844 6045 6103 6293 6332 6409 6593 6652 6779 6895 7040 7217 7259 7416 7617 7759 7948 8055 8229 8376 8541 8563 8582 8604 8778 8946 9102 9192 9205 9221 9381 9398 9538 9635 9837 9995 10144 10228 10252

79 4
13 16 31 41 50 57 72 88 104 118 127 141 144 155 170 178 179 183 196 205 206 208 214 230 239 252 266 279 285 300 315 317 319 332 347 363 369 371 379 395 406 418 433 447 452 467 468 483 492 494 502 512 521 528 537 549 563 568 573 586 589 605 620 629 630 645 653 656 662 677 678 685 691 697 713 717 720 734 743

95 12
7 42 76 98 131 154 181 212 248 287 298 317 343 389 414 418 452 480 493 501 545 589 616 664 702 732 760 765 808 827 832 849 869 883 916 941 964 1003 1048 1091 1102 1144 1172 1200 1227 1239 1253 1278 1308 1324 1335 1338 1363 1407 1412 1433 1444 1479 1490 1529 1574 1608 1632 1639 1683 1728 1740 1744 1786 1791 1810 1815 1828 1838 1870 1890 1897 1936 1971 1992 2025 2057 2074 2081 2110 2157 2173 2187 2215 2225 2249 2296 2311 2333 2351

69 4
10 14 30 33 41 50 65 76 83 84 86 95 110 117 122 138 153 165 171 180 191 205 217 222 228 235 237 252 266 272 286 301 310 320 328 339 355 362 363 379 386 400 406 417 422 425 428 429 430 433 443 455 458 462 465 470 479 489 505 512 524 525 539 546 547 557 569 577 585

65 58
225 420 648 765 945 1120 1335 1461 1577 1776 1892 2026 2223 2351 2437 2464 2613 2730 2762 2866 2936 3130 3150 3279 3423 3545 3574 3748 3824 3970 4064 4271 4299 4423 4447 4628 4783 5000 5048 5132 5214 5250 5303 5377 5581 5637 5758 5857 6023 6094 6261 6409 6541 6753 6910 6950 6987 7192 7348 7366 7536 7690 7872 8066 8243

63 98
42 432 483 585 796 988 1285 1524 1708 2068 2365 2556 2594 2620 2868 3203 3257 3386 3515 3595 3790 4167 4252 4362 4441 4787 4839 5186 5307 5414 5502 5826 6062 6110 6319 6390 6752 6952 7163 7330 7526 7652 7876 8223 8293 8441 8751 8888 9030 9154 9265 9611 9890 10193 10358 10419 10637 10693 11036 11117 11384 11766 12032

84 8
25 41 49 68 76 99 127 152 173 196 198 223 238 256 282 306 319 324 327 329 359 372 383 396 420 435 453 484 488 496 507 537 547 573 584 594 606 616 647 660 668 682 685 711 734 756 781 803 809 815 818 832 856 878 904 923 933 945 977 984 1006 1028 1051 1053 1070 1089 1111 1142 1147 1150 1182 1202 1212 1229 1242 1248 1275 1288 1315 1317 1323 1326 1342 1355

11 51
199 278 334 352 407 514 614 767 783 832 996

60 91
113 443 795 856 1085 1387 1566 1912 2143 2182 2432 2770 3014 3048 3322 3533 3724 4087 4152 4515 4852 5197 5250 5424 5716 5860 6037 6336 6393 6709 6753 6782 7051 7402 7656 7982 8042 8322 8654 8928 8975 9263 9532 9777 10080 10117 10481 10534 10611 10651 10883 11135 11329 11572 11778 11994 12028 12381 12581 12846

46 87
132 298 527 601 836 1122 1401 1704 1769 1862 2136 2178 2266 2391 2421 2636 2840 3174 3285 3608 3936 4109 4354 4409 4577 4918 5126 5294 5447 5578 5606 5694 5744 5966 6159 6226 6431 6595 6626 6679 6948 6981 7088 7255 7603 7730

29 50
13 107 217 239 402 423 533 721 908 1050 1231 1293 1309 1404 1593 1738 1833 1952 2104 2159 2222 2336 2504 2608 2685 2744 2896 3096 3210

