41
68 30
84 157 261 331 375 385 485 602 670 724 796 834 853 926 970 1022 1134 1160 1254 1304 1398 1441 1536 1611 1673 1770 1845 1962 2063 2111 2160 2174 2189 2265 2331 2374 2382 2482 2506 2572 2682 2743 2855 2896 2937 2997 3060 3085 3130 3150 3202 3255 3341 3452 3522 3594 3619 3706 3757 3844 3890 3917 3962 4056 4145 4218 4288 4349

5 27
83 152 210 291 328

36 50
56 68 219 342 386 499 605 652 682 821 907 1025 1191 1348 1370 1416 1497 1651 1770 1785 1913 1942 2023 2098 2199 2267 2366 2420 2445 2548 2709 2872 2967 3145 3255 3411

38 69
39 256 495 532 591 698 741 946 1182 1329 1592 1777 2021 2166 2399 2667 2856 3132 3305 3521 3625 3818 3880 4047 4225 4250 4520 4586 4757 4915 5131 5363 5622 5835 6038 6135 6174 6299

34 37
54 177 293 333 381 394 542 628 676 796 880 945 1025 1117 1224 1267 1406 1483 1577 1703 1836 1979 2007 2041 2114 2140 2274 2301 2422 2529 2588 2607 2726 2813

33 60
50 217 249 377 613 726 871 924 1029 1180 1302 1484 1675 1723 1926 1974 2190 2362 2532 2624 2706 2936 3040 3163 3191 3340 3384 3439 3613 3667 3849 4069 4113

60 68
218 364 473 673 739 826 947 1166 1207 1403 1570 1724 1925 2014 2171 2294 2356 2452 2601 2810 2870 3104 3152 3364 3625 3823 4055 4135 4401 4503 4650 4826 4885 5056 5088 5340 5538 5562 5819 5853 5902 5978 6044 6114 6349 6420 6545 6795 6968 7149 7264 7532 7786 7875 7984 8115 8293 8466 8489 8661

33 60
36 206 248 305 379 581 641 707 851 911 1134 1370 1488 1684 1721 1811 1991 2075 2266 2426 2593 2825 2894 2968 3125 3290 3327 3524 3659 3825 3992 4142 4185

4 42
41 116 234 378

73 42
162 202 356 486 563 672 735 792 871 899 1015 1171 1257 1413 1576 1589 1710 1831 1945 2043 2189 2341 2478 2634 2766 2908 2961 3018 3081 3216 3343 3364 3461 3510 3592 3716 3747 3897 4007 4089 4253 4263 4421 4509 4608 4675 4841 4894 4931 5048 5206 5334 5436 5583 5606 5749 5917 6075 6094 6213 6334 6467 6614 6749 6894 6909 6970 7024 7046 7072 7154 7284 7375

99 36
104 140 247 269 345 488 595 613 628 666 800 881 908 1049 1157 1196 1218 1260 1311 1400 1419 1496 1522 1590 1695 1775 1897 1960 1977 2007 2125 2148 2255 2379 2397 2410 2492 2562 2696 2729 2799 2856 2883 3000 3033 3160 3222 3363 3452 3588 3602 3672 3783 3891 4026 4062 4086 4102 4224 4263 4273 4311 4360 4370 4425 4551 4641 4686 4753 4831 4864 4969 5040 5154 5198 5285 5421 5434 5566 5597 5624 5735 5747 5864 5977 5986 6128 6158 6213 6262 6280 6357 6367 6503 6556 6648 6709 6818 6844

55 20
27 42 112 187 213 254 309 385 465 501 577 632 644 723 782 792 840 855 884 913 953 982 1013 1070 1093 1100 1168 1187 1231 1244 1269 1330 1380 1408 1419 1455 1460 1495 1565 1637 1716 1757 1834 1859 1919 1936 1984 2007 2082 2116 2144 2174 2223 2284 2329

76 7
10 17 18 31 36 45 51 58 86 112 123 136 151 159 182 204 227 249 276 285 300 311 330 335 361 386 400 412 414 430 441 447 454 469 494 502 526 538 549 554 565 583 585 608 629 648 671 694 695 699 701 727 745 767 787 796 799 825 830 855 875 878 881 883 903 905 924 937 946 962 988 998 1016 1019 1047 1064

51 95
180 308 633 656 882 1145 1178 1483 1595 1812 2087 2303 2384 2696 3026 3063 3394 3751 3965 4071 4229 4415 4569 4857 4950 5330 5366 5676 5789 6124 6327 6487 6841 6966 7104 7392 7738 7792 7978 8008 8066 8141 8497 8753 8788 9103 9334 9709 10085 10311 10337

26 91
258 497 744 1082 1196 1386 1646 1835 2154 2443 2604 2884 3247 3281 3475 3603 3942 4005 4309 4381 4652 4761 5017 5099 5193 5326

58 92
256 580 919 1182 1270 1430 1764 1848 1939 2286 2430 2602 2736 2930 3025 3209 3257 3377 3680 3748 3801 3842 4109 4216 4316 4474 4725 5019 5375 5721 6071 6425 6477 6515 6789 7061 7108 7374 7593 7649 8006 8029 8176 8277 8434 8480 8758 8948 8979 9094 9232 9328 9538 9590 9954 10312 10565 10920

59 97
282 500 760 859 1113 1457 1530 1885 1927 2041 2166 2310 2611 2926 3158 3332 3515 3791 4159 4219 4435 4782 4909 5064 5228 5383 5753 5851 6104 6235 6591 6775 6932 7194 7315 7663 7909 8278 8430 8741 8787 8894 9278 9458 9712 10093 10295 10499 10623 10922 10946 11317 11489 11763 11816 11982 12191 12416 12781

33 18
43 89 133 169 191 215 273 308 348 392 413 468 521 587 650 664 676 707 773 787 828 852 917 946 958 969 983 1030 1046 1088 1126 1188 1211

73 61
93 274 452 565 617 813 1003 1040 1138 1254 1426 1444 1626 1864 1879 2044 2087 2309 2478 2523 2756 2915 3081 3101 3254 3387 3554 3703 3920 4149 4181 4391 4582 4645 4854 4932 5005 5083 5225 5275 5327 5474 5537 5597 5806 6018 6260 6360 6552 6720 6888 6998 7215 7332 7481 7509 7564 7673 7827 7854 7881 8094 8253 8425 8642 8760 8973 9107 9209 9426 9611 9719 9884

43 50
137 317 500 570 673 851 1033 1055 1163 1267 1422 1536 1702 1853 2026 2187 2352 2510 2553 2619 2709 2768 2962 3112 3274 3453 3509 3543 3608 3641 3827 3847 3872 4063 4244 4419 4550 4713 4899 4991 5026 5059 5109

86 8
15 37 59 76 96 123 155 160 164 196 199 206 213 218 250 264 291 304 331 348 368 399 416 436 455 477 497 508 528 538 569 591 607 626 650 672 694 705 733 741 763 788 791 795 819 843 863 884 898 907 919 944 949 951 972 989 1015 1017 1024 1039 1041 1045 1065 1071 1081 1095 1123 1144 1159 1170 1175 1188 1195 1217 1234 1263 1288 1306 1334 1349 1358 1373 1396 1402 1426 1440

30 101
223 502 898 1126 1170 1439 1528 1827 1987 2238 2536 2651 2985 3306 3572 3741 4037 4388 4429 4469 4854 5214 5592 5926 6070 6251 6546 6663 6903 7070

81 89
52 374 499 556 689 731 852 1009 1300 1408 1592 1717 1911 1992 2228 2519 2640 2919 3178 3377 3503 3765 3911 4179 4489 4573 4810 5159 5271 5505 5614 5815 6085 6159 6306 6571 6925 7264 7288 7344 7445 7651 7977 8241 8546 8756 9037 9111 9367 9654 9800 10004 10256 10464 10499 10609 10783 11038 11234 11537 11865 12023 12343 12393 12528 12772 13054 13105 13365 13667 13942 14216 14556 14898 15108 15440 15542 15786 16123 16378 16571

66 17
17 84 102 154 185 232 298 312 361 403 427 458 513 569 590 637 652 673 713 764 771 838 870 935 940 978 986 996 1034 1063 1105 1161 1209 1234 1258 1311 1366 1388 1400 1455 1490 1529 1565 1608 1668 1686 1724 1768 1775 1801 1842 1858 1886 1951 1973 2035 2082 2119 2186 2224 2274 2338 2402 2468 2511 2530

26 31
33 100 155 204 260 305 350 460 491 498 600 690 729 747 825 886 939 973 1084 1103 1146 1180 1269 1317 1392 1511

35 36
51 191 219 298 371 462 561 683 762 773 823 837 877 954 1092 1200 1211 1246 1273 1302 1315 1378 1444 1481 1571 1619 1763 1837 1895 1928 1949 1992 2104 2197 2277

62 31
106 197 309 422 510 553 566 637 676 794 825 852 879 980 1014 1063 1172 1246 1302 1316 1379 1498 1610 1622 1677 1733 1768 1876 1984 2040 2098 2168 2277 2354 2452 2532 2594 2645 2729 2749 2840 2889 2989 3075 3187 3200 3263 3382 3442 3476 3539 3582 3691 3733 3787 3804 3889 3896 3962 3983 4015 4066

26 3
12 17 25 31 32 35 47 47 49 49 61 61 65 75 86 91 103 114 118 126 132 141 144 145 145 150

82 89
184 436 536 793 895 942 1120 1352 1528 1554 1863 2205 2529 2729 2990 3295 3605 3857 3881 4136 4252 4335 4397 4684 4916 4957 5270 5460 5788 6086 6202 6382 6489 6808 6967 7230 7380 7585 7892 7956 8116 8147 8211 8312 8364 8681 8753 8819 9130 9258 9579 9751 9837 9911 10113 10456 10687 10803 11022 11270 11305 11564 11684 11959 12051 12307 12370 12720 13041 13221 13318 13616 13815 14096 14233 14579 14644 14729 14795 14990 15090 15310

19 53
80 125 229 342 531 546 697 870 1000 1198 1392 1529 1643 1812 1919 2065 2180 2366 2562

89 75
45 147 262 555 678 951 1224 1256 1481 1696 1991 2092 2211 2346 2426 2450 2545 2605 2869 3063 3136 3320 3601 3687 3711 3973 4239 4381 4525 4574 4592 4859 5158 5177 5281 5305 5489 5755 5907 6166 6406 6579 6791 6962 7083 7362 7659 7852 7979 8261 8458 8666 8750 8854 8953 9043 9135 9225 9363 9630 9668 9890 10061 10194 10269 10397 10603 10772 10994 11079 11274 11460 11560 11617 11760 11993 12053 12325 12451 12710 12750 12987 13207 13322 13479 13644 13852 14070 14306

43 40
35 97 256 367 381 534 636 762 858 918 958 1100 1227 1342 1366 1519 1532 1684 1700 1811 1821 1923 2082 2185 2243 2312 2456 2604 2709 2760 2912 2974 3132 3168 3327 3422 3470 3495 3545 3557 3629 3776 3851

65 71
223 355 547 649 906 1041 1082 1229 1424 1651 1847 2013 2153 2185 2258 2347 2458 2581 2621 2838 3033 3099 3227 3485 3608 3720 3755 3950 4123 4326 4589 4813 4954 5105 5255 5514 5756 5941 6183 6461 6509 6699 6809 6902 7078 7183 7205 7386 7487 7619 7640 7895 7991 8104 8238 8466 8672 8691 8841 8903 9014 9034 9294 9448 9609

89 7
9 26 41 53 55 59 69 77 81 88 99 125 139 144 161 187 208 212 216 235 247 274 287 300 325 331 348 363 369 373 380 393 412 437 439 446 469 480 488 506 523 541 557 567 588 589 593 615 642 643 655 659 663 664 685 711 733 750 760 768 788 790 815 831 855 868 892 910 935 938 954 982 985 997 1013 1027 1028 1049 1076 1091 1103 1121 1148 1175 1198 1213 1240 1246 1254

1 68
79

6 88
213 469 526 839 961 1128

14 35
86 199 304 317 421 520 556 622 758 800 901 1036 1114 1149

8 74
83 331 515 623 850 1087 1226 1484

72 1
3 4 7 10 13 15 18 19 21 22 22 25 25 27 27 29 31 31 34 37 40 43 45 49 53 54 55 59 62 66 67 69 69 69 72 74 75 75 79 82 84 88 91 92 96 96 96 99 102 105 107 111 115 118 121 121 125 128 132 132 132 134 136 137 137 140 140 143 144 145 146 150

50 95
258 323 390 513 723 1089 1347 1501 1823 1884 2091 2464 2681 3026 3292 3564 3860 4000 4307 4679 4929 4964 5116 5489 5808 5857 5933 6270 6565 6597 6684 6959 7057 7416 7673 7726 7890 7965 8322 8537 8873 8982 9212 9570 9826 10204 10529 10877 10904 11191

3 69
110 205 234

