13
13 9
4 30 36 68 77 106 140 176 184 217 228 257 264

33 43
163 231 342 422 517 540 617 788 854 995 1114 1278 1319 1388 1437 1459 1617 1665 1782 1874 1899 2032 2110 2225 2343 2403 2543 2665 2792 2842 2909 2990 3051

38 66
217 376 458 492 637 789 1040 1258 1501 1723 1985 2107 2136 2290 2393 2557 2707 2772 2955 3037 3184 3310 3486 3531 3557 3679 3798 3827 3858 3903 4120 4229 4327 4543 4743 4901 5046 5152

8 54
87 253 305 437 462 535 556 687

50 25
83 105 204 274 331 352 441 540 638 727 779 840 860 906 996 1014 1032 1039 1066 1100 1146 1229 1304 1380 1428 1495 1543 1571 1592 1605 1617 1677 1697 1713 1781 1865 1894 1975 2056 2090 2180 2190 2207 2242 2313 2409 2492 2548 2602 2650

36 37
97 106 143 237 281 364 462 582 697 753 826 875 1023 1082 1190 1221 1353 1374 1480 1626 1638 1679 1756 1835 1890 1934 1955 2038 2116 2256 2313 2375 2406 2478 2622 2690

78 13
37 84 115 136 172 181 216 236 252 260 288 338 349 395 400 419 471 499 522 544 590 604 635 652 692 720 764 809 854 884 934 953 982 992 1004 1040 1077 1125 1176 1218 1236 1270 1322 1369 1385 1406 1451 1499 1528 1553 1585 1590 1612 1646 1661 1670 1689 1727 1779 1788 1821 1856 1870 1882 1916 1956 2005 2034 2037 2046 2060 2078 2081 2129 2152 2192 2210 2247

29 6
4 22 35 43 59 67 79 91 95 98 119 129 134 144 166 178 194 218 236 253 273 281 284 290 310 313 317 335 353

52 92
171 538 667 958 1203 1450 1656 1817 1844 1903 2156 2247 2525 2764 3107 3209 3288 3636 3857 4063 4381 4419 4538 4583 4691 4866 5158 5421 5642 5848 5961 6030 6173 6497 6634 6940 7160 7487 7513 7857 8012 8103 8374 8542 8747 8795 9012 9253 9276 9357 9542 9583

55 15
39 45 90 136 139 198 248 261 293 332 363 402 440 470 495 539 553 613 619 664 678 708 758 798 808 833 853 878 890 908 913 921 978 1018 1043 1071 1100 1155 1177 1194 1251 1266 1274 1278 1330 1347 1381 1419 1438 1488 1492 1526 1530 1587 1632

38 61
43 194 390 456 654 839 924 1035 1121 1320 1362 1383 1418 1467 1574 1779 1884 2026 2203 2274 2390 2434 2562 2643 2801 2975 3100 3298 3326 3531 3589 3826 4012 4221 4287 4521 4622 4737

58 55
202 362 463 572 611 743 962 1163 1269 1350 1468 1526 1695 1757 1836 1981 2157 2319 2411 2486 2655 2686 2811 2832 2945 3026 3070 3224 3379 3507 3631 3715 3919 4133 4192 4266 4432 4458 4644 4792 4885 5004 5108 5125 5326 5540 5602 5642 5859 6068 6175 6241 6325 6508 6690 6766 6785 6911

39 30
112 125 175 271 329 444 513 573 598 704 790 797 862 881 913 932 999 1101 1218 1306 1357 1385 1445 1493 1604 1700 1714 1788 1826 1935 1954 1985 2005 2124 2229 2236 2250 2315 2403

