14
10 81
36 115 265 516 539 702 785 876 985 1101

61 101
58 274 412 707 1088 1463 1756 2029 2356 2648 2678 2874 3173 3282 3573 3863 4122 4433 4604 4670 4748 5033 5291 5380 5448 5514 5917 6243 6502 6768 6961 7326 7375 7494 7565 7737 8125 8210 8390 8762 9095 9402 9712 10041 10273 10466 10760 10845 11215 11405 11710 11787 12190 12282 12347 12549 12934 12965 13115 13204 13231

12 51
169 260 439 586 667 679 711 895 978 1092 1179 1340

53 83
296 520 652 984 1184 1412 1678 1789 1864 1980 2193 2281 2600 2777 3075 3137 3235 3486 3608 3920 4110 4191 4411 4645 4917 5043 5328 5432 5507 5747 5835 5860 6190 6462 6642 6746 6811 7116 7295 7371 7401 7557 7805 8004 8098 8202 8307 8381 8588 8812 9095 9146 9201

71 33
103 164 266 351 387 448 505 615 670 743 826 849 913 1010 1090 1104 1211 1280 1340 1352 1426 1479 1588 1716 1762 1866 1937 2003 2102 2226 2276 2370 2457 2532 2573 2687 2796 2903 3012 3112 3131 3190 3279 3302 3325 3353 3396 3473 3528 3652 3669 3720 3757 3821 3863 3882 3928 3940 4066 4092 4149 4251 4281 4412 4444 4461 4473 4553 4683 4748 4829

14 61
50 268 425 649 697 768 804 920 995 1164 1275 1359 1521 1735

5 68
186 285 548 755 791

23 32
53 74 160 259 294 308 363 445 481 518 570 673 778 885 899 924 996 1115 1134 1250 1371 1450 1573

74 9
33 62 88 109 137 146 178 204 225 249 256 277 287 310 344 374 380 415 435 448 469 492 515 538 571 585 613 619 649 674 676 696 731 764 788 797 812 814 822 829 839 852 887 917 933 950 986 1000 1009 1036 1047 1074 1091 1096 1102 1125 1130 1138 1154 1171 1195 1227 1240 1257 1275 1290 1308 1341 1376 1396 1425 1438 1454 1464

52 65
106 364 389 611 805 1050 1249 1281 1313 1518 1714 1926 1987 2097 2330 2453 2519 2563 2751 2881 2972 3224 3483 3570 3640 3830 3970 4186 4245 4481 4590 4739 4881 4933 5108 5173 5341 5437 5658 5706 5754 5809 5875 6000 6240 6406 6620 6660 6876 7135 7151 7229

42 33
107 141 195 324 333 426 514 606 667 770 843 851 922 978 1082 1094 1130 1204 1243 1267 1329 1398 1504 1562 1641 1755 1799 1841 1900 2031 2098 2216 2238 2246 2271 2305 2379 2507 2591 2611 2731 2774

4 53
91 241 362 561

90 71
226 449 634 672 851 933 1128 1272 1356 1464 1485 1765 1981 2203 2388 2509 2542 2746 2862 3118 3195 3365 3458 3516 3576 3674 3957 4231 4258 4410 4512 4596 4779 5042 5091 5275 5558 5628 5798 6024 6263 6377 6509 6582 6684 6882 7107 7145 7360 7482 7721 7739 7894 8156 8311 8379 8459 8596 8669 8774 8947 9028 9231 9359 9545 9767 9954 10043 10105 10277 10318 10474 10604 10824 11038 11169 11215 11491 11522 11657 11926 12059 12270 12367 12547 12683 12844 13050 13302 13379

24 91
79 144 378 578 836 933 1240 1603 1891 2217 2333 2391 2688 2880 3168 3341 3662 3975 4222 4377 4671 4982 5222 5391

