42
51 74
148 272 454 739 914 954 989 1055 1256 1364 1516 1682 1779 1927 2130 2352 2556 2725 2916 3119 3396 3674 3736 3901 4176 4252 4318 4598 4834 4867 4954 5077 5230 5375 5548 5684 5785 5996 6086 6132 6226 6334 6525 6720 6753 6813 7059 7227 7516 7545 7818

13 92
52 351 683 755 1074 1279 1637 1978 2308 2357 2441 2483 2783

44 83
221 315 448 562 874 946 1006 1049 1080 1375 1567 1751 1803 1853 1927 1998 2234 2262 2537 2726 2934 3036 3268 3372 3428 3729 3842 4066 4349 4432 4693 4713 4784 4889 5179 5305 5475 5798 5875 6091 6238 6415 6479 6649

30 23
9 62 91 123 143 234 269 294 339 422 457 548 597 686 722 812 878 903 978 1055 1138 1161 1216 1243 1328 1352 1359 1425 1498 1576

42 7
15 29 37 39 43 48 63 67 69 80 92 101 108 123 143 156 170 196 220 244 254 261 282 294 298 320 325 335 359 368 373 400 408 436 443 466 486 496 507 511 521 529

28 62
176 363 466 703 937 955 985 1188 1428 1489 1728 1854 2063 2286 2505 2746 2972 3084 3152 3280 3515 3582 3669 3824 3843 4071 4106 4235

75 96
313 682 969 1049 1187 1380 1446 1638 1712 1945 2279 2537 2723 3061 3389 3705 3959 4212 4534 4658 4990 5088 5158 5467 5773 6007 6081 6210 6506 6768 6800 6896 7086 7272 7557 7608 7932 8206 8559 8791 9037 9358 9503 9819 9881 10084 10394 10764 10881 11005 11101 11142 11234 11338 11532 11795 11987 12353 12457 12545 12783 12948 13170 13223 13400 13661 13802 13988 14202 14559 14722 14915 15047 15080 15258

77 80
68 166 304 383 552 814 1070 1191 1403 1520 1756 2030 2297 2438 2723 2843 2917 3035 3181 3461 3506 3639 3833 4031 4141 4412 4686 4802 5068 5246 5312 5367 5508 5692 6011 6315 6512 6547 6608 6636 6668 6957 7252 7556 7632 7664 7719 7949 7999 8034 8324 8495 8519 8602 8917 9057 9246 9303 9411 9669 9859 9983 10126 10354 10474 10681 10747 10791 10840 11154 11218 11459 11573 11636 11733 11901 12028

68 2
4 4 6 13 15 21 27 30 37 41 46 53 59 65 67 70 72 73 74 76 80 88 88 92 94 96 101 101 106 112 120 122 129 135 139 140 142 149 157 164 170 174 175 183 186 186 193 195 195 196 199 203 206 207 210 215 223 226 226 230 236 244 252 254 262 264 269 273

83 33
11 48 63 178 229 295 376 447 458 570 683 814 921 989 1116 1177 1226 1274 1287 1307 1407 1432 1530 1619 1701 1777 1888 2000 2101 2162 2174 2263 2293 2312 2397 2440 2464 2521 2649 2713 2767 2799 2823 2904 2955 3032 3080 3133 3219 3255 3332 3449 3561 3585 3646 3754 3800 3843 3900 3962 4013 4085 4135 4167 4214 4306 4355 4452 4546 4583 4619 4685 4756 4813 4841 4871 4935 5063 5124 5217 5271 5355 5399

100 7
5 22 47 51 58 80 91 110 129 140 146 163 177 188 195 208 229 245 258 259 285 297 303 326 351 378 406 415 424 444 452 463 476 478 479 507 521 523 525 538 555 557 567 568 580 600 607 621 642 643 648 654 663 686 698 703 726 745 771 797 802 815 831 859 882 899 907 922 944 951 956 969 980 987 994 1005 1020 1042 1052 1057 1068 1077 1102 1125 1140 1159 1162 1173 1181 1185 1187 1213 1217 1239 1263 1271 1290 1303 1331 1336

22 85
288 470 528 749 911 1035 1199 1240 1410 1434 1545 1715 1916 2060 2269 2335 2514 2695 2865 2991 3218 3451

57 91
160 424 738 852 954 1106 1468 1586 1775 2095 2439 2604 2726 2767 2861 3162 3369 3415 3601 3821 4025 4239 4603 4874 5092 5137 5225 5490 5621 5954 5979 6290 6635 6671 6838 6992 7305 7625 7810 7983 8114 8334 8596 8712 8977 9279 9438 9750 10042 10335 10407 10521 10884 11005 11322 11650 11803

1 64
24

62 48
50 125 195 296 466 520 656 689 811 912 1059 1246 1329 1466 1587 1639 1742 1856 1937 2006 2024 2117 2242 2337 2385 2409 2535 2556 2574 2763 2870 2964 3127 3238 3415 3522 3557 3641 3699 3846 4022 4194 4262 4375 4543 4568 4731 4904 5052 5223 5405 5464 5531 5673 5708 5820 5858 6008 6146 6160 6309 6471

1 17
8

1 62
235

58 40
83 242 329 443 501 513 668 768 794 824 918 1005 1143 1287 1380 1495 1622 1737 1880 1896 1921 2010 2077 2127 2276 2352 2446 2575 2632 2769 2916 3034 3048 3179 3239 3352 3372 3493 3524 3636 3710 3743 3847 3951 4048 4201 4267 4345 4379 4390 4514 4651 4777 4831 4972 5090 5153 5312

53 1
4 8 10 11 12 12 12 12 16 19 19 21 22 23 23 23 25 26 27 30 34 34 38 39 43 46 46 50 54 55 56 59 62 65 67 69 71 74 75 75 78 78 79 80 84 85 87 89 93 93 93 97 99

88 57
228 295 463 559 702 925 1004 1068 1221 1381 1494 1666 1685 1907 2017 2187 2225 2288 2417 2512 2696 2741 2879 2956 3178 3201 3410 3477 3523 3547 3677 3733 3861 3904 4000 4183 4326 4345 4502 4644 4755 4877 4966 5185 5301 5410 5632 5717 5843 5970 6101 6300 6452 6581 6783 6927 7012 7189 7363 7480 7591 7683 7734 7908 8022 8107 8257 8392 8407 8477 8528 8722 8845 8901 9009 9110 9260 9336 9524 9668 9709 9858 9948 10122 10331 10445 10672 10897

90 54
153 239 332 493 613 672 786 817 923 1019 1166 1312 1373 1538 1726 1900 2071 2261 2274 2448 2481 2692 2811 2897 2912 2981 3061 3103 3239 3373 3566 3658 3775 3820 3993 4085 4241 4337 4372 4399 4494 4601 4684 4726 4754 4905 5119 5274 5412 5548 5657 5686 5803 5919 6117 6139 6232 6312 6427 6620 6648 6759 6840 6994 7124 7270 7464 7485 7641 7807 7858 8055 8163 8191 8269 8370 8550 8726 8844 9013 9135 9182 9251 9270 9431 9463 9501 9537 9703 9734

73 59
134 150 347 552 689 921 1070 1276 1427 1507 1647 1841 1910 2000 2099 2231 2281 2400 2515 2750 2788 2828 2876 3112 3315 3473 3512 3744 3874 3934 4104 4272 4370 4419 4523 4624 4794 4912 5058 5248 5269 5397 5613 5796 5910 5978 6068 6104 6129 6309 6535 6612 6647 6743 6823 6962 7000 7182 7304 7378 7404 7445 7545 7680 7902 8120 8326 8420 8572 8666 8691 8819 8990

98 27
54 127 234 334 406 490 505 566 665 695 735 839 889 979 1066 1148 1255 1317 1359 1413 1514 1548 1576 1684 1751 1772 1810 1847 1856 1945 2039 2064 2096 2172 2258 2356 2411 2490 2580 2648 2668 2758 2814 2902 2951 3016 3123 3169 3176 3249 3336 3366 3447 3552 3643 3684 3777 3808 3865 3959 4040 4081 4170 4252 4318 4364 4419 4430 4478 4574 4664 4711 4736 4804 4862 4970 5033 5061 5086 5148 5183 5243 5252 5277 5328 5403 5504 5531 5558 5605 5686 5730 5794 5833 5884 5944 6026 6102

85 93
326 583 806 1076 1369 1608 1867 2146 2359 2666 2988 3172 3352 3512 3666 3913 4255 4538 4635 4861 5046 5212 5442 5515 5796 5895 6168 6297 6602 6815 6936 7201 7348 7650 7965 7991 8076 8441 8620 8780 9040 9311 9410 9648 9982 10082 10443 10530 10866 11172 11239 11464 11778 12004 12246 12555 12699 13048 13361 13643 13692 13846 13975 14346 14448 14691 14984 15250 15544 15777 15951 16171 16504 16536 16731 17086 17253 17329 17672 18041 18335 18468 18592 18670 18821

20 50
75 269 459 628 660 753 766 840 922 1098 1264 1354 1375 1524 1593 1731 1748 1941 2010 2054

83 2
4 7 15 16 17 23 29 34 37 45 46 53 61 64 67 69 73 80 85 85 90 92 97 104 110 114 120 121 126 127 132 136 136 137 141 146 149 155 163 167 174 180 187 195 199 206 210 216 223 227 231 237 237 245 252 252 260 260 263 267 275 282 287 290 298 299 306 308 308 310 317 318 325 326 326 329 337 340 347 350 357 365 373

36 89
128 239 375 702 725 880 942 1215 1498 1840 2054 2162 2256 2549 2838 2969 3018 3111 3287 3455 3798 3846 4112 4274 4524 4725 5047 5237 5500 5617 5928 6135 6209 6517 6787 6837

2 14
50 56

36 45
62 88 198 338 352 444 505 534 635 760 920 1091 1234 1402 1514 1570 1722 1896 2019 2178 2252 2428 2520 2588 2617 2784 2838 2969 3076 3211 3243 3352 3409 3588 3743 3773

25 101
204 274 527 789 943 1097 1383 1757 1949 2288 2617 2833 3090 3274 3624 3743 3989 4064 4197 4450 4758 5097 5182 5542 5779

98 24
47 104 130 223 259 303 379 394 467 514 547 636 704 716 803 873 940 1006 1040 1066 1077 1137 1158 1236 1251 1270 1294 1314 1356 1364 1444 1479 1534 1580 1608 1695 1717 1726 1788 1794 1833 1928 2014 2038 2131 2189 2249 2278 2298 2361 2375 2425 2483 2524 2620 2666 2678 2707 2750 2762 2837 2847 2856 2943 3032 3042 3112 3179 3226 3261 3290 3355 3438 3495 3516 3594 3612 3628 3658 3719 3739 3821 3912 3956 3977 3984 4008 4044 4105 4128 4147 4227 4297 4319 4352 4372 4466 4506

32 66
32 60 302 508 717 817 1075 1315 1576 1627 1698 1897 2101 2330 2490 2701 2952 3016 3123 3220 3302 3542 3801 3967 4005 4154 4185 4375 4589 4691 4708 4907

89 26
81 118 133 222 251 350 429 482 510 608 684 755 827 837 849 903 990 1058 1138 1150 1208 1274 1289 1342 1437 1478 1561 1583 1611 1627 1649 1686 1695 1734 1766 1788 1837 1884 1927 2021 2087 2183 2219 2266 2368 2470 2543 2549 2560 2583 2605 2676 2684 2728 2812 2832 2891 2956 3057 3108 3116 3177 3186 3281 3308 3382 3471 3533 3565 3600 3610 3676 3722 3740 3749 3776 3837 3890 3955 4013 4071 4168 4259 4275 4306 4371 4392 4481 4566

65 6
21 32 41 59 74 92 103 118 135 142 153 174 193 213 237 261 285 294 318 340 361 383 393 415 439 441 460 473 480 501 508 526 548 562 585 587 603 606 617 619 628 632 633 645 665 684 687 703 709 727 731 744 746 767 773 797 801 813 830 839 853 858 882 906 918

69 72
203 267 502 551 807 973 1250 1312 1412 1552 1706 1755 1909 1929 1999 2175 2203 2321 2479 2611 2750 2938 3205 3281 3456 3605 3786 3959 4224 4342 4448 4580 4807 5028 5273 5341 5419 5455 5548 5816 5852 5984 6185 6271 6403 6645 6865 6928 7163 7326 7611 7697 7925 8071 8322 8440 8632 8858 9043 9207 9461 9619 9855 10117 10318 10477 10687 10912 11195

30 49
78 269 453 575 682 802 900 965 1072 1149 1288 1321 1515 1665 1689 1760 1781 1889 1972 1986 2010 2144 2327 2365 2522 2704 2859 2964 3146 3294

24 34
26 98 166 240 302 393 517 536 585 673 763 876 919 1043 1109 1227 1260 1384 1407 1510 1542 1652 1721 1830

45 69
53 162 339 522 692 850 1088 1287 1400 1581 1763 2016 2148 2393 2554 2599 2702 2919 3184 3348 3621 3886 4145 4278 4503 4559 4728 4852 5011 5243 5374 5539 5771 5986 6222 6389 6528 6738 6963 7138 7343 7441 7639 7911 8088

7 31
103 162 206 276 361 390 473

59 83
74 261 527 793 941 1163 1483 1647 1676 1932 2097 2310 2497 2772 2922 3030 3185 3206 3369 3612 3891 4082 4239 4451 4647 4734 5026 5059 5110 5317 5570 5724 5912 6043 6369 6507 6793 6899 7025 7195 7390 7517 7809 8004 8290 8360 8449 8486 8545 8870 9103 9270 9453 9724 9823 9862 10074 10254 10565

12 27
20 98 183 280 323 384 489 519 562 611 691 739

66 84
301 559 759 869 978 1288 1475 1616 1885 2052 2074 2233 2526 2588 2660 2731 2817 3016 3321 3493 3806 4020 4250 4474 4656 4889 5054 5082 5111 5198 5525 5802 6025 6163 6301 6593 6715 6950 7149 7279 7488 7794 8056 8084 8286 8536 8866 9188 9416 9611 9868 10158 10210 10457 10612 10654 10817 11133 11270 11440 11636 11947 12208 12260 12427 12708

