46
61 66
72 246 269 349 512 555 610 716 774 913 1046 1143 1382 1534 1600 1627 1652 1867 1936 2109 2135 2244 2491 2668 2760 2807 2930 3178 3275 3515 3577 3675 3804 3912 4034 4204 4308 4519 4564 4726 4943 5137 5191 5430 5642 5772 5834 5923 5971 6082 6127 6369 6446 6500 6530 6742 6986 7221 7263 7305 7490

9 96
203 558 706 962 1034 1331 1544 1762 1954

42 86
145 408 453 588 668 868 942 968 1065 1219 1347 1595 1640 1785 1906 2248 2535 2822 3024 3176 3497 3636 3688 3739 3791 3947 4139 4308 4545 4607 4891 5086 5216 5443 5555 5843 5875 6058 6226 6502 6691 6910

75 8
24 43 75 106 130 149 156 172 204 212 235 246 256 283 289 315 323 332 359 373 401 429 442 474 499 508 527 545 567 597 602 620 627 645 650 675 703 727 737 758 772 775 777 808 820 834 862 872 893 909 919 945 963 982 1006 1029 1053 1058 1074 1088 1103 1135 1146 1153 1155 1173 1180 1182 1207 1224 1242 1254 1282 1284 1288

33 11
33 54 73 88 100 104 139 144 175 208 214 235 254 272 313 356 388 414 429 443 468 474 517 547 559 568 589 610 642 658 692 711 713

37 84
52 84 199 355 573 802 868 1203 1362 1592 1852 1981 2145 2456 2621 2785 3005 3129 3210 3363 3447 3492 3516 3749 3871 4107 4377 4548 4640 4913 5131 5371 5566 5621 5806 6082 6153

26 10
12 30 50 74 87 126 162 175 186 212 230 258 291 321 360 381 391 427 435 465 495 509 521 553 578 613

58 78
243 423 644 895 1099 1315 1393 1495 1635 1843 1943 2252 2503 2624 2836 2920 2965 3241 3348 3497 3673 3859 3946 4070 4367 4588 4744 4884 5133 5284 5426 5561 5770 6017 6062 6303 6387 6696 6788 7061 7135 7156 7344 7554 7752 7909 8094 8371 8513 8818 8961 9096 9174 9278 9516 9574 9839 9988

24 47
94 164 221 398 439 514 604 667 716 779 851 1021 1176 1241 1299 1413 1588 1718 1849 1932 2020 2044 2072 2123

10 28
20 72 181 223 311 416 526 572 676 738

89 63
153 201 310 505 656 856 1104 1241 1383 1423 1667 1695 1737 1829 2053 2239 2359 2425 2584 2827 3018 3166 3354 3565 3796 3876 3945 4135 4251 4308 4324 4538 4717 4793 4890 4905 4998 5194 5293 5419 5640 5680 5875 5982 6001 6063 6222 6338 6355 6382 6426 6669 6755 6786 6907 7101 7287 7398 7507 7717 7781 7983 8092 8203 8236 8334 8376 8502 8597 8754 8988 9206 9228 9308 9350 9584 9626 9871 9974 10065 10171 10226 10289 10312 10411 10640 10870 11102 11342

35 84
58 309 626 653 709 952 1165 1218 1476 1761 1960 2055 2190 2519 2757 2811 3040 3154 3194 3526 3754 3972 4149 4423 4543 4844 5043 5078 5344 5450 5495 5816 6072 6402 6502

66 63
140 221 304 489 671 705 743 952 1080 1169 1373 1475 1517 1543 1660 1714 1956 2093 2129 2358 2507 2630 2740 2981 3137 3212 3323 3386 3551 3609 3742 3781 3877 4057 4205 4347 4579 4627 4755 4853 5090 5183 5364 5591 5771 5792 5825 6014 6039 6116 6267 6500 6592 6628 6817 7027 7046 7290 7410 7631 7861 7968 7992 8052 8147 8199

42 31
18 104 156 191 260 322 367 488 529 557 606 660 758 860 951 1054 1079 1130 1141 1254 1329 1442 1519 1595 1609 1727 1738 1800 1836 1870 1938 2049 2159 2193 2294 2347 2445 2472 2481 2552 2594 2624

83 72
175 290 330 389 495 775 866 1007 1178 1444 1640 1719 1980 2245 2398 2659 2874 2920 3041 3124 3274 3368 3572 3800 3840 3947 4096 4168 4416 4661 4917 5203 5267 5394 5640 5822 6034 6105 6393 6431 6700 6852 7008 7129 7359 7544 7708 7883 8103 8264 8526 8694 8933 9025 9271 9533 9630 9884 10138 10306 10578 10685 10854 10948 10977 11166 11418 11642 11891 11993 12164 12324 12583 12669 12749 12897 13061 13105 13263 13488 13552 13677 13704

58 39
24 49 151 261 343 432 509 658 812 883 987 1045 1165 1237 1376 1528 1641 1652 1765 1899 1956 2078 2180 2319 2420 2545 2645 2751 2892 2995 3007 3126 3187 3220 3291 3431 3476 3521 3673 3737 3882 3927 3961 4013 4045 4067 4208 4271 4330 4386 4426 4458 4507 4650 4697 4810 4821 4842

41 63
86 177 347 482 716 759 823 875 1097 1169 1329 1398 1563 1646 1872 1896 2124 2241 2479 2508 2523 2671 2707 2880 3000 3058 3154 3368 3545 3788 3876 4023 4234 4450 4649 4880 4977 5218 5353 5512 5639

25 63
189 291 479 625 851 896 1011 1086 1249 1278 1481 1558 1733 1848 2058 2091 2235 2340 2462 2525 2561 2772 2813 3010 3242

87 82
217 459 776 912 1122 1235 1410 1571 1591 1838 2049 2199 2403 2651 2860 3118 3199 3316 3593 3866 4024 4058 4218 4524 4594 4794 4881 4955 5239 5401 5567 5593 5657 5861 6124 6263 6442 6688 6871 7015 7214 7264 7284 7405 7604 7819 7913 8026 8135 8215 8461 8681 8902 9076 9163 9360 9510 9808 9881 10093 10299 10406 10579 10701 10880 11128 11172 11482 11762 11820 12037 12058 12098 12157 12220 12474 12587 12772 13070 13318 13413 13656 13879 14020 14066 14267 14326

7 54
75 214 359 549 651 823 1003

5 55
136 156 367 571 767

50 63
51 92 297 442 639 810 853 872 1004 1149 1230 1356 1561 1647 1717 1834 1853 2104 2323 2538 2652 2684 2898 3026 3262 3375 3485 3659 3789 4012 4147 4337 4575 4617 4745 4889 5066 5270 5476 5510 5754 5893 5938 6128 6305 6344 6448 6580 6639 6845

83 24
33 76 129 140 177 258 322 354 448 532 539 570 625 714 726 791 879 890 914 956 988 1084 1090 1150 1188 1243 1339 1358 1400 1485 1501 1551 1633 1684 1712 1796 1807 1894 1940 1960 1975 2047 2056 2109 2163 2246 2326 2353 2405 2439 2446 2495 2518 2534 2559 2608 2668 2701 2720 2755 2831 2862 2921 2928 2987 3070 3145 3207 3239 3291 3375 3402 3428 3472 3500 3580 3598 3629 3686 3700 3730 3763 3832

38 59
147 338 496 530 556 682 771 838 1030 1110 1133 1203 1286 1313 1454 1505 1598 1752 1768 1787 1963 2162 2340 2564 2709 2850 2932 3079 3213 3274 3466 3600 3667 3874 4088 4251 4365 4590

44 67
124 378 638 731 762 924 1093 1138 1204 1379 1637 1676 1789 2039 2174 2268 2352 2467 2513 2675 2941 3163 3376 3430 3685 3843 4026 4230 4338 4483 4583 4760 4830 5028 5219 5277 5365 5418 5471 5530 5670 5899 6145 6369

48 53
38 152 221 390 533 691 725 820 1006 1033 1228 1311 1329 1505 1670 1711 1913 1949 2137 2222 2258 2436 2550 2599 2736 2780 2936 2999 3019 3145 3334 3406 3457 3538 3684 3768 3815 3903 3948 3971 4032 4175 4312 4397 4524 4559 4635 4772

8 90
273 427 715 1018 1288 1490 1615 1774

14 27
30 71 151 194 268 371 394 496 548 642 655 698 774 804

23 41
87 137 210 226 389 544 555 639 790 811 918 963 981 1058 1178 1332 1447 1493 1653 1664 1804 1857 1991

48 58
52 79 257 402 426 464 550 688 828 927 1009 1240 1446 1615 1700 1744 1772 1859 2076 2287 2436 2631 2789 3017 3118 3159 3274 3474 3536 3712 3737 3870 4093 4172 4376 4581 4741 4859 4943 5010 5238 5396 5503 5693 5714 5894 6049 6089

61 94
137 162 522 574 606 789 1047 1343 1435 1459 1500 1713 1828 1879 1905 2279 2628 2666 2834 2964 3064 3150 3435 3511 3694 3817 3927 4253 4304 4362 4632 4804 4996 5369 5484 5567 5712 5842 5865 5986 6104 6268 6328 6374 6445 6772 7059 7302 7496 7596 7776 7956 8293 8370 8621 8830 8950 9313 9435 9543 9631

45 96
262 471 748 857 1069 1210 1534 1574 1826 1903 2206 2235 2567 2771 2950 3009 3271 3616 3719 4094 4158 4521 4899 5135 5382 5590 5632 5814 5970 6202 6398 6666 6893 6998 7290 7662 7999 8154 8234 8437 8606 8886 9221 9325 9503

27 67
249 334 395 553 665 772 799 1017 1035 1055 1110 1368 1431 1568 1705 1860 2092 2176 2412 2648 2836 3064 3186 3322 3498 3742 3822

10 54
202 261 466 678 799 869 1001 1100 1164 1214

57 46
79 234 332 383 402 436 452 538 685 738 908 1023 1036 1140 1245 1411 1469 1602 1757 1926 1982 2027 2208 2241 2393 2492 2559 2619 2756 2878 2962 2989 3087 3128 3288 3443 3500 3511 3622 3694 3762 3835 3910 3938 4025 4097 4231 4321 4366 4530 4655 4750 4797 4873 4917 5097 5268

69 95
319 697 920 1101 1334 1379 1727 1906 2051 2179 2494 2591 2662 3025 3246 3532 3716 3863 4170 4440 4574 4812 5132 5191 5493 5610 5711 5884 6206 6410 6438 6795 7110 7231 7328 7653 7727 8078 8179 8318 8592 8895 9039 9143 9336 9591 9774 10048 10332 10433 10475 10759 11079 11456 11525 11905 11960 12039 12227 12277 12430 12589 12920 13204 13371 13425 13772 13998 14220

16 39
63 72 160 255 365 503 529 556 700 715 830 859 934 966 1006 1032

67 99
319 663 1030 1328 1647 1842 2070 2123 2451 2793 3088 3188 3487 3533 3770 3831 3987 4352 4586 4970 5228 5321 5541 5649 5846 5891 6172 6294 6489 6581 6920 7252 7539 7587 7722 8003 8380 8515 8822 9036 9284 9489 9522 9820 9857 10023 10058 10291 10663 10863 11235 11454 11526 11603 11935 12098 12178 12241 12299 12357 12613 12877 13068 13127 13324 13441 13743

79 55
50 215 319 530 653 813 953 1087 1263 1467 1685 1769 1880 1961 1996 2071 2102 2201 2298 2414 2500 2637 2835 2983 3197 3227 3305 3342 3491 3628 3734 3778 3926 4130 4318 4512 4721 4840 4860 4941 4954 5129 5236 5421 5515 5530 5626 5647 5828 5924 6089 6168 6182 6219 6283 6333 6525 6717 6918 6933 7147 7307 7509 7539 7656 7770 7825 8005 8138 8319 8431 8552 8615 8834 8972 9076 9295 9417 9491

2 12
30 57

43 88
27 69 284 359 451 777 1025 1328 1609 1889 1936 2146 2256 2470 2574 2785 2989 3217 3269 3469 3730 4029 4142 4186 4218 4329 4426 4578 4879 5097 5181 5334 5662 5799 5965 6014 6070 6301 6412 6471 6687 6948 7106

2 34
40 57

1 71
99

91 9
14 50 77 109 121 151 154 179 215 233 267 281 283 290 293 319 347 374 407 441 452 472 487 522 551 563 579 601 606 626 641 648 665 683 709 731 740 756 768 782 791 810 841 844 859 891 926 932 955 991 994 1016 1028 1030 1063 1073 1094 1122 1150 1154 1183 1194 1219 1233 1258 1261 1271 1285 1306 1313 1324 1342 1349 1358 1369 1371 1373 1401 1428 1439 1441 1462 1466 1497 1505 1540 1552 1557 1562 1585 1606

78 64
226 387 522 638 828 1057 1238 1493 1558 1813 1845 1986 2082 2283 2449 2479 2642 2864 2904 2966 3138 3236 3475 3501 3660 3780 4025 4160 4183 4439 4485 4705 4741 4976 5096 5301 5540 5622 5835 6015 6227 6268 6356 6437 6525 6573 6727 6789 6927 7150 7210 7371 7465 7640 7798 7867 7941 8067 8302 8363 8458 8562 8744 9000 9148 9184 9262 9516 9722 9935 10074 10317 10544 10595 10773 10840 11031 11124

79 100
121 497 792 1000 1125 1458 1711 1862 2045 2392 2639 2707 2902 3158 3514 3748 4140 4432 4684 5061 5233 5479 5561 5915 6028 6142 6172 6561 6656 6890 7121 7441 7598 7865 8108 8345 8589 8620 8751 8888 8996 9063 9299 9533 9693 9750 10139 10493 10793 11134 11414 11807 11879 11999 12392 12569 12901 12977 13270 13647 13962 14336 14394 14790 14833 14983 15064 15348 15513 15793 16167 16566 16780 16983 17154 17357 17537 17745 18036

