10
70 43
147 315 485 649 717 878 1033 1201 1308 1457 1584 1655 1781 1892 1997 2160 2188 2230 2272 2353 2409 2456 2469 2479 2573 2643 2800 2911 2941 2995 3090 3244 3264 3286 3447 3532 3557 3661 3771 3899 3952 4063 4212 4328 4372 4492 4523 4623 4772 4842 4957 5010 5113 5147 5177 5275 5421 5510 5591 5651 5764 5868 6007 6051 6082 6189 6288 6317 6329 6475

99 98
162 408 582 611 856 905 993 1019 1096 1201 1555 1816 1960 2109 2314 2567 2667 2785 3111 3199 3296 3528 3698 3986 4227 4506 4634 4826 5132 5461 5817 5888 5916 6225 6336 6584 6788 7042 7359 7608 7872 7986 8091 8353 8596 8688 8733 8995 9229 9612 9706 9805 9906 9952 10099 10255 10551 10713 11100 11356 11410 11558 11741 11977 12300 12530 12571 12944 13116 13383 13732 13808 13895 14018 14112 14256 14432 14489 14674 14887 15123 15481 15562 15748 15966 16331 16589 16873 16961 17242 17485 17537 17801 18180 18496 18748 18958 19122 19404

34 89
177 473 714 835 1186 1361 1564 1668 1983 2316 2667 2711 2737 2898 3058 3378 3591 3746 3817 3984 4293 4631 4656 4992 5128 5251 5469 5509 5652 5858 5985 6049 6179 6476

18 21
41 70 115 138 171 223 297 357 400 429 509 537 606 682 739 759 765 801

31 91
296 556 822 1103 1359 1686 1816 1954 2081 2248 2388 2502 2757 3051 3378 3641 3751 4089 4256 4307 4337 4551 4845 4929 5238 5263 5383 5512 5601 5794 5967

91 24
8 86 170 260 328 348 422 518 586 637 682 751 802 843 885 936 978 1005 1047 1078 1100 1108 1203 1299 1311 1366 1419 1443 1524 1565 1601 1622 1629 1673 1730 1778 1853 1906 1951 2012 2027 2050 2068 2133 2139 2191 2200 2285 2380 2415 2494 2548 2603 2674 2750 2778 2785 2869 2903 2956 3006 3100 3183 3278 3351 3363 3437 3489 3557 3594 3646 3652 3730 3741 3783 3849 3866 3932 3974 4046 4075 4148 4166 4247 4288 4347 4413 4475 4505 4562 4624

17 65
251 384 478 615 825 879 946 1165 1301 1501 1623 1708 1796 1819 1873 1981 2071

45 96
123 432 486 861 918 1179 1330 1487 1607 1874 1987 2267 2630 2929 3261 3311 3685 3865 4029 4124 4170 4428 4805 4963 5197 5389 5662 6043 6250 6459 6570 6814 7085 7183 7388 7708 7941 8225 8333 8505 8729 8841 8880 9220 9458

83 66
235 372 552 700 894 1095 1358 1425 1619 1808 1886 2060 2275 2534 2735 2986 3203 3234 3472 3730 3914 4050 4204 4420 4492 4576 4647 4697 4897 4966 5085 5249 5357 5595 5844 6066 6120 6313 6533 6695 6761 6900 7056 7136 7168 7317 7395 7647 7861 7943 8155 8385 8542 8661 8728 8881 9072 9308 9448 9563 9817 9959 10129 10315 10345 10543 10734 10963 10992 11147 11333 11465 11602 11757 11781 11950 12035 12236 12452 12632 12848 13103 13155

44 93
327 558 862 895 1262 1433 1791 1854 1946 2046 2165 2317 2492 2600 2763 2928 3152 3469 3604 3674 3975 4096 4314 4451 4600 4935 5265 5619 5946 6196 6288 6502 6652 6897 7008 7214 7239 7367 7705 7866 8059 8172 8345 8429

