24
90 72
86 245 326 386 558 673 734 988 1251 1305 1401 1684 1894 1923 2046 2272 2445 2483 2750 3014 3072 3156 3253 3500 3544 3637 3700 3823 3905 4003 4056 4284 4405 4530 4765 4807 4875 4980 5117 5331 5562 5847 5914 5993 6122 6401 6620 6895 7158 7220 7371 7506 7551 7661 7826 8040 8208 8481 8743 8998 9249 9452 9619 9792 10004 10253 10400 10681 10942 11173 11390 11628 11909 12177 12248 12435 12593 12633 12798 12935 13099 13201 13365 13414 13670 13891 14074 14218 14240 14512

48 34
55 109 147 279 409 482 592 651 728 845 913 948 1039 1136 1164 1277 1399 1408 1460 1518 1536 1620 1686 1720 1755 1813 1850 1903 2026 2080 2105 2137 2176 2240 2262 2329 2350 2421 2480 2488 2570 2594 2657 2670 2694 2812 2842 2914

40 45
64 218 286 465 576 739 770 841 922 1077 1199 1366 1398 1513 1653 1700 1835 1896 2050 2077 2115 2141 2152 2328 2428 2474 2612 2631 2804 2941 3108 3128 3207 3280 3419 3472 3489 3599 3642 3715

57 71
58 279 341 529 609 813 976 1052 1262 1464 1482 1640 1889 2151 2291 2406 2672 2743 2835 2971 2991 3212 3282 3332 3377 3396 3499 3613 3875 4120 4345 4367 4416 4667 4896 4918 5000 5223 5385 5661 5833 5999 6050 6230 6353 6426 6648 6704 6786 6997 7112 7146 7190 7430 7697 7866 7956

96 52
88 127 182 244 362 565 725 857 875 890 1062 1178 1320 1502 1522 1692 1736 1768 1928 2044 2193 2234 2345 2436 2633 2695 2835 2873 2946 3017 3046 3133 3339 3480 3526 3654 3687 3746 3843 3949 3968 4075 4194 4240 4261 4371 4516 4642 4807 4907 5021 5211 5367 5479 5660 5677 5835 5879 5972 6002 6206 6273 6445 6527 6635 6710 6738 6882 6994 7194 7350 7554 7735 7847 7909 8062 8174 8286 8337 8363 8411 8468 8552 8724 8870 9065 9271 9476 9651 9705 9848 9924 10111 10255 10302 10423

84 74
109 234 253 368 516 687 793 933 1129 1188 1212 1293 1460 1688 1710 1854 1914 2196 2371 2607 2836 3020 3175 3263 3415 3627 3840 3972 4117 4341 4428 4489 4680 4792 5016 5062 5240 5485 5588 5706 5988 6254 6538 6562 6827 6913 7085 7215 7502 7553 7699 7769 7886 8104 8335 8391 8494 8623 8684 8810 8942 9099 9293 9437 9588 9688 9962 10042 10164 10377 10553 10607 10788 10949 11029 11099 11289 11571 11845 12009 12093 12368 12406 12487

94 74
282 430 709 990 1217 1479 1648 1783 1817 1866 2124 2370 2605 2822 2851 3093 3187 3267 3487 3680 3897 3984 4144 4226 4486 4652 4788 4827 5007 5073 5129 5397 5616 5641 5900 6076 6335 6517 6634 6727 6811 6958 7163 7378 7591 7811 8017 8173 8288 8356 8508 8746 8960 9117 9399 9460 9749 9958 10075 10229 10470 10633 10784 10970 11163 11353 11433 11551 11745 12002 12164 12372 12475 12641 12788 13064 13112 13245 13311 13329 13532 13564 13653 13940 14159 14340 14385 14517 14622 14658 14692 14772 14847 15039

43 64
180 409 429 637 693 767 960 1107 1129 1257 1418 1583 1737 1783 1884 2006 2190 2245 2328 2455 2571 2708 2750 2981 3172 3277 3352 3420 3646 3892 3934 4024 4202 4321 4467 4640 4790 4975 5213 5467 5531 5556 5766

22 38
146 296 391 421 469 535 557 663 728 834 963 979 1076 1099 1133 1253 1396 1504 1586 1716 1855 1927

62 23
56 121 136 176 235 303 371 438 457 490 532 537 555 567 624 716 733 745 760 773 779 870 936 953 1042 1050 1102 1135 1163 1194 1228 1260 1271 1317 1368 1391 1408 1486 1550 1564 1630 1661 1698 1765 1836 1890 1964 1971 1980 2000 2050 2128 2134 2186 2192 2202 2285 2363 2433 2522 2591 2600

90 22
39 54 95 132 177 256 298 346 418 438 449 525 550 613 648 661 738 746 831 881 945 1001 1075 1152 1174 1245 1280 1342 1405 1452 1515 1558 1565 1614 1689 1769 1856 1885 1918 1934 2002 2059 2114 2125 2175 2248 2309 2397 2434 2493 2514 2535 2541 2604 2676 2759 2811 2850 2891 2967 2995 3065 3142 3222 3232 3317 3376 3381 3417 3493 3530 3548 3596 3618 3705 3740 3775 3825 3876 3958 4035 4090 4165 4195 4242 4285 4330 4411 4444 4479

81 26
36 48 95 141 238 299 314 322 424 525 555 640 647 733 773 834 932 957 1017 1030 1087 1110 1193 1226 1302 1331 1355 1446 1476 1571 1612 1658 1753 1855 1905 1913 1954 1983 2045 2052 2123 2218 2276 2343 2390 2403 2504 2516 2597 2633 2706 2718 2762 2813 2827 2876 2937 3019 3032 3126 3197 3247 3313 3382 3426 3523 3556 3609 3703 3778 3874 3960 3978 4082 4119 4173 4269 4373 4419 4485 4568

99 79
73 116 318 436 576 772 808 842 861 882 958 1114 1306 1329 1493 1538 1845 1902 2125 2354 2567 2638 2838 2872 3007 3111 3389 3507 3569 3735 3963 4147 4232 4534 4670 4802 4900 4990 5233 5325 5513 5685 5739 5763 6063 6200 6386 6459 6492 6671 6879 6951 7088 7322 7399 7533 7775 7954 8131 8334 8517 8729 8816 9096 9288 9322 9506 9666 9944 10175 10202 10446 10540 10777 10835 10987 11132 11356 11580 11682 11754 11808 12041 12328 12513 12580 12797 13099 13366 13601 13869 14027 14282 14443 14524 14692 14870 15170 15424

50 41
93 255 385 419 490 500 646 743 841 941 1001 1050 1175 1323 1381 1432 1502 1609 1702 1834 1933 2070 2200 2357 2397 2514 2641 2670 2816 2926 2961 3079 3143 3248 3327 3373 3513 3530 3651 3761 3863 3947 4036 4057 4109 4210 4279 4397 4468 4614

23 56
126 200 409 458 547 741 833 988 1071 1248 1363 1528 1752 1789 1924 2015 2144 2230 2333 2446 2497 2676 2715

18 53
31 109 256 443 536 700 779 806 819 894 1100 1235 1301 1461 1557 1583 1693 1867

2 16
62 121

55 56
130 329 470 559 737 926 1093 1239 1415 1551 1766 1898 2066 2138 2287 2460 2669 2802 2965 3032 3250 3427 3508 3691 3897 4120 4323 4472 4632 4689 4740 4823 5007 5040 5245 5354 5407 5509 5535 5623 5646 5709 5750 5768 5872 6036 6087 6210 6330 6438 6659 6722 6808 6857 6924

96 9
21 35 63 84 95 120 139 163 178 185 190 198 210 231 239 272 287 290 307 317 322 355 364 389 415 439 441 476 482 500 504 516 526 540 570 581 603 626 655 684 713 740 760 780 801 827 834 861 881 899 901 927 956 969 1004 1028 1033 1047 1072 1099 1112 1134 1159 1176 1198 1207 1228 1230 1261 1293 1298 1302 1322 1328 1336 1363 1390 1398 1419 1439 1451 1453 1473 1494 1504 1530 1552 1561 1593 1612 1639 1653 1683 1701 1717 1720

51 89
80 370 660 731 779 864 1170 1475 1528 1657 1926 2003 2039 2208 2405 2627 2791 2984 3216 3524 3706 3854 4174 4503 4658 4748 4868 5091 5250 5320 5424 5555 5592 5791 6078 6371 6564 6683 6839 6959 7178 7351 7449 7663 7957 8175 8503 8594 8929 9277 9399

41 34
52 99 147 243 304 410 441 455 481 536 659 748 771 793 882 946 1027 1113 1134 1269 1347 1466 1503 1586 1667 1704 1806 1911 1951 2026 2155 2271 2394 2473 2522 2603 2692 2819 2883 2958 3032

46 50
70 255 315 393 479 579 709 723 915 1079 1218 1295 1465 1486 1678 1753 1914 2023 2171 2349 2387 2419 2561 2748 2837 2959 3007 3077 3217 3336 3349 3529 3643 3730 3802 3881 3946 4034 4194 4301 4379 4412 4477 4673 4767 4835

65 45
64 168 190 233 343 358 436 503 624 684 833 935 1058 1152 1259 1377 1543 1639 1676 1807 1846 1915 1994 2148 2183 2249 2333 2370 2545 2594 2709 2831 2884 3012 3072 3109 3225 3373 3514 3548 3562 3605 3638 3804 3938 4020 4075 4099 4201 4227 4325 4364 4422 4447 4461 4637 4700 4727 4867 4943 4987 5037 5118 5196 5339

99 99
249 420 457 606 902 1249 1608 1864 2139 2532 2620 2925 3187 3498 3753 3843 4189 4313 4654 4891 5164 5350 5454 5601 5804 6168 6514 6782 6991 7019 7157 7514 7669 7848 7998 8214 8255 8339 8721 8966 9042 9108 9488 9545 9935 10200 10519 10887 11053 11261 11380 11606 11773 11820 12038 12225 12528 12681 12817 13120 13377 13586 13860 14002 14139 14216 14472 14654 14953 15178 15518 15662 15730 15796 15888 16049 16139 16394 16621 16669 16817 16894 17171 17559 17594 17976 18205 18414 18627 18655 18796 19137 19263 19359 19648 19866 20198 20458 20745

