17
27 100
32 332 413 733 814 997 1293 1434 1548 1891 2135 2212 2528 2763 3116 3186 3316 3531 3670 3979 4097 4480 4511 4564 4882 4914 5012

24 77
212 264 441 521 664 922 1118 1371 1541 1829 1865 1960 2012 2076 2319 2393 2521 2560 2647 2918 3206 3254 3350 3578

52 6
4 15 22 45 59 80 94 110 114 123 139 158 182 189 197 216 234 253 276 295 296 307 314 338 347 349 354 356 375 385 388 389 412 427 440 447 465 469 479 482 488 503 526 533 544 550 572 591 609 619 631 638

88 97
388 463 687 790 868 1250 1455 1760 1839 2102 2409 2446 2707 2967 3183 3571 3692 4068 4368 4745 4990 5266 5556 5612 5778 5940 6223 6292 6531 6725 6992 7175 7505 7765 7852 8185 8468 8552 8761 9109 9156 9341 9544 9742 9766 9811 10171 10303 10461 10702 10762 11114 11158 11472 11713 12050 12258 12351 12519 12700 12791 13156 13182 13365 13692 13983 14123 14464 14663 14722 14993 15183 15363 15500 15673 15749 16007 16205 16251 16582 16746 16898 17258 17574 17640 17695 17981 18131

68 77
128 229 472 538 760 787 997 1026 1309 1414 1568 1627 1851 2078 2265 2528 2572 2812 3115 3217 3291 3438 3597 3861 4168 4343 4411 4509 4544 4597 4690 4714 4984 5096 5122 5399 5418 5640 5940 6082 6325 6396 6558 6857 6903 7102 7121 7388 7577 7707 7860 7954 8145 8186 8485 8755 8986 9065 9284 9373 9479 9681 9987 10277 10327 10623 10834 10907

36 72
102 384 404 613 857 954 977 1172 1297 1333 1407 1612 1666 1718 2000 2184 2441 2540 2755 3001 3157 3177 3424 3689 3937 4082 4242 4379 4438 4518 4757 4826 4855 5136 5335 5552

85 61
161 404 583 619 707 840 913 1057 1075 1228 1435 1552 1701 1749 1974 2206 2413 2648 2705 2892 3117 3296 3499 3699 3921 4126 4143 4240 4459 4576 4762 4934 5048 5095 5269 5315 5522 5764 5834 5988 6148 6236 6410 6559 6648 6775 7013 7188 7344 7383 7586 7786 7989 8227 8284 8306 8386 8434 8482 8613 8754 8877 8903 9047 9279 9315 9444 9484 9674 9772 9806 9849 10066 10083 10272 10439 10579 10642 10773 10994 11191 11332 11426 11628 11835

22 97
226 569 648 869 1013 1187 1281 1477 1508 1756 1821 2118 2478 2621 2785 3054 3290 3670 3892 3925 4007 4072

12 93
327 682 858 1213 1344 1463 1782 2038 2369 2561 2771 3023

54 29
95 163 254 269 326 429 458 548 556 641 740 840 887 982 1025 1124 1211 1296 1315 1328 1421 1437 1453 1563 1635 1691 1796 1839 1848 1952 2011 2098 2121 2214 2330 2377 2432 2492 2537 2652 2744 2847 2940 3018 3029 3079 3102 3194 3235 3259 3294 3303 3364 3431

4 1
4 7 10 11

69 29
37 96 158 265 303 374 464 494 581 637 671 767 782 838 869 925 1003 1068 1091 1193 1226 1311 1319 1432 1507 1566 1623 1716 1816 1883 1896 1959 2036 2138 2216 2310 2356 2372 2386 2500 2564 2630 2715 2746 2851 2865 2959 3075 3139 3221 3334 3342 3381 3414 3464 3487 3529 3589 3655 3681 3714 3812 3842 3910 3922 3998 4107 4136 4191

101 97
99 266 450 576 964 1012 1265 1315 1618 1702 2070 2429 2632 2985 3365 3563 3905 3982 4195 4268 4599 4961 4996 5306 5614 5883 6169 6213 6590 6836 7071 7200 7226 7283 7579 7892 8207 8364 8658 9034 9105 9160 9332 9517 9688 9836 10031 10386 10518 10706 10860 11144 11291 11537 11813 11966 12219 12410 12664 12786 12933 13208 13362 13711 14014 14202 14249 14492 14556 14940 15306 15390 15776 16097 16179 16252 16485 16517 16553 16785 17111 17228 17501 17544 17684 17745 17773 17945 18124 18368 18500 18874 18995 19242 19434 19724 19885 19976 20256 20371 20397

23 29
111 160 173 218 238 298 400 490 510 601 625 741 812 892 937 977 1017 1078 1120 1224 1251 1337 1365

46 12
36 42 71 81 108 124 147 186 223 236 277 280 287 334 365 406 446 483 499 532 561 587 590 635 656 676 707 719 753 771 783 815 827 862 894 936 970 985 988 1023 1070 1093 1103 1126 1161 1204

28 29
85 198 309 424 512 566 616 691 783 817 926 1029 1145 1188 1284 1370 1377 1445 1475 1577 1642 1731 1790 1838 1893 2007 2029 2056

18 33
132 168 247 280 371 391 427 496 543 642 687 770 780 903 942 1008 1096 1154

