50
59 50
38 60 99 173 222 296 465 486 664 789 904 1049 1166 1338 1518 1646 1777 1829 1921 2045 2193 2366 2389 2421 2508 2593 2783 2979 3160 3216 3366 3453 3472 3614 3734 3885 4065 4194 4370 4538 4695 4887 5032 5146 5267 5375 5454 5637 5758 5784 5798 5873 5968 6027 6146 6231 6347 6533 6597

73 45
35 132 158 182 234 284 361 393 547 663 697 790 966 1016 1070 1130 1237 1310 1473 1575 1690 1772 1795 1968 2021 2155 2185 2213 2243 2274 2351 2425 2565 2648 2754 2784 2923 2996 3076 3189 3283 3312 3389 3472 3579 3641 3760 3784 3823 3956 3974 4130 4228 4269 4424 4523 4638 4683 4753 4772 4835 4846 4955 5025 5063 5120 5254 5385 5459 5587 5650 5716 5768

20 2
6 10 14 21 25 30 37 45 51 59 63 64 65 69 69 74 79 82 90 97

67 56
147 320 463 612 815 962 1138 1222 1262 1366 1490 1573 1660 1799 1921 2040 2162 2203 2257 2341 2460 2522 2677 2733 2872 3013 3212 3378 3537 3669 3706 3786 3956 4034 4171 4381 4435 4496 4511 4526 4675 4848 4906 5096 5129 5321 5417 5623 5771 5960 6068 6163 6267 6309 6336 6546 6741 6805 7016 7045 7218 7339 7389 7595 7693 7872 7982

93 50
155 248 298 323 471 491 555 615 675 755 855 1019 1054 1136 1271 1395 1523 1702 1758 1800 1921 1946 2083 2102 2206 2274 2360 2501 2663 2708 2849 2985 3173 3215 3266 3380 3560 3646 3742 3918 3999 4110 4166 4300 4412 4461 4642 4669 4799 4846 4882 5030 5054 5213 5236 5321 5343 5468 5634 5656 5804 5818 5909 6033 6153 6315 6438 6636 6748 6792 6882 6962 7123 7187 7330 7506 7599 7653 7769 7797 7819 7961 8061 8247 8382 8532 8640 8742 8902 9084 9206 9272 9329

6 37
71 166 289 330 385 453

57 47
108 127 142 327 502 563 581 743 930 1009 1031 1146 1265 1372 1442 1580 1698 1807 1852 1967 2017 2135 2167 2226 2301 2321 2399 2536 2634 2780 2841 2993 3028 3095 3279 3451 3546 3602 3630 3746 3892 4080 4251 4382 4510 4654 4713 4884 4914 5079 5151 5320 5390 5537 5552 5726 5861

79 69
42 219 246 492 732 882 1026 1272 1404 1535 1737 2002 2085 2206 2248 2267 2432 2669 2876 3059 3232 3459 3479 3521 3637 3696 3885 3966 4129 4248 4391 4561 4792 4918 4960 4997 5255 5352 5429 5585 5688 5955 6142 6186 6271 6493 6630 6671 6917 7088 7119 7201 7427 7551 7815 7963 8032 8246 8443 8601 8799 8971 9088 9112 9248 9323 9581 9674 9929 10114 10235 10456 10607 10679 10764 10987 11161 11354 11584

58 17
29 54 121 154 172 209 277 293 313 355 373 423 447 477 501 569 626 638 705 714 778 831 853 872 887 930 974 1001 1046 1083 1110 1151 1157 1215 1243 1300 1345 1406 1436 1485 1505 1533 1562 1604 1672 1682 1708 1765 1784 1800 1837 1886 1942 1972 1999 2016 2032 2079

95 81
151 472 556 776 1095 1159 1477 1600 1760 2009 2255 2295 2536 2815 2845 2978 3046 3295 3522 3680 3821 4012 4300 4561 4623 4788 5025 5045 5164 5205 5322 5609 5881 6112 6355 6406 6726 6806 6914 7226 7284 7445 7597 7747 7823 7936 8045 8229 8297 8401 8665 8852 9050 9083 9108 9332 9488 9710 10004 10287 10521 10778 10882 10967 11130 11171 11337 11499 11784 11938 12208 12318 12602 12741 12973 13200 13422 13622 13713 13969 14261 14453 14750 15004 15085 15210 15322 15354 15486 15804 15996 16304 16587 16733 16805

37 66
171 233 316 340 598 748 901 1132 1392 1556 1775 2029 2049 2236 2345 2532 2573 2589 2708 2739 2985 3009 3120 3231 3446 3625 3827 3868 3946 4077 4249 4333 4537 4768 4999 5076 5294

22 6
20 31 48 57 61 84 88 99 106 107 112 127 134 157 168 172 175 189 204 219 237 250

68 76
175 377 527 741 922 1195 1218 1328 1464 1558 1854 1978 2025 2224 2272 2450 2512 2752 2983 3246 3266 3285 3467 3606 3872 3991 4119 4235 4304 4490 4656 4860 5149 5261 5406 5682 5769 5870 6026 6150 6410 6537 6785 6845 6906 7141 7275 7413 7478 7655 7804 8071 8159 8385 8602 8804 8958 9141 9353 9509 9647 9799 10077 10128 10194 10312 10537 10563

21 55
42 111 233 330 466 572 666 874 1081 1106 1292 1410 1435 1507 1650 1850 1872 1963 2008 2169 2234

39 37
133 203 231 274 396 529 625 645 709 779 887 921 1020 1095 1180 1251 1383 1458 1590 1602 1654 1741 1846 1994 2131 2271 2341 2373 2492 2598 2642 2788 2859 2982 3071 3080 3174 3257 3325

77 46
122 255 393 405 504 677 821 940 1122 1206 1289 1330 1395 1437 1603 1732 1820 1847 1893 1948 2051 2205 2262 2378 2408 2569 2740 2771 2892 2929 3025 3085 3112 3167 3247 3331 3360 3463 3474 3596 3611 3649 3787 3912 3959 4048 4132 4200 4352 4380 4547 4661 4729 4802 4852 4927 4967 5119 5138 5189 5294 5407 5448 5590 5601 5663 5845 6003 6160 6337 6467 6597 6695 6816 6946 7008 7150

86 10
39 51 87 90 114 131 145 152 168 192 200 216 237 262 282 290 305 328 335 345 372 392 425 456 488 519 538 540 566 578 587 607 641 681 714 726 741 780 816 848 866 890 929 965 999 1023 1039 1041 1059 1094 1122 1145 1149 1177 1191 1201 1231 1266 1287 1299 1339 1375 1400 1432 1457 1468 1487 1493 1509 1525 1556 1579 1613 1631 1641 1652 1683 1695 1703 1737 1773 1810 1849 1883 1918 1931

68 101
58 348 375 443 477 706 927 1022 1083 1418 1596 1955 2057 2230 2553 2605 2947 3279 3563 3915 4090 4357 4441 4638 4738 4784 5104 5243 5294 5623 5965 6083 6143 6312 6443 6658 6905 7003 7331 7527 7749 7990 8197 8465 8826 9167 9568 9816 9865 10175 10445 10625 10831 11043 11155 11419 11811 11985 12307 12451 12513 12589 12986 13221 13271 13620 14008 14242

5 63
57 136 152 257 407

33 43
32 135 217 305 451 531 608 667 684 830 972 1044 1216 1284 1380 1520 1572 1680 1763 1890 1902 1914 2016 2147 2289 2384 2399 2456 2484 2526 2672 2779 2849

93 77
194 359 624 771 862 926 1043 1247 1433 1519 1596 1874 1912 2190 2302 2543 2579 2605 2780 2948 3164 3306 3377 3401 3466 3639 3905 4075 4252 4315 4401 4693 4881 5173 5209 5412 5474 5533 5619 5787 6021 6161 6237 6375 6502 6736 6929 7091 7345 7540 7569 7745 7882 8060 8154 8272 8448 8703 8756 8988 9115 9371 9514 9634 9716 10002 10155 10188 10289 10421 10610 10894 10950 11132 11341 11471 11684 11844 11901 12051 12269 12518 12743 12892 13131 13185 13391 13484 13524 13543 13828 13973 14110

97 49
69 168 286 362 445 564 709 874 1063 1216 1257 1409 1550 1673 1716 1796 1988 2034 2200 2392 2490 2568 2591 2738 2856 2899 2920 3095 3140 3287 3399 3468 3486 3609 3621 3814 3923 4058 4194 4328 4467 4495 4561 4628 4644 4739 4902 5070 5161 5204 5222 5259 5317 5371 5457 5647 5833 5870 6010 6054 6147 6284 6444 6520 6696 6782 6955 7148 7253 7383 7565 7594 7773 7863 7929 8035 8216 8258 8315 8458 8647 8815 8926 9066 9252 9327 9344 9445 9458 9608 9748 9850 10038 10185 10295 10393 10560

87 51
191 268 426 444 560 595 681 723 779 883 916 1054 1240 1441 1563 1595 1748 1807 1941 2085 2177 2220 2235 2416 2496 2600 2684 2710 2794 2826 2885 2974 3140 3152 3301 3433 3552 3573 3672 3762 3947 4095 4213 4312 4481 4533 4712 4766 4867 5016 5151 5164 5284 5393 5414 5567 5653 5695 5749 5877 5999 6027 6230 6376 6544 6718 6859 6954 7024 7099 7285 7444 7566 7620 7764 7904 8080 8271 8452 8632 8694 8898 8960 9120 9191 9339 9368

71 73
266 336 523 763 1047 1208 1314 1371 1506 1782 2032 2222 2424 2511 2770 2895 2939 3068 3337 3602 3672 3924 3962 4190 4344 4453 4627 4779 4910 5102 5316 5499 5745 6036 6209 6500 6653 6892 7154 7184 7435 7660 7697 7822 7846 8110 8402 8659 8820 8965 9134 9179 9274 9497 9691 9751 9897 9916 10011 10149 10179 10300 10466 10600 10789 10901 10936 11021 11278 11358 11410

29 83
197 241 493 801 1118 1142 1166 1266 1423 1670 1969 2008 2103 2202 2468 2735 3057 3205 3421 3539 3792 3943 4180 4344 4578 4651 4960 5198 5344

69 52
157 202 405 554 588 746 795 954 1007 1041 1197 1375 1401 1606 1791 1868 2032 2072 2198 2289 2383 2401 2581 2764 2953 3041 3106 3269 3387 3405 3593 3634 3803 3981 4016 4072 4274 4294 4344 4417 4453 4637 4791 4943 5034 5195 5307 5422 5603 5780 5912 5986 6172 6324 6484 6629 6829 6933 7119 7153 7200 7262 7349 7451 7639 7805 7858 8038 8169

51 53
127 173 299 386 497 562 702 883 951 1058 1230 1255 1410 1610 1707 1725 1927 1977 2162 2254 2359 2377 2589 2686 2760 2847 2996 3135 3236 3419 3528 3723 3786 3881 3909 4029 4106 4169 4229 4286 4463 4580 4725 4844 4931 5034 5066 5163 5354 5508 5555

98 10
8 36 38 59 81 90 124 140 146 168 178 186 206 222 233 250 268 289 321 356 358 395 422 460 483 504 532 570 605 608 634 673 689 729 747 749 758 762 801 820 853 880 920 958 962 991 995 1021 1060 1085 1116 1130 1168 1188 1200 1227 1232 1254 1270 1305 1325 1365 1369 1377 1415 1438 1468 1483 1516 1525 1528 1538 1545 1557 1579 1595 1626 1652 1691 1724 1759 1769 1802 1821 1854 1872 1897 1903 1911 1946 1974 1994 2016 2031 2068 2108 2112 2120

62 58
147 283 308 527 701 790 906 1063 1145 1217 1363 1505 1613 1808 1963 2072 2155 2346 2486 2591 2681 2767 2950 3092 3269 3344 3504 3575 3710 3876 4095 4216 4344 4561 4760 4789 5005 5227 5449 5626 5743 5788 5880 6084 6151 6360 6494 6546 6694 6724 6871 7101 7316 7460 7662 7729 7844 7974 8122 8311 8350 8527

31 33
133 148 195 304 365 466 485 519 627 713 760 853 880 953 1031 1157 1263 1377 1467 1482 1528 1600 1615 1647 1661 1695 1779 1895 1974 2054 2127

65 43
101 263 278 379 546 610 659 752 813 881 1052 1173 1200 1270 1422 1531 1647 1709 1799 1879 2006 2119 2189 2225 2235 2291 2320 2464 2568 2584 2728 2843 2903 2990 3109 3211 3247 3327 3472 3507 3633 3680 3779 3880 3999 4077 4163 4297 4416 4457 4600 4626 4765 4897 4948 4968 5085 5180 5202 5304 5342 5469 5577 5707 5798

61 24
66 146 213 309 358 376 422 516 560 576 649 736 793 842 896 903 990 1023 1112 1166 1259 1266 1297 1315 1374 1446 1520 1604 1651 1695 1723 1794 1873 1968 1993 2023 2071 2145 2203 2242 2326 2376 2471 2538 2627 2675 2697 2779 2827 2888 2919 2926 2993 3001 3079 3146 3165 3216 3252 3318 3340

101 27
52 111 190 260 300 317 342 387 493 574 666 749 829 849 877 898 959 1035 1121 1209 1248 1317 1374 1430 1521 1527 1588 1668 1749 1776 1884 1985 2055 2101 2132 2143 2226 2236 2267 2298 2404 2443 2460 2557 2569 2621 2634 2741 2782 2792 2881 2958 3024 3126 3196 3257 3324 3430 3442 3549 3611 3675 3723 3798 3854 3937 4007 4083 4111 4146 4233 4301 4323 4384 4406 4495 4596 4641 4695 4733 4741 4845 4863 4878 4941 4963 4969 5015 5106 5119 5177 5198 5218 5257 5365 5411 5467 5573 5583 5629 5639

95 89
190 478 815 842 1189 1283 1580 1907 2095 2243 2441 2719 2778 2866 3014 3352 3419 3473 3548 3697 3997 4189 4442 4469 4711 5009 5066 5334 5639 5751 5844 5870 6166 6440 6543 6627 6765 6985 7062 7122 7347 7658 7881 7936 7975 8020 8069 8361 8511 8800 8882 8955 9235 9500 9752 9899 10215 10452 10514 10641 10782 11066 11233 11291 11546 11829 12101 12166 12489 12811 12847 12984 13264 13601 13725 14063 14146 14243 14559 14714 15033 15134 15466 15578 15620 15855 16069 16423 16636 16704 16738 16909 17059 17367 17638

26 69
39 315 423 638 857 1028 1199 1337 1586 1710 1854 2127 2211 2487 2748 3014 3248 3364 3396 3442 3545 3595 3847 3935 4114 4372

70 15
15 24 72 118 135 175 211 253 261 279 295 300 306 324 356 404 443 453 511 571 630 681 715 775 793 818 862 912 952 975 1030 1058 1062 1089 1141 1162 1215 1240 1289 1329 1372 1385 1409 1447 1455 1491 1544 1572 1575 1589 1649 1657 1701 1728 1754 1774 1792 1849 1882 1891 1898 1951 1982 1990 2043 2046 2103 2136 2192 2242

88 90
99 451 730 890 946 994 1228 1465 1780 1924 2231 2406 2543 2882 3106 3255 3483 3692 3913 4093 4300 4565 4821 4939 5049 5386 5643 5674 5899 5963 6207 6510 6626 6651 6970 7055 7222 7378 7732 7876 7911 8178 8468 8703 8981 9181 9320 9464 9511 9763 9972 10139 10266 10481 10802 11017 11300 11444 11489 11632 11661 11788 11888 12012 12341 12676 13026 13145 13465 13769 13993 14344 14593 14877 14954 15175 15336 15566 15656 15722 15834 16166 16200 16350 16664 16972 17081 17148

39 51
203 261 445 515 649 773 948 1047 1196 1265 1374 1530 1590 1786 1800 1847 1894 2084 2145 2193 2216 2303 2455 2629 2783 2902 3064 3263 3324 3390 3545 3689 3763 3857 4048 4120 4276 4308 4360

69 11
30 60 104 114 124 167 173 187 205 229 247 270 295 312 323 352 387 396 424 468 478 522 543 554 584 595 615 633 647 660 704 723 729 767 790 816 841 874 904 910 944 985 1010 1045 1049 1090 1129 1157 1162 1173 1185 1219 1235 1272 1284 1323 1349 1356 1388 1417 1460 1477 1516 1531 1551 1587 1621 1646 1653

69 54
196 383 402 544 742 829 924 1000 1201 1295 1412 1468 1625 1732 1856 2032 2197 2309 2491 2593 2736 2836 2928 3130 3305 3470 3635 3837 3956 4087 4231 4367 4414 4614 4785 4852 4895 5095 5142 5183 5292 5355 5429 5584 5794 5825 5992 6061 6195 6301 6350 6491 6649 6742 6855 6927 7139 7176 7197 7402 7485 7686 7753 7849 8024 8223 8429 8633 8761

77 76
297 437 732 809 833 949 1214 1307 1506 1798 1969 2060 2097 2245 2470 2610 2883 3121 3359 3647 3917 3952 4233 4416 4617 4837 5018 5259 5278 5371 5655 5851 6137 6247 6341 6632 6886 6920 7102 7238 7349 7461 7754 7855 8101 8129 8389 8585 8739 8997 9116 9336 9374 9524 9754 10042 10145 10282 10306 10463 10739 10806 11086 11386 11469 11546 11636 11915 11957 12197 12275 12537 12770 12805 12910 13211 13278

100 19
62 126 159 200 208 282 318 336 349 359 365 429 470 505 540 586 601 641 693 701 771 808 817 857 904 940 962 966 1037 1104 1121 1159 1223 1291 1327 1389 1423 1488 1547 1607 1623 1647 1661 1696 1761 1829 1849 1880 1907 1960 2028 2097 2137 2147 2195 2251 2303 2371 2395 2399 2454 2500 2520 2529 2602 2623 2668 2690 2762 2802 2826 2878 2920 2987 3039 3115 3140 3198 3243 3276 3315 3338 3405 3418 3437 3509 3515 3569 3618 3624 3652 3695 3757 3771 3786 3826 3863 3884 3894 3948

91 77
296 602 755 1060 1233 1374 1571 1750 1927 2062 2345 2565 2801 2839 3004 3218 3371 3475 3560 3594 3707 3988 4229 4262 4331 4457 4477 4593 4627 4709 4729 5000 5046 5084 5205 5382 5476 5519 5773 5810 5886 6189 6481 6661 6886 6927 7089 7139 7440 7591 7752 7885 8121 8176 8395 8657 8915 9006 9145 9228 9393 9482 9772 9887 10123 10161 10234 10453 10523 10800 11011 11100 11174 11332 11557 11637 11912 12057 12342 12576 12848 13065 13193 13278 13350 13591 13729 13861 13954 13992 14137

23 1
4 8 9 9 10 12 15 17 18 19 21 24 27 30 30 30 34 37 37 38 38 38 39

100 101
132 490 774 952 1159 1458 1834 2038 2360 2732 3019 3392 3529 3899 4115 4198 4260 4500 4589 4852 5021 5052 5207 5325 5381 5750 6056 6162 6248 6359 6467 6578 6846 7165 7219 7441 7648 7943 8347 8584 8681 8724 8862 9156 9520 9887 10036 10307 10700 10965 11105 11252 11290 11543 11642 11778 11863 12064 12186 12331 12462 12621 12759 13126 13353 13559 13663 13955 14307 14637 14714 15081 15324 15447 15501 15535 15846 16092 16205 16340 16652 16915 17116 17366 17708 17896 17983 18344 18459 18673 19047 19414 19794 20071 20180 20231 20474 20876 21107 21149

24 84
56 300 408 690 795 1119 1339 1432 1583 1664 1761 2059 2116 2258 2383 2631 2875 3098 3182 3267 3483 3714 3838 4131

83 63
159 264 455 591 783 946 975 1051 1290 1339 1557 1705 1726 1824 2046 2274 2454 2479 2535 2730 2749 2989 3045 3248 3356 3555 3739 3876 3899 4061 4100 4127 4239 4269 4504 4645 4735 4917 5006 5111 5359 5588 5731 5940 6140 6297 6514 6692 6799 6901 7087 7234 7409 7627 7775 7795 7825 8034 8254 8276 8297 8544 8627 8642 8741 8935 9106 9173 9264 9282 9326 9381 9411 9502 9625 9712 9929 10030 10201 10294 10453 10600 10686

68 84
220 524 671 797 1133 1169 1474 1757 1900 2128 2303 2548 2711 2925 2972 3190 3462 3534 3637 3736 3792 3816 4026 4350 4538 4866 5003 5142 5457 5753 5915 6250 6379 6629 6706 6925 7203 7351 7497 7589 7870 7959 8026 8154 8489 8753 8843 9058 9276 9491 9622 9701 9883 10016 10106 10257 10351 10669 10884 11126 11193 11343 11622 11657 11808 12066 12106 12263

21 13
24 60 87 101 141 150 194 213 223 249 295 335 370 409 460 471 475 502 538 546 562

14 1
4 6 7 11 15 18 18 18 20 21 21 24 25 26

