40
91 10
9 42 69 79 119 151 156 182 193 204 226 247 262 299 310 344 378 410 422 458 487 511 525 561 584 605 642 650 656 667 682 691 705 743 762 764 781 801 836 852 855 874 888 891 906 946 981 1017 1019 1037 1051 1056 1088 1124 1159 1187 1197 1213 1253 1256 1262 1276 1314 1340 1354 1361 1389 1404 1408 1421 1425 1455 1463 1475 1504 1523 1525 1530 1543 1572 1584 1616 1628 1654 1679 1715 1742 1756 1777 1786 1800

6 13
20 33 71 88 124 155

76 101
310 493 749 943 1243 1467 1835 2199 2401 2629 2930 3095 3183 3478 3871 3902 4094 4158 4206 4333 4693 5015 5363 5618 5727 5940 6263 6628 6834 6890 7151 7501 7842 7869 8124 8187 8416 8569 8867 9251 9443 9757 9843 10068 10304 10355 10530 10786 11014 11137 11229 11615 11812 12170 12561 12664 13050 13076 13372 13696 13815 13945 14133 14280 14640 14971 15041 15155 15434 15619 15655 15699 16039 16083 16192 16523

100 38
69 216 307 423 505 615 699 746 844 991 1029 1150 1211 1251 1384 1449 1564 1618 1722 1819 1958 2036 2168 2185 2290 2331 2395 2494 2640 2786 2800 2951 3100 3211 3288 3402 3531 3551 3640 3727 3769 3862 3969 4007 4044 4146 4281 4321 4406 4504 4651 4703 4830 4926 5057 5088 5155 5240 5293 5339 5353 5488 5614 5657 5785 5853 5884 5949 6032 6077 6184 6323 6393 6404 6483 6524 6580 6690 6737 6833 6847 6929 7017 7033 7176 7268 7337 7458 7481 7539 7588 7647 7728 7856 7988 8090 8196 8291 8423 8456

73 62
237 345 472 624 790 925 968 1165 1405 1490 1657 1885 2020 2184 2360 2452 2481 2550 2706 2814 3007 3116 3337 3374 3600 3627 3649 3789 4004 4141 4254 4351 4575 4702 4940 5069 5264 5496 5676 5785 5899 6120 6272 6480 6507 6728 6851 7027 7043 7223 7278 7486 7583 7631 7862 8022 8247 8305 8397 8415 8492 8677 8784 8942 9174 9248 9435 9628 9694 9742 9926 9962 10182

95 11
40 82 88 98 140 163 173 212 215 220 253 284 291 309 349 354 382 400 422 453 457 480 493 512 517 550 574 607 625 634 667 702 743 745 763 780 811 816 855 886 892 929 971 985 1013 1043 1066 1082 1103 1124 1142 1170 1212 1237 1240 1257 1262 1278 1292 1294 1326 1339 1341 1366 1369 1401 1420 1428 1444 1447 1464 1493 1502 1504 1508 1531 1573 1581 1596 1600 1616 1624 1641 1661 1698 1703 1740 1752 1778 1816 1856 1874 1916 1935 1947

80 17
19 50 54 107 121 171 187 219 260 319 340 404 460 504 566 571 601 644 661 699 721 788 826 866 915 936 997 1052 1067 1111 1177 1186 1193 1225 1239 1245 1250 1289 1297 1361 1416 1437 1474 1524 1569 1595 1603 1663 1720 1734 1781 1797 1847 1893 1903 1912 1916 1944 1989 2013 2064 2097 2104 2159 2199 2258 2301 2351 2374 2382 2419 2468 2483 2547 2604 2608 2631 2680 2717 2731

19 95
192 245 337 472 786 1033 1373 1732 1906 2137 2425 2604 2684 2952 3255 3473 3814 3965 4138

7 33
63 74 165 188 248 274 287

83 64
129 289 469 688 724 943 1028 1112 1347 1377 1432 1508 1601 1847 2054 2221 2326 2375 2499 2718 2863 3115 3315 3455 3564 3634 3839 3887 4039 4074 4241 4492 4618 4828 4966 5061 5283 5396 5434 5567 5716 5971 6204 6327 6405 6595 6717 6920 6979 7203 7354 7582 7639 7892 8137 8257 8307 8561 8677 8726 8900 9011 9111 9276 9531 9581 9718 9770 9890 10007 10214 10451 10620 10847 11078 11332 11407 11457 11667 11866 12114 12319 12378

6 8
19 32 50 71 86 117

45 92
288 656 1024 1226 1581 1859 2198 2342 2436 2503 2681 2789 2856 3019 3170 3212 3576 3611 3887 3941 4175 4469 4630 4736 4760 4916 5088 5136 5467 5511 5730 6068 6330 6401 6610 6811 6958 7279 7583 7774 8093 8353 8693 9032 9258

69 88
293 369 511 807 1036 1206 1430 1478 1737 2051 2233 2495 2565 2870 3077 3317 3363 3609 3691 3730 3945 4189 4256 4546 4569 4732 4878 5182 5470 5562 5715 5788 6043 6347 6474 6822 6864 6898 7156 7202 7428 7720 7793 7857 7883 8094 8119 8290 8502 8822 9063 9127 9275 9375 9524 9827 9866 10178 10357 10627 10720 10751 11040 11254 11345 11622 11807 11962 12136

33 75
274 540 591 797 980 1131 1220 1278 1307 1560 1841 2029 2097 2262 2378 2457 2490 2695 2720 2889 2993 3025 3154 3281 3481 3558 3809 3955 4095 4328 4563 4796 5088

100 91
228 485 613 899 1198 1375 1619 1664 1981 2164 2204 2306 2642 2827 3169 3458 3776 4125 4448 4663 4992 5324 5418 5735 5932 6207 6303 6654 6904 6987 7216 7337 7598 7851 7876 8083 8397 8505 8667 8860 9014 9229 9557 9584 9703 10045 10075 10173 10212 10300 10571 10925 11032 11329 11463 11573 11799 11954 12087 12209 12474 12759 13018 13077 13129 13434 13717 13932 14078 14430 14495 14548 14707 14949 15163 15408 15607 15759 15923 16085 16359 16446 16723 16914 17053 17287 17591 17948 18204 18329 18470 18728 18849 19060 19405 19568 19821 20067 20366 20492

17 85
33 176 462 524 767 1106 1303 1538 1637 1717 1905 2031 2359 2615 2890 3037 3237

16 77
272 390 484 732 987 1218 1390 1483 1532 1720 1810 1897 1949 2209 2398 2468

84 31
35 124 184 276 344 380 425 532 618 717 813 894 945 1043 1095 1183 1192 1219 1241 1339 1387 1470 1557 1631 1739 1856 1895 1923 1961 2054 2090 2185 2226 2305 2416 2502 2582 2686 2781 2898 2914 2968 3035 3078 3111 3225 3348 3373 3442 3461 3493 3573 3666 3722 3827 3898 4022 4040 4125 4132 4213 4281 4321 4392 4443 4548 4660 4706 4803 4906 4926 4993 5046 5102 5146 5221 5312 5341 5371 5398 5449 5531 5598 5714

4 37
85 195 317 401

2 90
335 491

70 53
187 358 568 648 834 864 921 1032 1146 1244 1427 1590 1692 1722 1791 1956 2001 2203 2401 2508 2582 2636 2658 2803 2996 3156 3180 3219 3370 3582 3615 3723 3841 4019 4088 4111 4204 4379 4426 4505 4606 4685 4859 5021 5206 5262 5420 5512 5643 5846 5941 6151 6297 6328 6468 6557 6689 6754 6913 6933 6989 7048 7151 7236 7420 7607 7726 7739 7768 7796

24 85
241 292 357 604 893 1195 1307 1583 1821 2124 2285 2582 2702 2980 3102 3159 3220 3480 3810 4097 4206 4416 4501 4575

26 20
75 133 177 239 268 312 321 368 432 453 526 576 586 644 696 711 723 764 778 806 848 878 909 936 990 1017

31 54
103 163 218 432 553 711 897 913 951 1071 1200 1290 1386 1544 1644 1674 1886 1986 2067 2189 2371 2446 2593 2796 2928 2991 3117 3149 3210 3374 3485

29 90
98 335 607 657 815 1065 1237 1496 1822 2178 2349 2450 2798 2833 2898 3060 3163 3381 3672 3725 4048 4145 4502 4655 4898 5211 5350 5437 5476

77 48
125 186 359 515 537 584 675 863 943 1040 1181 1301 1435 1532 1559 1571 1744 1931 2092 2242 2356 2426 2600 2631 2698 2835 2961 3098 3209 3285 3425 3497 3588 3636 3705 3842 3934 4123 4312 4474 4556 4646 4729 4836 4998 5052 5208 5333 5482 5648 5674 5803 5842 5944 6026 6067 6195 6364 6390 6479 6502 6661 6708 6833 6977 7097 7256 7333 7382 7468 7572 7689 7871 7906 8003 8148 8173

70 3
6 10 10 14 22 29 40 40 44 45 46 55 59 59 68 69 73 80 87 91 93 103 105 109 117 117 129 138 144 153 160 164 173 183 193 201 206 208 213 215 218 221 232 232 244 244 253 253 260 260 271 280 281 289 291 291 292 297 308 319 324 336 342 353 356 357 363 363 368 372

35 69
132 178 423 452 513 779 945 998 1265 1486 1512 1635 1711 1859 2047 2295 2346 2396 2525 2694 2864 2902 2967 3186 3258 3430 3534 3555 3610 3698 3957 3986 4252 4308 4549

1 56
56

72 22
82 97 109 191 260 313 326 394 481 548 630 639 684 720 790 869 922 949 1008 1017 1098 1142 1227 1310 1347 1435 1457 1469 1528 1587 1663 1711 1740 1827 1910 1997 2015 2041 2091 2140 2207 2228 2261 2325 2409 2493 2549 2583 2620 2666 2681 2694 2703 2749 2772 2801 2877 2933 2998 3018 3061 3134 3212 3275 3329 3380 3435 3503 3517 3540 3561 3609

66 92
109 169 374 660 904 1100 1341 1586 1676 1975 2240 2420 2660 2796 2830 3170 3305 3467 3688 4011 4318 4355 4461 4727 4752 4886 5217 5266 5599 5652 5739 5858 6031 6077 6163 6497 6807 6983 7247 7372 7724 7791 8015 8346 8622 8888 8995 9214 9516 9813 9913 9943 10194 10533 10691 11050 11317 11394 11607 11876 12197 12358 12453 12574 12718 12845

23 89
279 394 584 730 870 1178 1519 1857 2154 2412 2574 2603 2719 2901 3226 3339 3584 3707 3980 4105 4210 4359 4515

37 76
37 293 355 644 912 1080 1361 1501 1749 1772 1853 1924 2196 2251 2376 2397 2677 2927 3231 3450 3743 3846 3926 4005 4192 4310 4348 4621 4757 4906 4943 5165 5435 5639 5734 5848 6114

61 1
5 8 12 12 15 17 18 19 22 25 25 27 28 29 29 32 34 36 36 40 40 44 44 47 51 54 58 62 66 70 70 72 76 80 82 83 84 85 88 89 91 94 97 97 97 99 102 106 109 113 115 117 117 120 121 121 121 123 124 124 126

92 40
132 283 441 576 688 724 809 956 1103 1167 1274 1330 1375 1534 1600 1760 1911 2071 2125 2188 2311 2346 2445 2457 2599 2611 2750 2773 2845 2870 3012 3144 3187 3333 3405 3486 3535 3575 3682 3787 3922 3959 4084 4186 4328 4408 4543 4700 4783 4887 5033 5081 5163 5239 5275 5298 5420 5501 5562 5712 5733 5811 5894 6035 6163 6239 6297 6444 6574 6585 6691 6847 6965 7099 7169 7295 7409 7563 7602 7685 7723 7817 7957 8059 8149 8301 8325 8391 8463 8571 8638 8725

45 13
31 47 61 68 81 119 123 169 196 245 286 334 367 389 414 454 477 520 559 609 646 666 670 683 691 741 766 793 817 831 846 876 882 894 908 947 951 957 981 999 1028 1079 1101 1119 1129

33 70
221 390 516 619 688 806 1049 1129 1295 1465 1554 1706 1744 1776 1974 2190 2365 2405 2615 2668 2915 2940 3168 3439 3541 3785 3960 4051 4274 4549 4570 4840 4974

70 17
63 78 83 107 165 184 216 280 306 312 372 430 473 518 549 556 621 634 659 722 747 815 827 881 900 912 933 937 985 1002 1024 1046 1087 1101 1162 1177 1181 1228 1253 1278 1325 1360 1397 1413 1419 1469 1527 1554 1607 1620 1644 1706 1755 1777 1791 1817 1859 1881 1923 1935 1949 1959 2024 2044 2083 2136 2183 2205 2232 2265

58 78
151 414 554 693 838 1084 1325 1475 1774 1927 2157 2341 2523 2577 2597 2909 2954 2976 3092 3181 3222 3316 3529 3701 3775 3818 4081 4182 4389 4603 4676 4754 4847 5090 5208 5376 5563 5612 5724 5931 6215 6425 6678 6981 7022 7251 7535 7649 7817 7977 8230 8327 8510 8814 8862 9131 9179 9377

10 81
299 569 830 1000 1163 1398 1721 1929 1953 2158

