42
40 34
135 225 264 321 395 431 453 489 505 558 645 723 771 817 834 871 970 1023 1052 1171 1269 1346 1479 1555 1687 1769 1894 2000 2016 2103 2227 2356 2475 2536 2581 2679 2739 2751 2797 2828

35 8
26 54 60 78 88 111 127 129 139 150 155 176 199 227 231 258 277 291 314 333 361 380 384 392 408 436 438 442 460 484 486 513 528 541 554

74 64
131 265 443 612 634 807 969 1162 1207 1326 1582 1715 1915 1988 2088 2237 2296 2363 2457 2498 2517 2624 2809 2894 3118 3286 3375 3627 3762 3807 3998 4161 4284 4386 4629 4797 4981 5080 5122 5203 5400 5492 5584 5786 6038 6144 6336 6535 6663 6758 6925 7088 7192 7385 7420 7522 7665 7863 8005 8034 8250 8400 8440 8577 8800 8885 9069 9262 9443 9668 9924 10161 10364 10557

61 34
136 160 280 377 484 519 550 666 698 810 895 1005 1077 1175 1290 1377 1456 1508 1524 1584 1654 1761 1782 1843 1940 2069 2173 2261 2275 2299 2335 2385 2402 2518 2584 2631 2693 2717 2767 2901 2974 3015 3133 3193 3225 3341 3455 3480 3503 3521 3551 3651 3665 3745 3787 3855 3944 4008 4029 4151 4174

81 65
259 457 585 777 1015 1252 1423 1655 1733 1903 2004 2259 2491 2516 2731 2845 2903 2976 3210 3406 3601 3690 3914 4031 4269 4527 4555 4794 5032 5188 5253 5352 5406 5622 5815 5860 6109 6164 6363 6568 6666 6835 6964 7172 7301 7385 7563 7592 7845 8104 8236 8424 8665 8715 8917 9116 9351 9477 9603 9755 9813 10042 10125 10321 10520 10598 10765 10952 11068 11306 11379 11587 11814 11982 12069 12097 12261 12294 12543 12589 12805

9 43
165 309 405 421 572 622 753 878 910

27 33
31 67 197 310 340 365 380 442 525 627 645 692 743 762 852 893 910 925 944 1057 1188 1211 1235 1271 1321 1441 1499

33 45
62 132 293 388 431 512 608 733 818 853 883 910 970 1041 1191 1322 1344 1379 1492 1634 1649 1804 1930 2091 2263 2372 2511 2554 2672 2759 2886 2910 2998

83 16
26 71 100 105 117 143 175 192 238 297 315 334 391 432 462 501 556 612 668 697 758 768 802 831 881 909 923 976 1024 1071 1082 1090 1134 1181 1208 1271 1302 1338 1384 1411 1435 1442 1484 1522 1538 1588 1616 1634 1671 1719 1760 1776 1794 1807 1811 1851 1873 1916 1944 1988 1993 2057 2103 2120 2170 2183 2202 2245 2268 2326 2379 2414 2429 2446 2485 2514 2538 2548 2587 2607 2633 2664 2681

35 101
363 400 482 670 1002 1301 1533 1866 2037 2332 2591 2974 3374 3597 3900 4105 4240 4584 4672 4908 5170 5364 5389 5776 5912 6108 6498 6845 6913 7145 7544 7636 7900 8141 8490

6 50
123 279 372 448 502 649

65 33
73 132 234 335 386 514 641 704 834 872 985 1059 1076 1118 1247 1321 1447 1535 1561 1575 1587 1624 1728 1783 1877 1925 1965 2034 2066 2077 2156 2191 2300 2328 2356 2456 2537 2594 2698 2708 2793 2923 3034 3134 3245 3280 3390 3423 3455 3561 3579 3607 3618 3653 3677 3700 3798 3908 4002 4037 4085 4209 4341 4422 4527

74 86
64 133 393 544 753 795 1095 1243 1331 1646 1974 2099 2346 2665 2803 3005 3192 3315 3387 3547 3771 3988 4096 4418 4470 4764 4993 5187 5305 5577 5618 5818 5937 6125 6161 6417 6470 6544 6888 6993 7157 7407 7558 7635 7970 8133 8456 8479 8822 8891 9069 9215 9395 9520 9712 9871 10052 10372 10630 10775 10855 11161 11361 11448 11547 11888 12112 12153 12191 12460 12507 12702 12961 13115

49 3
11 21 30 38 46 48 57 69 78 84 88 90 99 109 111 113 122 124 128 129 138 147 154 162 164 175 180 190 195 207 207 218 219 231 243 250 252 258 270 280 280 289 298 306 308 309 316 325 334

31 19
22 56 126 171 202 248 269 334 409 433 493 523 592 600 627 632 656 705 779 799 872 930 937 972 989 994 1012 1082 1115 1148 1187

15 71
120 223 318 437 545 581 692 891 977 1223 1432 1609 1769 1838 1881

2 42
18 90

36 52
119 243 422 504 531 657 684 838 927 1079 1178 1365 1490 1518 1598 1715 1736 1869 1951 1978 2172 2193 2396 2578 2633 2710 2733 2877 2907 2993 3143 3286 3307 3482 3558 3593

70 18
18 81 151 209 223 272 330 339 392 410 432 462 478 535 561 630 700 706 775 788 843 865 915 958 1009 1017 1028 1099 1169 1213 1247 1295 1315 1362 1373 1415 1432 1487 1558 1619 1663 1685 1745 1754 1773 1796 1860 1902 1923 1987 2007 2065 2137 2151 2156 2214 2255 2280 2331 2396 2452 2506 2530 2547 2599 2661 2694 2700 2749 2772

30 72
46 193 444 592 834 1032 1260 1441 1480 1534 1776 2040 2120 2239 2450 2537 2669 2849 2870 3147 3201 3473 3689 3934 4012 4193 4350 4433 4668 4917

26 88
39 147 325 365 394 608 660 882 933 1146 1188 1409 1563 1676 1876 1913 2019 2311 2407 2477 2580 2689 3018 3117 3442 3616

40 84
164 475 769 984 1148 1429 1531 1818 2118 2437 2745 2844 2999 3281 3589 3681 3779 3909 4015 4188 4402 4486 4674 4866 5130 5264 5405 5649 5856 6078 6228 6332 6569 6829 7081 7294 7464 7702 7761 8042

33 12
19 37 68 89 131 172 199 221 263 290 335 371 418 426 451 497 521 556 579 582 600 628 646 687 716 742 752 777 808 838 864 895 899

13 73
115 347 425 590 784 1006 1128 1302 1495 1748 1938 2098 2379

56 59
50 144 240 260 428 442 484 546 582 633 804 950 1130 1167 1276 1504 1686 1719 1742 1970 2127 2197 2345 2451 2636 2657 2808 2890 2995 3161 3388 3468 3635 3837 3869 3981 4111 4208 4383 4437 4475 4611 4688 4805 5003 5188 5319 5449 5651 5700 5936 6119 6274 6317 6462 6505

59 13
36 55 97 147 150 189 227 252 275 279 307 328 335 352 390 413 446 486 514 523 558 577 582 611 631 643 684 709 741 781 790 841 862 907 939 987 1010 1036 1070 1110 1149 1198 1232 1255 1300 1317 1321 1372 1412 1455 1475 1504 1507 1544 1583 1619 1631 1676 1680

26 24
25 81 108 115 177 264 349 383 422 507 536 588 665 701 720 768 803 815 829 887 967 1001 1034 1052 1076 1131

34 9
9 41 54 69 87 122 128 141 163 179 182 185 202 215 219 226 243 273 302 304 311 338 340 359 369 374 402 413 442 476 508 519 534 549

52 30
69 107 136 167 283 311 374 410 435 452 564 623 687 718 764 865 929 977 1088 1199 1259 1360 1464 1494 1507 1568 1653 1691 1778 1798 1836 1941 2053 2162 2252 2259 2286 2371 2484 2528 2597 2607 2646 2657 2675 2684 2751 2804 2839 2915 2999 3046

73 11
8 38 79 114 127 154 180 214 239 278 313 318 349 378 421 435 475 480 497 501 529 561 604 645 663 666 689 723 752 754 786 800 823 844 851 888 904 935 956 976 1010 1023 1052 1085 1097 1120 1136 1154 1181 1192 1199 1235 1257 1295 1299 1332 1365 1397 1439 1449 1483 1524 1527 1533 1542 1566 1585 1597 1627 1658 1690 1713 1745

33 40
92 241 350 435 562 642 780 879 969 1079 1158 1190 1286 1400 1531 1555 1639 1781 1918 1995 2031 2097 2238 2285 2401 2550 2613 2665 2749 2909 3007 3104 3164

101 37
125 250 325 471 584 669 775 827 967 1043 1116 1258 1370 1452 1545 1670 1787 1840 1863 1893 1903 2039 2144 2168 2271 2308 2430 2578 2692 2837 2902 3024 3056 3157 3297 3330 3436 3516 3627 3666 3743 3836 3968 4091 4171 4302 4421 4563 4582 4702 4830 4925 5036 5147 5191 5283 5318 5377 5391 5489 5629 5734 5760 5871 5947 5980 6022 6168 6190 6258 6279 6370 6384 6400 6474 6562 6598 6716 6806 6937 6956 7032 7050 7117 7141 7246 7309 7416 7454 7597 7671 7813 7944 8046 8108 8240 8339 8427 8454 8497 8521

33 31
64 103 133 216 227 278 366 384 508 520 592 605 723 774 871 982 1056 1070 1176 1218 1309 1373 1421 1491 1566 1643 1726 1782 1892 2002 2103 2203 2324

37 27
109 198 282 290 357 378 409 423 464 548 596 690 715 801 818 837 938 978 992 1014 1091 1134 1168 1267 1365 1435 1456 1482 1547 1622 1699 1789 1875 1970 2006 2030 2079

85 92
171 205 364 693 988 1256 1547 1883 2244 2349 2643 2782 2853 3202 3351 3580 3863 4043 4338 4677 4897 4933 5077 5222 5526 5610 5936 6247 6399 6676 6712 6955 7042 7270 7356 7670 8022 8271 8397 8732 8928 9093 9135 9204 9356 9503 9656 10008 10179 10437 10697 10929 11102 11209 11389 11562 11925 12066 12335 12393 12586 12884 13130 13439 13589 13934 13988 14278 14464 14664 14941 15296 15442 15718 15885 16073 16293 16628 16836 16902 17050 17246 17295 17623 17851

62 32
69 110 206 268 329 456 484 592 622 683 764 785 818 890 901 959 1033 1094 1170 1279 1366 1396 1463 1486 1607 1698 1757 1795 1808 1879 1898 1913 2035 2068 2099 2212 2300 2387 2467 2491 2581 2698 2810 2865 2972 3060 3134 3145 3251 3308 3367 3464 3506 3618 3694 3799 3880 3979 4037 4152 4211 4310

70 55
102 141 187 332 547 668 701 908 955 1022 1150 1310 1400 1612 1767 1982 2009 2057 2073 2152 2321 2378 2427 2646 2768 2829 2977 3146 3254 3329 3453 3539 3746 3925 3943 4061 4184 4290 4350 4419 4513 4707 4863 4981 5012 5171 5293 5416 5459 5567 5623 5799 5878 6075 6197 6374 6451 6666 6837 6896 6952 7096 7228 7287 7321 7340 7491 7572 7753 7895

4 91
248 289 314 570

43 63
156 231 292 432 530 723 872 905 1147 1238 1434 1670 1730 1799 2041 2184 2261 2395 2439 2599 2843 2915 3012 3216 3387 3407 3422 3530 3639 3673 3793 4025 4112 4257 4308 4419 4436 4611 4697 4797 4911 5009 5191

84 28
9 34 134 224 303 344 405 416 453 492 520 592 666 727 756 787 861 961 974 1068 1159 1258 1284 1373 1399 1468 1549 1635 1680 1752 1841 1939 2047 2118 2173 2258 2338 2368 2435 2510 2537 2631 2730 2818 2853 2919 2984 3081 3101 3206 3295 3368 3413 3507 3605 3626 3654 3734 3788 3854 3935 3966 4060 4142 4150 4260 4292 4400 4414 4478 4562 4631 4666 4735 4846 4880 4938 4965 4982 4998 5097 5148 5219 5231

91 94
34 389 626 989 1164 1247 1405 1655 1808 1908 2045 2102 2187 2346 2508 2535 2854 2897 3050 3192 3390 3599 3680 3813 4133 4166 4334 4599 4628 4731 4897 5152 5252 5442 5707 5996 6325 6387 6703 7076 7245 7525 7870 8125 8262 8486 8514 8761 9019 9173 9512 9622 9987 10219 10542 10660 10800 11075 11147 11170 11210 11258 11415 11606 11915 12117 12476 12572 12852 13045 13403 13732 13910 14064 14320 14531 14559 14708 14843 15090 15309 15529 15552 15825 16072 16106 16383 16701 16732 17018 17286

69 19
44 57 86 131 157 216 272 346 386 457 503 578 586 605 657 673 680 746 797 865 876 936 997 1025 1081 1105 1131 1199 1210 1255 1274 1312 1359 1366 1386 1407 1473 1537 1584 1617 1664 1719 1792 1831 1840 1858 1867 1892 1934 1939 1955 1984 2022 2052 2069 2111 2140 2190 2221 2244 2263 2299 2354 2391 2407 2481 2490 2560 2565

