36
92 34
134 222 262 324 413 455 489 584 673 791 830 966 976 1012 1038 1139 1251 1327 1436 1527 1573 1608 1702 1712 1793 1874 1950 1974 2048 2182 2191 2312 2428 2528 2559 2625 2673 2789 2851 2886 2896 3027 3132 3207 3302 3314 3323 3456 3469 3568 3622 3704 3754 3788 3868 3893 3986 4020 4059 4167 4281 4295 4344 4418 4485 4535 4669 4802 4871 4978 5043 5092 5218 5247 5360 5404 5451 5476 5606 5636 5652 5771 5826 5893 5935 5955 6039 6144 6269 6392 6428 6449

64 98
64 151 372 685 853 1150 1368 1558 1830 2131 2470 2834 2971 3007 3182 3427 3536 3669 3897 4071 4298 4409 4612 4963 5112 5376 5454 5583 5736 5985 6338 6670 6740 7113 7399 7505 7542 7921 8000 8161 8446 8486 8590 8932 9097 9311 9576 9797 9870 9934 10139 10519 10603 10922 11313 11480 11741 11842 12068 12093 12307 12406 12668 12703

74 82
54 96 376 455 684 773 831 1145 1397 1494 1731 1995 2131 2389 2440 2507 2828 2892 3029 3258 3581 3601 3879 4071 4257 4321 4645 4802 4900 5192 5453 5646 5815 5861 6162 6286 6510 6539 6779 6882 7203 7290 7533 7749 8008 8166 8198 8492 8554 8837 9036 9363 9489 9680 9838 10127 10427 10619 10849 11001 11087 11300 11445 11613 11896 12204 12525 12779 13069 13371 13696 13988 14241 14465

99 87
195 467 618 845 1026 1169 1221 1384 1728 2007 2112 2399 2662 2885 3011 3195 3421 3564 3853 4068 4126 4304 4388 4703 4930 5040 5185 5459 5676 5703 5749 5866 5956 6194 6259 6344 6578 6727 7023 7295 7483 7525 7581 7669 7732 7876 7995 8061 8262 8605 8754 8832 9147 9478 9542 9817 9939 10122 10386 10689 10987 11076 11131 11171 11299 11531 11850 12172 12300 12542 12595 12798 13095 13174 13246 13540 13834 13876 14074 14109 14308 14384 14683 15000 15169 15263 15487 15596 15730 16006 16145 16268 16445 16701 16912 17148 17425 17656 17930

72 49
16 165 177 256 413 604 699 763 793 821 866 1031 1069 1211 1254 1421 1575 1751 1812 1996 2169 2203 2302 2349 2504 2539 2572 2759 2880 3027 3053 3240 3366 3555 3604 3714 3867 3982 4071 4194 4326 4399 4471 4495 4595 4641 4711 4870 5007 5099 5125 5280 5399 5439 5484 5646 5680 5832 5846 6023 6109 6285 6319 6458 6609 6702 6861 6922 7071 7125 7242 7376

90 49
46 172 225 237 325 459 596 721 807 841 957 1129 1309 1358 1412 1604 1655 1837 2028 2114 2234 2344 2449 2521 2565 2669 2711 2781 2889 3004 3039 3141 3311 3400 3569 3652 3719 3911 3953 4030 4126 4311 4333 4449 4505 4664 4803 4842 4976 5107 5242 5306 5405 5540 5573 5641 5765 5802 5828 5920 6012 6179 6224 6278 6352 6437 6515 6604 6791 6863 6885 6999 7120 7167 7348 7405 7518 7669 7720 7783 7809 7933 7995 8179 8321 8505 8530 8578 8687 8749

37 51
66 222 398 601 676 842 955 1021 1036 1145 1293 1401 1559 1705 1798 1964 2128 2155 2199 2331 2396 2587 2727 2890 2984 3170 3359 3536 3721 3814 3936 4140 4291 4366 4547 4610 4673

99 52
182 267 377 478 522 704 812 866 884 928 953 1156 1212 1234 1389 1588 1737 1860 1898 2055 2125 2143 2290 2434 2448 2474 2593 2648 2780 2855 3024 3179 3277 3304 3426 3446 3515 3585 3710 3856 4043 4245 4351 4558 4745 4873 5014 5127 5178 5347 5419 5558 5645 5834 5997 6058 6197 6268 6469 6615 6691 6824 6845 6883 6957 6973 7035 7058 7179 7257 7322 7490 7618 7759 7829 8037 8099 8136 8289 8361 8400 8531 8617 8681 8716 8793 8846 8923 9086 9104 9153 9175 9286 9381 9538 9718 9844 10028 10170

80 6
12 24 41 60 81 95 107 115 125 147 171 180 201 204 218 240 263 286 305 310 318 335 357 363 383 398 422 429 449 470 493 514 524 532 551 557 581 587 596 614 619 630 653 660 683 692 706 712 716 721 730 733 745 756 772 792 808 809 812 826 831 851 868 881 892 901 913 920 940 943 946 958 976 987 994 1009 1013 1016 1025 1041

27 72
272 552 619 652 701 826 1110 1333 1502 1790 1997 2149 2413 2564 2606 2843 2986 3120 3292 3500 3752 4024 4081 4183 4338 4410 4588

50 14
46 74 90 115 136 177 223 263 311 330 383 401 435 483 492 501 553 597 642 695 725 757 783 798 821 859 897 946 951 985 1027 1076 1079 1113 1132 1153 1169 1197 1218 1236 1252 1275 1303 1350 1406 1439 1454 1474 1522 1571

51 53
171 321 356 512 529 581 616 729 828 985 1044 1075 1192 1344 1462 1510 1643 1776 1958 2166 2286 2425 2445 2571 2729 2814 2836 2961 3099 3303 3476 3594 3685 3737 3861 3905 3925 4105 4135 4188 4400 4540 4752 4777 4792 4851 4997 5195 5362 5557 5616

58 90
31 254 324 474 748 1060 1388 1448 1771 2126 2326 2496 2855 3190 3481 3609 3672 3720 4020 4265 4528 4752 4949 5223 5457 5783 5938 6014 6110 6266 6324 6656 6747 7060 7297 7334 7649 7772 7851 8029 8146 8241 8336 8530 8738 8938 9183 9506 9851 10031 10127 10261 10322 10386 10659 10713 11031 11371

93 17
68 135 144 206 229 238 245 304 347 354 391 454 464 484 539 589 642 661 665 670 719 783 824 828 847 868 880 921 953 999 1050 1082 1148 1167 1206 1267 1303 1364 1432 1476 1482 1526 1541 1583 1616 1629 1652 1679 1719 1730 1781 1804 1853 1879 1883 1889 1943 1995 2061 2125 2173 2232 2260 2282 2297 2333 2358 2364 2421 2461 2529 2538 2586 2608 2624 2668 2731 2735 2756 2776 2830 2886 2952 2970 2993 3001 3040 3097 3162 3184 3194 3222 3241

47 21
6 33 111 127 181 230 277 290 332 388 470 513 558 603 636 675 689 772 792 842 856 940 1005 1028 1040 1090 1106 1175 1235 1255 1307 1344 1400 1468 1546 1554 1621 1692 1745 1804 1846 1853 1860 1893 1954 2002 2075

101 88
246 581 826 955 1297 1393 1513 1630 1898 2093 2131 2324 2522 2819 2877 3000 3140 3183 3409 3691 3751 4079 4225 4541 4881 5109 5206 5290 5444 5671 5707 5891 6223 6381 6502 6796 7017 7178 7295 7538 7704 7907 7965 8249 8435 8568 8671 8950 9212 9361 9562 9895 10210 10255 10284 10542 10766 10899 11059 11322 11395 11569 11634 11939 12230 12460 12640 12840 12990 13231 13580 13610 13852 14143 14324 14386 14601 14875 15051 15140 15306 15349 15564 15859 16081 16354 16676 16955 17087 17136 17403 17551 17837 17948 18107 18289 18404 18696 18962 19296 19436

101 35
43 53 143 271 367 499 514 557 588 704 772 882 929 1049 1071 1182 1213 1298 1426 1539 1566 1641 1674 1774 1888 1974 2094 2212 2272 2296 2407 2468 2547 2556 2642 2714 2756 2818 2946 3074 3101 3143 3164 3200 3310 3388 3524 3601 3623 3739 3878 4018 4155 4271 4294 4391 4474 4483 4607 4678 4737 4775 4900 4925 5028 5098 5184 5276 5325 5352 5421 5501 5566 5697 5715 5757 5893 5925 5978 6027 6128 6242 6278 6306 6422 6437 6517 6554 6596 6605 6733 6798 6920 6976 7080 7100 7178 7263 7364 7501 7593

11 93
112 179 320 351 480 808 904 1102 1433 1498 1630

32 43
60 195 259 347 448 607 762 809 970 1043 1108 1189 1356 1422 1473 1541 1629 1664 1696 1814 1845 1985 2006 2140 2210 2308 2467 2625 2653 2684 2815 2963

46 66
71 320 454 633 680 824 917 982 1173 1277 1481 1718 1750 1913 2087 2114 2243 2504 2734 2810 2875 2942 3028 3183 3296 3529 3769 3977 4135 4172 4387 4458 4540 4642 4852 5042 5068 5324 5552 5689 5879 6011 6141 6219 6420 6596

98 76
294 324 551 663 776 824 956 1060 1277 1483 1617 1654 1888 2142 2289 2379 2399 2421 2445 2600 2810 3067 3365 3459 3606 3907 4117 4362 4614 4876 5141 5175 5238 5348 5639 5926 6027 6299 6576 6625 6928 6956 7115 7163 7389 7567 7751 7962 8256 8522 8762 8973 9253 9337 9587 9864 10043 10242 10338 10480 10720 10983 11213 11238 11313 11609 11903 11922 12166 12430 12589 12764 12873 12993 13196 13256 13287 13318 13602 13782 14045 14327 14494 14704 14967 15033 15299 15362 15643 15904 16017 16210 16398 16478 16605 16672 16854 17134

75 79
227 399 512 622 759 783 834 911 1180 1385 1441 1621 1650 1713 1997 2167 2277 2316 2605 2881 3090 3340 3636 3746 3913 3963 4213 4421 4458 4613 4718 4752 4836 4873 5172 5289 5548 5681 5724 5788 5858 6132 6162 6292 6469 6743 6839 7102 7179 7392 7669 7842 8047 8102 8144 8204 8243 8364 8582 8665 8807 8905 9204 9288 9533 9725 9790 10063 10328 10642 10936 11105 11221 11480 11783

18 39
38 152 233 318 429 549 688 798 856 992 1091 1242 1350 1363 1480 1516 1531 1557

56 5
19 27 43 44 51 53 65 75 91 99 102 120 132 151 153 165 172 188 196 203 206 218 219 232 236 251 263 278 292 311 324 331 344 350 370 379 398 410 420 439 451 467 479 483 503 517 526 535 552 563 565 581 596 599 607 613

37 57
20 52 167 258 469 610 672 864 995 1069 1187 1209 1288 1353 1425 1504 1692 1903 2053 2081 2128 2181 2364 2403 2454 2617 2769 2865 2884 2976 3175 3267 3311 3379 3582 3808 3971

98 12
8 19 33 51 97 118 155 168 191 223 249 267 299 311 327 369 412 443 473 480 487 505 535 564 571 596 627 656 682 703 730 745 792 824 871 874 897 931 945 975 1014 1042 1088 1119 1145 1149 1158 1194 1208 1240 1268 1273 1319 1328 1349 1383 1397 1440 1481 1506 1522 1568 1582 1600 1606 1614 1620 1629 1667 1712 1718 1761 1794 1811 1835 1840 1864 1906 1910 1955 1988 2028 2062 2099 2123 2133 2147 2172 2202 2217 2225 2272 2307 2328 2348 2358 2389 2431

45 37
17 39 173 286 416 555 697 728 826 865 1008 1107 1129 1145 1269 1357 1489 1555 1676 1719 1785 1875 1994 2035 2177 2210 2313 2425 2534 2682 2820 2932 3009 3126 3212 3290 3353 3364 3464 3592 3694 3797 3833 3915 4022

43 75
256 538 594 749 937 965 1194 1377 1563 1610 1909 2203 2422 2518 2701 2828 3128 3249 3346 3554 3801 3824 4088 4232 4355 4399 4588 4693 4942 4968 5102 5183 5293 5317 5612 5830 5931 6136 6311 6574 6825 6929 7032

98 80
231 397 562 758 785 822 1016 1202 1501 1666 1738 1993 2102 2135 2434 2731 2996 3048 3139 3253 3355 3521 3628 3823 3916 4021 4340 4660 4735 5020 5155 5360 5561 5855 5915 6140 6160 6351 6456 6554 6867 7057 7301 7465 7574 7693 7839 8062 8179 8270 8368 8452 8718 8777 9070 9167 9237 9306 9593 9898 10167 10331 10606 10636 10730 10805 10858 10879 10952 11008 11302 11563 11801 11863 12096 12140 12262 12460 12763 13025 13140 13359 13559 13786 14014 14114 14231 14288 14391 14412 14700 14931 15063 15132 15260 15343 15607 15832

23 25
72 136 150 196 294 349 383 402 453 472 538 622 644 704 758 829 913 997 1004 1035 1058 1125 1222

17 34
15 98 190 276 344 437 530 568 589 697 739 770 905 979 1057 1086 1187

34 63
187 409 463 606 659 762 793 1025 1075 1127 1223 1372 1480 1694 1748 1991 2178 2364 2560 2775 2873 2918 2994 3061 3246 3469 3507 3648 3695 3871 4008 4138 4190 4326

56 71
119 142 381 586 856 997 1147 1374 1444 1572 1650 1904 2056 2208 2272 2457 2738 2780 2887 3100 3159 3315 3441 3515 3703 3766 4048 4162 4280 4451 4730 4780 5043 5204 5460 5543 5671 5926 6112 6156 6178 6257 6308 6539 6587 6706 6848 6884 7149 7195 7334 7591 7836 7860 8000 8176

96 14
7 46 84 129 180 232 260 307 349 357 369 400 425 476 514 535 560 598 622 675 720 772 823 873 894 926 974 1028 1077 1121 1161 1172 1192 1229 1272 1280 1304 1322 1364 1410 1447 1460 1468 1493 1503 1526 1546 1570 1598 1619 1645 1671 1681 1694 1728 1734 1752 1784 1794 1828 1841 1896 1927 1955 1994 2022 2045 2065 2068 2107 2128 2175 2189 2203 2236 2270 2312 2328 2369 2376 2406 2443 2476 2494 2541 2555 2594 2598 2608 2657 2686 2733 2740 2793 2831 2842

6 29
38 107 178 275 379 485

22 91
152 380 486 810 1142 1372 1595 1632 1736 1992 2189 2338 2503 2774 2958 3052 3198 3419 3739 3843 4056 4342

