25
56 17
51 63 115 136 201 247 296 309 349 370 397 427 478 523 552 590 626 648 703 767 831 837 891 908 915 956 1005 1034 1070 1135 1154 1207 1224 1239 1296 1358 1368 1404 1469 1519 1533 1590 1620 1660 1716 1728 1752 1813 1876 1901 1944 1989 2001 2024 2047 2075

77 56
175 330 486 688 845 950 1048 1179 1220 1418 1552 1582 1766 1951 2093 2113 2314 2406 2614 2678 2861 2993 3085 3164 3285 3506 3532 3625 3665 3726 3751 3883 3971 4158 4292 4504 4570 4618 4834 4906 5087 5130 5237 5434 5611 5811 5948 6130 6311 6336 6359 6388 6473 6591 6711 6776 6897 7064 7088 7301 7428 7644 7823 7851 7968 8089 8133 8334 8528 8671 8709 8872 8912 9081 9240 9265 9465

37 95
210 433 745 1090 1250 1452 1780 1882 2107 2415 2557 2927 3049 3093 3203 3396 3692 3756 3824 3914 4159 4522 4799 4874 4914 5012 5037 5295 5499 5766 5845 6187 6216 6384 6602 6762 6793

87 57
210 372 564 662 833 995 1114 1304 1508 1533 1701 1925 2001 2149 2198 2323 2349 2500 2629 2670 2756 2861 3027 3099 3230 3248 3451 3527 3624 3829 3900 4005 4176 4224 4392 4408 4434 4504 4667 4720 4864 5067 5207 5297 5508 5528 5730 5941 6093 6255 6275 6447 6500 6657 6789 6861 6973 7133 7228 7439 7523 7734 7898 8009 8147 8353 8430 8538 8563 8659 8741 8766 8800 8931 9146 9316 9491 9540 9611 9734 9876 10044 10166 10377 10511 10551 10662

10 38
45 148 206 308 395 531 542 646 710 766

82 89
328 424 494 825 895 981 1082 1372 1707 1786 2069 2308 2657 2698 2745 2824 3117 3416 3766 3923 3991 4143 4397 4573 4662 4834 5162 5361 5430 5551 5669 5715 5766 5922 6214 6359 6420 6574 6624 6798 7135 7377 7708 7928 8197 8438 8628 8657 8843 9043 9394 9711 9775 9819 9996 10192 10397 10609 10698 10982 11063 11322 11555 11660 11906 12133 12162 12391 12544 12633 12835 12886 12970 13293 13532 13685 13976 14328 14606 14654 14746 14772

48 12
44 56 85 91 139 172 178 189 205 211 254 296 337 356 393 418 431 442 452 469 509 556 559 564 603 609 629 638 651 691 736 749 766 797 842 881 925 942 983 989 1017 1042 1063 1080 1110 1139 1167 1205

18 24
77 122 135 149 209 243 311 376 392 483 498 589 663 684 766 793 862 940

45 54
126 321 394 608 700 898 945 1040 1171 1231 1319 1365 1386 1518 1701 1798 1909 2124 2169 2262 2393 2472 2674 2705 2916 3010 3225 3314 3440 3503 3639 3826 3963 4166 4345 4411 4520 4598 4791 4850 4988 5139 5169 5306 5423

20 65
70 231 431 584 746 800 906 1035 1164 1200 1326 1466 1625 1823 1995 2169 2222 2255 2409 2606

46 45
135 244 300 431 606 659 738 769 937 1048 1149 1275 1346 1375 1386 1469 1498 1620 1766 1827 1902 1964 2116 2226 2289 2368 2513 2670 2812 2833 2941 3092 3179 3190 3335 3515 3634 3730 3846 3988 4128 4142 4277 4322 4348 4520

73 40
97 168 242 294 449 510 613 707 798 862 896 995 1150 1307 1349 1475 1589 1702 1847 1881 2015 2169 2224 2258 2331 2481 2532 2613 2640 2710 2783 2881 3034 3189 3260 3360 3375 3481 3631 3709 3812 3949 4106 4235 4343 4446 4457 4552 4678 4781 4877 4904 5013 5069 5086 5195 5351 5387 5407 5436 5487 5590 5677 5827 5853 6001 6087 6223 6303 6368 6501 6587 6641

62 85
67 142 405 652 916 944 1124 1387 1702 2041 2140 2412 2440 2636 2659 2965 3040 3191 3253 3374 3701 3728 3928 4137 4241 4353 4458 4714 4754 4928 5120 5287 5624 5729 5946 6186 6305 6409 6713 6799 7130 7460 7579 7729 7834 8160 8224 8263 8435 8742 9035 9185 9331 9613 9637 9744 9913 10012 10241 10311 10636 10805

87 11
22 36 70 97 109 135 174 190 228 257 271 298 304 330 337 380 394 425 450 465 507 530 533 575 593 604 618 626 656 699 709 731 748 763 784 809 832 856 859 901 906 941 966 983 1007 1018 1037 1072 1088 1129 1132 1152 1178 1195 1204 1239 1248 1292 1311 1317 1345 1371 1404 1415 1434 1451 1484 1495 1521 1532 1547 1585 1624 1635 1667 1689 1723 1754 1756 1783 1825 1831 1858 1861 1875 1886 1898

92 42
65 137 243 295 363 441 567 684 707 803 859 986 1073 1197 1318 1455 1496 1528 1640 1754 1833 1875 1898 2016 2049 2119 2175 2267 2379 2492 2599 2626 2719 2749 2876 2886 2982 3040 3171 3287 3329 3469 3535 3688 3724 3854 3930 4039 4071 4135 4209 4232 4272 4351 4512 4562 4642 4668 4759 4832 4849 4893 5011 5176 5288 5396 5534 5582 5659 5677 5773 5811 5883 5973 6083 6244 6356 6423 6577 6643 6707 6840 6919 6997 7020 7114 7172 7248 7269 7370 7528 7673

57 33
85 202 256 311 339 379 497 596 671 763 884 928 1030 1074 1099 1180 1194 1283 1302 1432 1476 1501 1616 1683 1813 1935 2045 2096 2125 2146 2176 2282 2369 2490 2587 2613 2646 2675 2795 2884 2959 3008 3094 3203 3236 3303 3333 3394 3504 3523 3583 3608 3648 3719 3829 3874 3900

61 97
284 589 792 1175 1308 1619 1945 2058 2083 2182 2397 2698 3012 3179 3359 3680 3733 3773 3844 4055 4383 4420 4618 4851 4937 5005 5288 5465 5618 5864 5910 5999 6080 6278 6581 6668 6745 6881 7198 7468 7738 8053 8318 8477 8751 8854 9203 9320 9646 10013 10112 10394 10601 10758 11053 11317 11632 11841 12218 12442 12680

47 34
137 252 359 391 504 630 677 697 818 833 868 991 1069 1077 1115 1136 1230 1305 1435 1535 1656 1681 1804 1846 1891 1929 1999 2131 2148 2261 2387 2512 2521 2555 2654 2662 2762 2890 2957 2982 3030 3127 3248 3356 3489 3560 3612

57 32
93 173 240 250 369 459 558 596 650 767 820 909 937 1059 1097 1174 1203 1216 1307 1320 1349 1451 1563 1640 1754 1863 1926 1949 1990 2114 2156 2183 2229 2348 2391 2482 2501 2509 2608 2720 2824 2940 3058 3126 3211 3330 3431 3473 3588 3602 3621 3706 3784 3873 3957 4080 4134

47 39
90 150 290 436 460 556 674 779 885 930 1062 1169 1280 1401 1470 1506 1639 1671 1739 1878 2030 2100 2207 2263 2391 2526 2671 2801 2955 3012 3151 3179 3302 3395 3442 3588 3630 3726 3852 3932 4060 4087 4111 4185 4212 4301 4358

85 60
118 240 478 496 587 699 894 1065 1249 1366 1559 1746 1816 2032 2261 2467 2671 2836 2950 3010 3083 3310 3353 3387 3473 3634 3687 3834 3889 4018 4169 4398 4415 4594 4629 4645 4873 5034 5154 5307 5396 5583 5705 5782 5971 6048 6072 6119 6345 6513 6667 6808 6936 7055 7127 7262 7468 7693 7755 7973 8117 8150 8217 8376 8404 8625 8809 8856 9046 9247 9383 9502 9570 9698 9776 9853 9981 10005 10107 10291 10390 10508 10628 10749 10801

22 53
39 157 329 451 633 681 738 823 859 934 1018 1139 1244 1297 1336 1518 1574 1739 1767 1906 2012 2192

25 23
93 148 200 207 246 307 350 355 427 459 512 594 600 677 702 716 796 877 940 1016 1052 1065 1087 1103 1143

85 78
106 231 491 803 926 1189 1496 1548 1771 1916 1968 1991 2157 2216 2452 2725 2994 3216 3490 3729 3911 4188 4370 4483 4673 4886 4941 4983 5005 5056 5292 5320 5481 5579 5663 5735 6033 6206 6380 6437 6620 6774 6926 7067 7160 7460 7707 7838 8140 8343 8561 8865 8899 9082 9218 9303 9484 9593 9741 9803 10071 10122 10309 10404 10574 10856 10904 11213 11271 11551 11863 12156 12289 12596 12885 13048 13117 13232 13511 13719 13768 14004 14063 14223 14389

69 70
98 259 519 700 951 1180 1241 1370 1591 1793 1946 2033 2249 2268 2341 2395 2470 2534 2682 2721 2853 2902 3026 3138 3360 3404 3424 3585 3603 3794 4026 4102 4214 4297 4536 4672 4848 4943 5183 5304 5558 5737 6002 6127 6315 6389 6420 6460 6568 6587 6753 6813 6838 6915 7190 7230 7356 7596 7684 7884 8009 8116 8282 8406 8649 8718 8882 9119 9251

