28
39 51
152 310 423 481 541 631 801 868 934 998 1105 1290 1332 1389 1447 1588 1677 1857 2044 2165 2194 2387 2475 2555 2731 2822 2887 3065 3127 3266 3467 3661 3788 3924 4034 4053 4204 4313 4439

3 26
94 191 213

40 10
4 44 79 115 137 147 169 192 195 208 248 269 303 333 369 374 391 406 435 457 494 531 544 551 579 607 629 634 648 679 692 708 741 762 783 817 854 860 889 898

88 74
99 365 479 524 555 671 852 1082 1333 1407 1504 1569 1719 1830 1895 1936 2074 2170 2356 2606 2863 3091 3173 3277 3404 3520 3587 3773 4009 4246 4363 4494 4780 4991 5168 5285 5339 5598 5709 5968 6147 6275 6360 6475 6767 6947 7133 7250 7469 7699 7923 8104 8264 8503 8755 8918 9153 9444 9634 9735 9767 9792 10065 10202 10240 10274 10317 10607 10890 10978 11191 11228 11255 11327 11504 11721 11739 11788 12064 12104 12136 12362 12456 12747 12842 13058 13264 13554

78 41
51 162 281 413 536 628 664 715 746 886 907 1058 1089 1188 1239 1325 1379 1431 1581 1707 1784 1810 1844 1882 1965 2000 2051 2107 2183 2260 2353 2363 2527 2582 2695 2815 2924 2941 3070 3086 3172 3190 3274 3408 3565 3604 3709 3725 3754 3828 3857 3986 4127 4166 4281 4398 4475 4588 4710 4850 4880 4896 4918 4985 5032 5121 5233 5384 5488 5566 5673 5719 5764 5824 5984 6140 6262 6341

61 18
16 59 78 89 146 206 267 297 357 391 404 412 458 474 490 530 568 588 614 669 732 770 780 794 839 875 942 946 992 1000 1029 1055 1080 1104 1114 1167 1215 1265 1285 1322 1391 1428 1443 1515 1528 1588 1604 1657 1712 1744 1787 1825 1847 1898 1942 1962 1971 1995 1999 2046 2101

61 41
61 190 258 367 418 531 625 746 876 916 1013 1152 1197 1349 1498 1595 1647 1792 1924 1970 2034 2142 2191 2312 2345 2442 2557 2574 2596 2657 2728 2794 2921 2931 3000 3091 3149 3221 3232 3331 3448 3612 3730 3860 4012 4136 4153 4282 4433 4504 4652 4724 4802 4843 4988 5058 5166 5194 5236 5268 5373

63 30
81 135 232 303 311 359 407 451 487 555 602 698 760 855 916 995 1033 1138 1252 1272 1323 1345 1358 1371 1448 1519 1598 1631 1699 1800 1815 1838 1939 2022 2110 2156 2266 2341 2426 2474 2556 2568 2588 2595 2708 2760 2792 2819 2861 2951 3022 3101 3122 3202 3272 3322 3341 3374 3412 3422 3499 3605 3652

79 99
369 716 873 1125 1371 1431 1787 2009 2065 2268 2479 2719 2993 3372 3648 3945 4146 4481 4586 4920 5095 5194 5258 5493 5873 6021 6372 6433 6458 6674 6893 6982 7075 7444 7755 7866 8041 8103 8432 8561 8624 8658 8778 8930 9075 9310 9505 9663 10047 10416 10506 10561 10612 10655 10974 11213 11537 11706 11893 12127 12157 12431 12694 12863 13143 13228 13518 13567 13841 14237 14379 14494 14529 14776 15137 15188 15584 15923 16181

19 6
4 23 28 29 51 64 73 91 107 121 125 140 161 174 198 213 219 233 255

23 29
91 119 167 280 355 371 487 523 589 669 736 808 850 962 1039 1097 1150 1247 1296 1312 1373 1484 1597

14 57
56 231 304 370 506 627 688 845 909 991 1151 1360 1488 1678

17 44
25 145 185 239 393 429 571 592 691 805 822 842 903 1067 1145 1310 1328

50 86
53 147 442 473 706 998 1179 1261 1595 1848 1884 1921 2034 2144 2359 2453 2685 2884 3135 3381 3717 3985 4119 4400 4574 4842 4968 5098 5421 5748 5899 6016 6126 6320 6422 6541 6642 6924 6991 7064 7362 7489 7774 7937 8050 8298 8515 8624 8760 8810

85 20
14 81 142 171 213 225 237 311 319 384 422 483 521 537 608 648 683 758 796 823 844 912 975 1028 1108 1176 1193 1236 1288 1328 1382 1441 1482 1529 1551 1574 1593 1602 1628 1645 1658 1665 1739 1758 1797 1864 1913 1932 1996 2048 2111 2141 2191 2246 2311 2340 2363 2428 2479 2488 2562 2588 2605 2678 2720 2778 2839 2857 2933 3000 3040 3055 3084 3157 3226 3232 3244 3303 3340 3382 3391 3433 3487 3505 3548

35 56
170 286 407 427 623 749 950 1044 1089 1166 1221 1409 1437 1538 1734 1955 1998 2068 2136 2187 2376 2531 2670 2804 2961 3026 3136 3277 3465 3688 3721 3749 3765 3816 3885

99 9
36 61 74 106 130 138 145 163 195 208 233 249 264 296 312 316 330 345 360 368 374 407 430 452 477 510 544 549 580 588 624 630 637 652 666 677 701 707 727 757 784 810 844 877 900 924 935 965 971 1005 1029 1032 1035 1058 1061 1065 1090 1100 1129 1148 1155 1189 1216 1223 1228 1235 1268 1296 1320 1322 1331 1367 1390 1421 1429 1457 1474 1500 1504 1535 1545 1575 1607 1627 1654 1683 1695 1715 1744 1757 1776 1795 1809 1818 1829 1863 1889 1916 1920

22 91
86 311 529 732 1026 1050 1184 1388 1557 1714 1873 1940 2143 2485 2595 2642 2907 3088 3126 3474 3810 4016

51 64
44 204 416 552 698 807 921 1148 1221 1262 1431 1600 1630 1712 1845 1931 2132 2380 2609 2758 2781 2814 3036 3152 3371 3454 3668 3722 3773 3818 3861 4085 4154 4332 4408 4507 4718 4812 4942 5175 5360 5488 5666 5765 5875 6083 6223 6265 6514 6655 6767

66 12
39 58 65 108 124 146 174 215 226 274 280 305 336 341 383 412 441 483 507 518 533 565 584 601 646 687 707 718 766 796 801 846 865 878 907 930 944 969 1014 1048 1069 1109 1136 1175 1198 1203 1233 1263 1285 1304 1319 1357 1400 1421 1446 1458 1494 1540 1555 1582 1596 1608 1620 1638 1675 1681

69 99
381 542 827 989 1190 1457 1612 2005 2380 2444 2487 2700 3056 3145 3218 3288 3509 3758 4055 4366 4606 4925 5029 5368 5678 5942 6054 6234 6366 6716 7062 7280 7673 7960 8040 8320 8620 8902 9022 9083 9187 9232 9434 9679 9984 10306 10620 10673 11039 11370 11683 11762 11999 12285 12371 12531 12661 12925 13255 13392 13584 13717 14077 14331 14428 14606 14797 14906 15180

72 31
61 104 141 206 328 414 537 631 735 792 845 926 1016 1126 1136 1153 1181 1291 1336 1401 1436 1462 1545 1587 1629 1729 1749 1757 1764 1888 1970 2017 2127 2181 2267 2363 2413 2473 2492 2586 2610 2698 2811 2922 3027 3138 3202 3275 3333 3385 3424 3521 3613 3657 3675 3756 3813 3905 3992 4101 4170 4242 4352 4387 4417 4430 4475 4583 4683 4736 4744 4779

89 1
1 1 2 2 5 5 9 13 16 17 19 19 22 23 24 28 30 32 32 36 39 39 39 40 41 43 44 44 46 49 50 50 51 55 55 57 61 61 63 66 70 73 74 75 77 79 79 82 82 84 85 89 90 92 92 96 98 102 103 105 106 110 113 116 119 119 123 123 123 127 130 134 137 138 140 141 144 147 147 147 149 149 149 153 154 157 160 161 161

28 77
75 270 493 604 644 871 975 1135 1428 1646 1925 2165 2199 2240 2505 2578 2693 2984 3260 3547 3599 3636 3895 3917 4141 4230 4260 4440

90 72
257 407 547 725 881 1001 1154 1297 1363 1639 1803 2058 2104 2246 2391 2428 2503 2680 2908 2989 3164 3391 3480 3759 3791 3974 4215 4338 4439 4609 4644 4813 5086 5266 5328 5439 5676 5705 5788 5946 6205 6412 6575 6816 7056 7248 7320 7462 7669 7845 7884 8039 8098 8302 8582 8796 8837 8976 9250 9420 9643 9732 9867 10064 10129 10377 10463 10591 10678 10848 10917 11071 11302 11471 11695 11853 12100 12327 12456 12509 12745 13023 13221 13268 13425 13453 13710 13973 14202 14411

12 42
157 189 308 402 566 722 790 933 990 1055 1171 1288

49 98
225 509 652 894 1259 1483 1628 1985 2024 2133 2482 2708 2957 3222 3344 3481 3776 3826 4098 4151 4334 4594 4894 5262 5648 5756 5826 6001 6234 6277 6509 6696 7010 7347 7449 7708 7854 7907 8018 8264 8638 9014 9070 9322 9386 9731 10016 10268 10341

90 95
97 275 621 852 1226 1261 1529 1862 2043 2205 2552 2600 2868 2978 3173 3497 3859 4059 4381 4435 4794 4998 5280 5584 5703 5869 6081 6119 6402 6536 6867 7127 7200 7432 7768 7888 8177 8298 8605 8754 9093 9328 9602 9943 10318 10484 10771 10867 11101 11214 11520 11603 11741 11809 11936 11962 12190 12543 12619 12650 12970 13307 13469 13717 13896 13991 14103 14294 14354 14573 14704 14764 14980 15106 15457 15765 15949 16157 16189 16347 16383 16627 16996 17247 17310 17581 17948 17972 18296 18429

