19
70 36
23 142 279 354 395 521 624 682 826 885 979 1107 1237 1379 1479 1534 1657 1784 1844 1874 1992 2005 2019 2030 2078 2211 2332 2425 2444 2566 2675 2727 2762 2801 2867 2896 2984 3108 3149 3282 3378 3476 3522 3644 3679 3785 3829 3904 3929 3989 4020 4092 4144 4238 4372 4420 4553 4692 4708 4746 4878 4935 4963 5024 5056 5091 5235 5300 5392 5513

72 75
109 171 404 425 447 730 801 1074 1268 1565 1845 1920 2129 2413 2657 2885 2915 3157 3401 3686 3745 3862 4070 4339 4568 4743 4846 4963 5155 5444 5522 5738 5786 6032 6107 6138 6307 6557 6794 6871 6913 7023 7119 7198 7277 7431 7711 7850 7902 7946 8004 8062 8321 8598 8886 8949 9187 9303 9584 9650 9690 9781 10050 10074 10242 10291 10572 10766 10938 11144 11379 11403

98 25
35 46 97 145 216 308 319 343 408 478 505 594 604 688 768 825 871 909 930 953 961 1006 1060 1131 1152 1220 1272 1307 1320 1331 1407 1413 1431 1502 1540 1594 1617 1646 1661 1694 1770 1783 1796 1886 1933 1967 2043 2049 2077 2164 2183 2211 2290 2303 2334 2401 2463 2489 2571 2581 2676 2711 2771 2801 2899 2980 2989 3086 3183 3190 3240 3281 3359 3418 3465 3512 3611 3637 3688 3745 3782 3842 3865 3875 3974 4063 4105 4148 4199 4294 4308 4389 4410 4495 4592 4661 4671 4682

70 39
128 192 255 375 445 500 595 729 814 882 955 1013 1112 1165 1299 1424 1504 1639 1759 1904 2042 2076 2112 2160 2216 2249 2303 2318 2347 2499 2546 2634 2670 2781 2920 2929 2982 3016 3143 3175 3219 3353 3432 3557 3679 3737 3780 3853 3920 4048 4164 4217 4338 4411 4454 4492 4511 4586 4609 4744 4879 4985 5043 5138 5229 5276 5325 5351 5413 5468

3 9
14 44 48

87 32
85 183 216 300 339 359 401 428 526 560 596 661 737 763 871 968 1091 1119 1205 1248 1374 1460 1489 1553 1573 1605 1632 1650 1728 1752 1824 1888 1915 2043 2131 2196 2239 2319 2376 2472 2518 2527 2564 2679 2724 2770 2836 2901 2963 3036 3163 3244 3272 3318 3436 3524 3539 3645 3715 3821 3836 3921 3936 3978 4021 4098 4216 4266 4372 4387 4447 4500 4515 4562 4649 4755 4795 4865 4937 4987 5100 5195 5254 5361 5412 5443 5539

48 64
152 266 522 746 822 1012 1069 1188 1431 1562 1647 1870 2103 2153 2198 2399 2447 2483 2520 2704 2888 2989 3176 3264 3379 3418 3596 3620 3860 3888 4070 4132 4343 4453 4677 4859 4929 5088 5297 5459 5629 5861 5974 6013 6164 6189 6399 6511

73 75
57 115 355 508 539 591 857 1089 1365 1653 1867 2081 2236 2339 2629 2873 3092 3240 3433 3591 3648 3796 4084 4354 4386 4609 4748 4779 4883 5049 5188 5484 5701 5853 5958 6204 6457 6550 6596 6677 6859 6910 6963 7066 7100 7400 7429 7648 7834 7937 8026 8162 8410 8706 8999 9117 9379 9525 9593 9813 10099 10338 10626 10876 11051 11342 11452 11490 11594 11737 11839 11933 12205

43 96
298 504 713 1049 1277 1623 1945 2043 2398 2582 2683 3007 3267 3609 3909 3946 4210 4564 4784 5069 5358 5712 5783 5887 6229 6429 6587 6830 7210 7527 7646 7890 8003 8325 8694 8801 9004 9137 9359 9431 9727 10008 10314

17 53
30 109 151 195 286 371 579 643 690 736 771 848 983 1185 1300 1489 1645

80 39
77 174 299 340 375 504 657 807 856 893 921 1076 1146 1203 1216 1321 1457 1479 1512 1668 1761 1877 2011 2075 2178 2268 2306 2326 2385 2480 2615 2742 2765 2863 3004 3024 3108 3185 3273 3325 3468 3508 3588 3706 3760 3891 3986 4019 4157 4256 4403 4547 4693 4776 4867 4931 4989 5136 5227 5264 5392 5536 5600 5750 5783 5814 5839 5855 5864 5952 6010 6147 6289 6389 6483 6623 6679 6801 6917 6929

70 77
191 354 471 588 876 1182 1250 1501 1775 1844 2051 2289 2579 2642 2742 3034 3231 3467 3729 3999 4294 4571 4800 4949 5100 5305 5441 5479 5747 6024 6067 6126 6288 6495 6729 6801 7040 7061 7305 7465 7492 7564 7724 7749 7848 7929 7996 8289 8312 8436 8541 8758 8963 9199 9239 9313 9370 9417 9660 9768 10046 10291 10386 10555 10611 10771 10845 11101 11251 11366

32 78
119 248 346 576 763 860 930 1123 1338 1370 1390 1439 1713 2019 2236 2401 2646 2817 2873 3164 3363 3488 3530 3603 3645 3815 4035 4061 4106 4404 4434 4709

68 61
100 140 328 463 490 664 729 889 1043 1207 1384 1521 1642 1875 1955 2063 2267 2404 2458 2662 2687 2841 3032 3237 3339 3482 3578 3807 4009 4119 4170 4192 4431 4542 4774 4866 5107 5202 5273 5502 5607 5798 5839 6041 6069 6252 6384 6454 6536 6684 6906 7035 7109 7139 7161 7331 7347 7481 7554 7714 7913 8025 8161 8178 8193 8216 8426 8656

89 1
5 9 13 13 15 17 19 20 21 23 24 28 31 33 33 37 40 40 43 47 49 52 53 57 58 61 65 65 65 69 71 75 75 78 81 85 87 89 90 91 93 93 95 98 99 99 103 103 106 110 110 110 113 116 117 120 122 122 126 127 130 133 136 138 139 139 143 143 147 148 150 152 152 156 160 160 163 164 168 172 172 174 174 178 181 183 184 185 185

71 18
67 77 136 181 192 240 256 267 321 327 339 377 444 451 487 553 625 644 700 761 781 838 845 880 893 904 959 1022 1031 1092 1096 1120 1167 1197 1210 1238 1289 1313 1356 1374 1381 1436 1451 1516 1546 1616 1630 1694 1700 1755 1825 1845 1851 1872 1936 1992 2041 2092 2157 2213 2239 2270 2284 2309 2363 2367 2429 2471 2478 2538 2574

57 10
41 53 83 118 137 170 201 204 230 247 275 302 325 347 358 374 397 436 445 478 483 498 521 552 582 610 624 656 675 713 734 762 770 784 809 819 839 853 889 893 900 939 963 971 982 1010 1039 1053 1064 1090 1129 1131 1152 1181 1191 1214 1248

85 84
111 226 495 752 824 973 1074 1205 1335 1611 1652 1761 2063 2194 2406 2668 2765 2995 3323 3405 3443 3605 3835 4103 4364 4672 4724 4931 4980 5237 5573 5752 5947 6158 6419 6538 6744 6835 6891 7060 7083 7301 7423 7609 7764 7877 7934 8167 8293 8554 8635 8894 8998 9208 9289 9570 9609 9866 10026 10150 10195 10456 10540 10645 10743 10952 11114 11441 11765 11795 11939 12248 12379 12421 12674 12764 12877 13011 13160 13200 13507 13649 13715 13937 14200

53 24
86 175 229 283 336 363 422 432 493 520 588 655 749 779 850 944 961 989 1045 1110 1186 1195 1240 1255 1266 1320 1347 1411 1500 1547 1626 1633 1687 1726 1784 1876 1896 1923 2019 2055 2082 2119 2167 2190 2259 2296 2334 2401 2486 2563 2588 2617 2698

