7
10 12
47 68 77 83 90 101 104 123 147 171

84 51
165 258 424 548 717 892 932 1023 1169 1212 1365 1383 1427 1545 1598 1620 1649 1794 1907 2033 2125 2229 2383 2480 2606 2646 2797 2911 3090 3158 3271 3423 3471 3519 3553 3641 3802 4004 4131 4156 4305 4321 4479 4599 4654 4737 4912 4946 5149 5315 5394 5553 5612 5648 5686 5715 5883 6072 6091 6209 6249 6343 6499 6533 6621 6822 6839 6968 7005 7118 7218 7287 7302 7405 7577 7597 7721 7744 7884 8062 8121 8216 8377 8446

20 61
60 254 437 635 855 1098 1125 1224 1318 1387 1457 1626 1711 1794 1943 1980 2010 2165 2296 2433

21 74
61 350 465 589 810 1007 1121 1292 1418 1456 1477 1508 1628 1820 1989 2056 2294 2582 2739 2834 2940

88 59
210 314 363 484 604 790 871 923 1121 1280 1382 1555 1774 1798 1943 2143 2245 2269 2300 2528 2547 2568 2658 2836 3037 3173 3379 3554 3657 3819 3962 4187 4380 4597 4709 4833 5029 5086 5313 5530 5666 5777 5950 6035 6057 6147 6382 6523 6646 6840 7024 7260 7371 7411 7524 7573 7793 7962 8067 8124 8240 8304 8532 8611 8847 9068 9119 9324 9423 9647 9720 9902 9926 10048 10158 10304 10496 10639 10773 10896 10940 11069 11245 11314 11505 11594 11692 11805

63 27
56 158 235 324 353 440 504 579 686 719 735 843 931 969 1011 1108 1181 1227 1308 1388 1405 1419 1438 1463 1479 1563 1589 1629 1637 1729 1830 1859 1912 1936 2037 2065 2136 2169 2244 2299 2386 2419 2440 2510 2581 2610 2627 2664 2726 2802 2833 2931 3031 3064 3075 3183 3236 3312 3415 3459 3549 3609 3708

37 85
112 267 574 899 1002 1215 1325 1634 1908 2076 2280 2565 2713 2779 3057 3249 3567 3621 3659 3905 4053 4379 4608 4901 5077 5103 5388 5632 5749 5905 6198 6236 6396 6727 6825 6888 7205

