27
43 101
85 346 561 690 1038 1129 1270 1582 1846 2167 2195 2561 2785 2957 3013 3404 3625 3870 4078 4168 4514 4846 4887 5084 5229 5543 5617 5989 6316 6411 6814 7161 7398 7691 7888 8206 8527 8715 8920 9081 9163 9224 9559

48 93
203 558 790 1088 1233 1603 1880 2230 2264 2517 2579 2798 2930 3196 3353 3480 3645 3804 3856 4025 4253 4497 4735 4966 5167 5351 5557 5886 5929 6154 6315 6515 6846 7070 7394 7437 7788 8097 8151 8500 8697 8931 8977 9265 9322 9429 9594 9719

18 5
6 19 29 41 52 71 89 96 105 111 119 125 140 159 166 177 185 195

23 23
37 126 212 267 338 406 496 549 573 585 617 630 671 728 787 843 852 904 917 1001 1031 1043 1050

95 68
259 283 318 387 528 582 791 927 1133 1181 1321 1404 1658 1814 1969 2056 2119 2249 2342 2481 2576 2661 2793 2860 2948 3066 3224 3438 3576 3680 3728 3950 4152 4231 4462 4639 4905 4997 5232 5459 5647 5791 5906 5956 6015 6039 6222 6437 6584 6615 6796 7020 7170 7212 7406 7623 7818 8050 8229 8453 8697 8786 8954 9082 9119 9219 9249 9390 9572 9590 9808 9876 10124 10315 10574 10837 11011 11060 11082 11289 11524 11655 11853 12033 12202 12331 12524 12583 12746 13001 13020 13204 13360 13443 13546

48 14
5 35 62 111 129 144 165 206 223 239 245 282 328 333 383 426 471 509 525 555 587 611 626 649 681 701 709 730 783 804 834 841 854 859 908 959 985 1015 1024 1079 1114 1121 1136 1185 1213 1249 1299 1313

55 65
159 189 388 461 682 857 1086 1203 1444 1619 1651 1814 1949 2124 2209 2283 2366 2398 2546 2602 2791 2962 3080 3330 3559 3663 3873 3975 4126 4285 4353 4534 4619 4855 4923 5086 5133 5366 5573 5801 5882 6074 6180 6380 6475 6614 6634 6738 6938 6960 7013 7100 7221 7346 7442

72 86
60 276 575 819 959 1096 1341 1469 1799 2113 2136 2293 2397 2553 2782 3075 3174 3461 3795 4051 4159 4490 4610 4897 5194 5341 5551 5692 5961 6114 6186 6465 6776 6918 7075 7177 7439 7482 7798 7828 8130 8455 8504 8846 9124 9196 9454 9648 9939 10119 10175 10201 10302 10442 10585 10813 10850 10967 11130 11340 11388 11508 11632 11694 11833 11860 12006 12165 12497 12755 12889 13043

58 78
41 284 389 411 510 784 879 1040 1138 1393 1561 1709 1939 2092 2124 2252 2274 2497 2639 2722 2876 3062 3118 3429 3716 3926 3978 4245 4406 4583 4702 4807 4881 4958 5262 5528 5698 5975 6202 6427 6645 6804 7009 7213 7486 7734 8010 8179 8364 8609 8743 8866 8899 8989 9107 9166 9280 9505

4 59
195 296 319 514

70 13
17 48 81 108 113 116 123 133 164 215 244 290 330 334 363 384 426 469 521 536 579 587 595 604 641 644 657 697 732 779 783 806 816 866 917 926 975 991 1002 1013 1028 1077 1102 1127 1153 1183 1187 1222 1274 1326 1329 1345 1393 1433 1470 1481 1508 1535 1579 1586 1612 1663 1672 1704 1719 1723 1742 1755 1771 1818

77 44
40 54 74 95 133 245 268 309 445 618 671 771 890 1057 1122 1137 1161 1211 1368 1515 1536 1582 1699 1720 1885 1962 2061 2134 2265 2436 2454 2626 2787 2937 3110 3199 3239 3402 3513 3532 3565 3723 3844 3979 4017 4061 4139 4264 4409 4434 4542 4709 4730 4811 4977 5034 5107 5226 5266 5423 5532 5566 5655 5695 5733 5869 5899 6008 6062 6167 6276 6451 6499 6659 6692 6823 6950

20 91
342 452 653 779 946 1257 1314 1595 1744 1768 1883 2156 2349 2444 2486 2810 2945 3099 3143 3411

3 38
35 52 202

78 81
245 398 658 782 1041 1210 1288 1325 1571 1709 1890 1958 2004 2302 2464 2748 2819 2891 2954 3194 3372 3468 3697 3954 4034 4258 4375 4653 4900 5087 5259 5522 5604 5650 5921 6219 6528 6808 7080 7105 7323 7521 7815 7969 8184 8362 8497 8705 9007 9094 9342 9566 9777 9863 9934 10115 10274 10476 10714 10993 11107 11294 11362 11639 11786 12060 12173 12261 12502 12782 13007 13249 13528 13702 13723 13842 14108 14205

77 78
235 289 557 796 1044 1185 1312 1471 1492 1733 2038 2220 2403 2499 2661 2805 2899 2939 3063 3364 3655 3843 4113 4274 4321 4587 4737 5016 5081 5286 5342 5516 5799 5989 6078 6235 6294 6487 6718 7017 7187 7300 7340 7608 7657 7946 8248 8333 8476 8510 8803 8940 9135 9359 9426 9634 9673 9961 10136 10330 10368 10597 10783 10877 11110 11338 11516 11603 11656 11834 11853 12151 12361 12431 12648 12859 13128

38 61
22 51 293 323 518 715 914 1036 1270 1367 1396 1581 1805 2044 2218 2242 2453 2541 2655 2873 3090 3168 3208 3403 3456 3570 3749 3856 3936 4151 4354 4395 4486 4503 4697 4800 4864 5006

29 34
99 191 212 236 367 421 465 583 673 731 823 899 927 1019 1089 1172 1248 1348 1419 1492 1620 1697 1791 1912 1981 2064 2178 2198 2332

96 75
19 205 404 665 901 984 1149 1421 1605 1669 1900 2160 2335 2510 2631 2882 3123 3300 3400 3685 3765 4045 4309 4342 4565 4646 4884 4953 5186 5475 5746 5953 6015 6053 6071 6198 6434 6700 6868 6924 6978 7041 7155 7449 7698 7874 7986 8100 8395 8694 8767 9044 9209 9490 9779 9951 10000 10226 10311 10535 10797 10968 11121 11174 11346 11424 11658 11751 11892 12085 12174 12324 12607 12717 12891 13142 13272 13546 13691 13936 14116 14300 14573 14681 14854 14900 15076 15174 15334 15559 15609 15793 15912 16052 16308 16600

78 45
44 75 251 407 500 615 689 704 870 1018 1095 1270 1388 1481 1525 1699 1860 2003 2145 2237 2260 2376 2528 2660 2678 2697 2815 2981 3148 3206 3381 3487 3599 3754 3884 3936 4016 4140 4286 4404 4562 4724 4798 4928 5035 5125 5297 5460 5525 5617 5701 5851 5892 5926 5998 6071 6184 6289 6327 6430 6558 6707 6810 6971 7108 7174 7275 7389 7533 7649 7688 7703 7824 7936 7977 8077 8181 8198

85 47
166 223 347 459 608 790 819 960 990 1003 1111 1287 1412 1598 1710 1731 1830 1911 2090 2211 2230 2390 2555 2609 2664 2852 2867 2943 3129 3301 3409 3494 3526 3552 3604 3748 3760 3825 3855 3959 4054 4164 4250 4376 4495 4520 4588 4611 4663 4726 4895 5083 5252 5269 5326 5367 5500 5523 5697 5798 5865 5937 6056 6157 6269 6336 6348 6494 6532 6629 6670 6753 6865 6966 7101 7171 7356 7502 7635 7693 7778 7912 7978 8007 8022

45 75
263 394 430 682 833 1035 1265 1295 1486 1720 1780 1864 1989 2056 2111 2374 2622 2756 2902 2995 3227 3368 3496 3730 3921 4060 4191 4435 4699 4953 5032 5266 5293 5316 5404 5458 5682 5736 5975 6205 6236 6456 6514 6609 6676

75 47
66 180 262 286 425 557 739 811 854 906 1035 1105 1134 1242 1286 1474 1562 1741 1906 1990 2094 2267 2339 2491 2516 2655 2820 2951 3117 3152 3180 3271 3411 3538 3569 3637 3796 3819 3898 3983 4093 4187 4255 4304 4353 4443 4631 4787 4953 5128 5215 5262 5274 5450 5506 5663 5814 5989 6022 6099 6144 6315 6478 6505 6576 6670 6725 6779 6924 7041 7196 7376 7547 7722 7910

58 56
182 296 498 611 793 842 965 1124 1234 1284 1364 1412 1441 1625 1706 1767 1913 2095 2135 2152 2324 2431 2466 2533 2697 2920 2990 3030 3176 3261 3427 3517 3618 3689 3773 3846 3906 4083 4137 4272 4455 4631 4808 4833 4984 5014 5175 5280 5364 5439 5604 5640 5824 5893 6117 6131 6237 6304

85 10
39 57 91 116 118 137 144 179 197 203 228 236 261 279 301 334 348 363 395 423 457 466 506 533 536 547 549 559 581 612 628 667 690 697 700 720 724 757 793 808 830 869 881 909 912 936 946 953 958 996 1034 1058 1072 1091 1104 1117 1151 1171 1177 1206 1235 1267 1278 1304 1307 1323 1353 1359 1363 1373 1405 1421 1438 1462 1486 1496 1501 1537 1575 1610 1636 1648 1683 1723 1735

9 11
37 39 82 100 136 144 151 177 179

44 19
63 105 171 200 272 335 382 424 446 459 471 545 552 591 636 667 702 760 779 823 884 943 1005 1050 1085 1150 1225 1278 1299 1371 1440 1446 1459 1482 1538 1574 1638 1712 1774 1789 1829 1888 1946 2012

