42
4 94
51 141 412 712

38 23
30 93 163 218 253 334 351 381 397 458 532 612 678 691 717 731 800 821 848 890 924 1002 1084 1153 1162 1215 1240 1298 1320 1390 1438 1461 1510 1590 1637 1658 1738 1776

29 71
197 480 616 662 901 1176 1426 1613 1753 1925 2013 2082 2359 2447 2537 2598 2765 2999 3103 3306 3394 3667 3699 3915 4052 4201 4257 4461 4613

68 1
5 6 6 7 11 15 19 20 22 26 27 30 32 34 37 41 43 45 45 47 47 50 50 53 56 56 58 62 66 69 69 71 71 72 76 79 82 83 85 87 89 92 92 93 96 100 101 101 105 107 110 111 115 119 120 122 125 127 130 132 135 135 138 141 144 146 147 150

40 31
47 56 176 190 211 290 363 396 415 446 539 619 643 739 858 948 993 1089 1125 1222 1312 1429 1500 1571 1691 1788 1863 1903 1970 1981 2079 2176 2262 2364 2462 2530 2649 2700 2797 2873

21 11
18 25 58 70 97 126 162 171 192 209 213 225 232 239 263 278 280 317 331 338 346

20 88
75 372 641 676 958 999 1060 1333 1661 1790 1978 2199 2250 2289 2417 2583 2868 3141 3191 3495

8 42
157 277 295 462 591 650 797 853

25 87
186 239 446 776 1007 1233 1513 1723 1979 2270 2610 2942 3083 3297 3371 3535 3854 4060 4327 4491 4689 4861 5166 5235 5362

87 41
58 145 158 224 353 495 631 770 784 851 987 1003 1022 1094 1228 1366 1466 1514 1541 1668 1739 1836 1935 2075 2165 2194 2218 2316 2373 2407 2530 2671 2788 2822 2867 2884 2946 3008 3153 3176 3246 3284 3402 3437 3585 3687 3841 3856 3878 3916 4029 4081 4223 4379 4490 4649 4683 4776 4915 5007 5128 5221 5253 5373 5515 5539 5592 5681 5736 5815 5974 5987 6071 6167 6230 6256 6398 6537 6685 6770 6857 6880 6939 6967 7040 7202 7294

45 51
137 269 394 498 519 564 758 919 1120 1206 1395 1534 1620 1723 1890 2055 2078 2259 2411 2589 2768 2954 3037 3122 3146 3168 3232 3268 3397 3534 3635 3734 3861 3986 4020 4160 4218 4409 4602 4637 4665 4758 4826 4955 5093

23 9
33 45 55 70 98 114 136 148 180 200 222 246 261 291 297 312 315 337 342 355 371 374 408

81 13
33 81 84 111 153 203 252 278 316 339 350 375 409 421 452 464 488 495 544 585 593 598 623 661 701 719 760 782 823 864 876 910 961 985 1011 1042 1064 1093 1108 1116 1155 1184 1197 1224 1246 1255 1274 1278 1299 1320 1342 1358 1382 1404 1444 1495 1538 1563 1609 1620 1664 1712 1754 1781 1810 1841 1875 1896 1906 1930 1965 1991 1997 2006 2015 2030 2055 2083 2132 2172 2210

25 29
66 134 206 290 379 391 465 474 501 510 616 693 759 807 898 1007 1082 1154 1238 1317 1358 1416 1426 1501 1557

19 80
290 345 661 923 1054 1319 1510 1654 1769 1934 1971 2191 2450 2474 2542 2662 2730 2908 3029

96 57
210 305 413 472 645 820 956 1164 1201 1261 1354 1510 1715 1889 1954 2086 2109 2181 2309 2361 2507 2672 2779 2968 2998 3069 3172 3369 3524 3718 3779 3801 3835 3916 4017 4154 4178 4212 4324 4397 4539 4747 4868 4953 5166 5328 5376 5569 5735 5784 5829 5998 6173 6333 6468 6692 6721 6875 6993 7204 7286 7468 7494 7646 7763 7786 7939 8058 8220 8296 8326 8484 8659 8807 8917 9063 9255 9428 9508 9632 9749 9967 10012 10088 10110 10331 10479 10612 10780 10920 10966 11029 11161 11195 11336 11412

78 62
140 221 466 578 795 817 1053 1168 1230 1316 1449 1589 1805 2020 2191 2345 2526 2577 2814 2930 3083 3285 3445 3641 3733 3874 4069 4120 4135 4355 4395 4540 4773 4803 4853 5007 5030 5157 5240 5296 5426 5628 5673 5691 5763 5995 6226 6320 6351 6509 6602 6708 6900 7088 7244 7453 7691 7913 8097 8268 8350 8478 8622 8780 8975 9151 9213 9318 9512 9722 9839 10045 10099 10142 10217 10390 10536 10589

97 91
208 395 517 590 775 887 969 1001 1081 1335 1613 1917 2061 2214 2568 2705 2744 2790 2903 3106 3379 3669 3866 3898 4219 4313 4542 4716 4790 4997 5148 5379 5527 5767 6069 6225 6360 6697 6845 7173 7250 7567 7672 7904 8251 8375 8444 8757 8941 9205 9469 9783 10076 10408 10527 10812 10936 11071 11364 11603 11863 12020 12301 12461 12801 13161 13330 13375 13632 13925 14079 14185 14377 14475 14732 14759 14795 14995 15123 15210 15475 15765 16038 16302 16573 16628 16945 17191 17342 17448 17556 17607 17719 17906 18054 18183 18228

95 91
167 492 609 714 801 873 974 1252 1370 1468 1626 1725 1915 1965 2138 2333 2497 2730 2966 3327 3515 3600 3835 3876 4069 4329 4450 4692 4915 5250 5575 5669 5846 6154 6197 6534 6697 6797 7145 7257 7468 7502 7730 7916 7989 8051 8174 8271 8525 8858 9085 9353 9538 9864 9902 10105 10142 10219 10546 10871 11217 11460 11665 11964 12106 12390 12686 12930 13278 13312 13581 13755 14019 14085 14321 14459 14746 14988 15169 15448 15691 15854 16053 16205 16452 16593 16617 16978 17244 17396 17644 17861 17977 18250 18540

7 2
1 4 11 18 23 29 33

40 12
35 76 98 107 148 177 205 211 239 281 310 315 354 366 389 413 435 460 475 506 523 557 593 605 650 657 703 738 771 778 813 833 848 857 867 911 943 973 991 1028

85 89
25 369 394 644 758 896 1076 1256 1280 1617 1969 2238 2567 2599 2935 3154 3199 3491 3593 3944 4204 4373 4630 4820 4927 5042 5315 5507 5679 5824 6138 6239 6508 6846 6981 7187 7364 7676 7884 7946 8061 8142 8458 8484 8570 8868 9052 9398 9666 9787 10111 10232 10286 10377 10630 10834 10948 11180 11333 11372 11613 11866 11960 12214 12424 12721 12859 12987 13017 13122 13208 13500 13553 13665 14005 14080 14233 14365 14536 14786 14876 14976 15145 15411 15733

61 55
92 187 279 370 407 502 639 679 799 1011 1167 1210 1390 1512 1599 1706 1802 1993 2194 2236 2440 2467 2484 2659 2752 2933 3079 3176 3387 3418 3534 3642 3838 3982 4000 4018 4173 4264 4310 4388 4420 4473 4579 4763 4928 4964 5024 5150 5231 5424 5445 5467 5573 5692 5901 5941 6028 6185 6354 6545 6602

99 66
183 431 466 653 727 913 1086 1310 1488 1624 1837 1939 2061 2184 2254 2327 2516 2774 2875 3125 3224 3244 3342 3587 3848 3871 3987 4153 4315 4509 4635 4789 4911 5089 5172 5198 5413 5549 5714 5812 5853 5913 5986 6182 6313 6422 6547 6742 6981 7245 7346 7475 7680 7749 7818 7939 8060 8127 8146 8387 8563 8584 8655 8710 8896 9035 9061 9220 9285 9461 9477 9669 9758 9840 9970 10203 10429 10511 10573 10627 10844 10959 11171 11278 11445 11666 11789 12007 12042 12160 12318 12440 12564 12656 12869 13083 13151 13304 13346

34 11
25 57 65 75 107 151 188 213 256 295 327 360 376 401 434 460 498 541 571 596 615 629 656 697 709 751 785 819 844 862 885 928 966 1000

31 66
188 301 505 556 752 879 1045 1130 1384 1514 1653 1870 2058 2227 2363 2528 2750 2941 3089 3105 3135 3299 3425 3561 3775 4033 4165 4389 4440 4546 4588

95 72
141 209 233 296 564 632 694 757 938 1200 1468 1548 1699 1982 2005 2038 2193 2450 2522 2592 2656 2926 2964 3162 3410 3650 3705 3755 3851 3938 4204 4461 4733 5019 5073 5218 5398 5495 5711 5856 5891 6177 6444 6699 6948 7117 7303 7414 7517 7561 7773 7969 8148 8303 8522 8615 8799 9000 9249 9469 9534 9649 9935 10141 10318 10439 10667 10748 10966 11050 11287 11508 11724 11859 11899 11935 12120 12349 12486 12701 12722 12792 12897 13166 13327 13449 13653 13715 13922 14139 14159 14179 14254 14284 14552

59 97
50 345 714 941 1194 1574 1871 1907 2071 2264 2582 2622 2907 3292 3627 3689 3990 4246 4408 4678 4933 5005 5145 5183 5264 5322 5627 5678 5907 6017 6095 6237 6274 6466 6848 7061 7295 7494 7801 7954 8279 8420 8733 8771 9119 9393 9561 9666 9712 9864 9953 10308 10508 10891 10951 11193 11553 11863 12208

40 43
146 204 344 372 427 508 534 644 804 936 990 1090 1171 1206 1285 1301 1416 1488 1581 1747 1791 1819 1966 2072 2133 2195 2232 2255 2301 2355 2398 2567 2699 2772 2909 2999 3077 3106 3158 3181

23 4
6 16 25 37 49 64 69 81 87 89 94 100 104 110 115 120 131 132 143 147 163 178 179

74 39
88 145 299 317 404 432 485 605 650 704 728 761 878 974 1069 1096 1197 1264 1368 1412 1526 1560 1696 1802 1816 1831 1949 2078 2137 2293 2423 2459 2509 2573 2601 2642 2705 2829 2838 2956 3109 3214 3321 3452 3539 3691 3736 3875 3917 3985 4109 4196 4265 4400 4423 4518 4667 4786 4833 4936 4982 5093 5102 5199 5239 5352 5504 5643 5784 5912 5921 6016 6152 6231

67 37
93 145 187 316 445 519 544 632 692 712 755 893 931 988 1130 1230 1287 1377 1439 1564 1703 1846 1994 2022 2083 2142 2203 2223 2292 2435 2540 2559 2655 2680 2793 2847 2954 2969 3054 3083 3229 3242 3258 3349 3447 3498 3610 3733 3828 3862 3985 4125 4262 4313 4335 4354 4424 4467 4608 4722 4856 4883 4999 5047 5194 5310 5420

23 50
132 172 275 350 365 441 461 514 563 747 816 958 1137 1174 1247 1296 1433 1510 1649 1811 1896 2020 2218

80 77
50 166 299 448 475 724 806 913 1043 1281 1504 1713 1940 2177 2222 2312 2434 2481 2751 2878 3123 3252 3528 3707 3984 4006 4102 4124 4298 4424 4510 4722 4872 4959 5172 5251 5396 5637 5662 5876 5944 6036 6057 6252 6324 6387 6598 6698 6743 6799 6939 7191 7447 7732 7881 8045 8278 8426 8579 8864 9141 9383 9601 9779 10002 10211 10447 10620 10656 10924 11226 11366 11387 11410 11555 11786 11841 12073 12263 12302

90 43
36 175 311 386 558 727 850 928 943 1097 1206 1283 1312 1409 1458 1471 1539 1597 1637 1694 1727 1891 1939 2080 2160 2176 2335 2394 2543 2594 2737 2752 2827 2842 3002 3090 3228 3315 3466 3636 3712 3820 3897 3916 4080 4161 4209 4312 4400 4520 4530 4690 4720 4795 4952 5023 5174 5313 5383 5533 5647 5736 5768 5855 5929 6025 6079 6162 6189 6307 6391 6562 6721 6876 6940 7015 7142 7293 7362 7531 7636 7802 7826 7990 8153 8245 8378 8508 8619 8786

81 43
68 177 331 399 442 589 722 747 860 890 1035 1075 1222 1257 1305 1381 1500 1651 1751 1797 1915 2044 2135 2197 2257 2402 2549 2562 2651 2663 2741 2864 2892 3041 3109 3217 3236 3358 3485 3635 3682 3774 3794 3854 3980 4034 4190 4296 4461 4497 4509 4585 4676 4742 4801 4967 5104 5228 5373 5493 5664 5819 5976 6023 6040 6169 6318 6423 6438 6567 6592 6746 6898 6983 7102 7215 7343 7373 7392 7509 7631

16 44
66 104 168 203 288 353 470 545 716 771 812 887 1063 1136 1312 1473

26 96
297 541 725 828 1110 1276 1504 1697 1967 1998 2360 2713 3028 3196 3311 3657 3693 4072 4221 4475 4626 4769 5017 5142 5464 5636

78 58
53 284 379 611 716 817 1009 1173 1245 1460 1667 1801 1916 1951 2057 2119 2341 2501 2548 2597 2754 2905 2989 3127 3320 3494 3711 3767 3859 3901 4033 4188 4211 4435 4580 4653 4859 5080 5097 5230 5332 5546 5590 5718 5748 5897 5916 5938 6074 6173 6292 6506 6606 6818 6841 7014 7225 7331 7562 7769 7810 7885 8074 8300 8492 8520 8738 8790 8889 8995 9208 9375 9442 9537 9684 9736 9895 9948

43 58
58 290 424 642 800 815 903 1092 1246 1283 1503 1713 1920 2117 2157 2330 2481 2629 2646 2799 2854 2961 3030 3125 3252 3337 3392 3430 3565 3766 3959 4003 4018 4164 4255 4301 4500 4516 4745 4887 4939 4954 4975

63 49
71 196 343 528 681 754 815 932 985 1162 1186 1336 1514 1693 1842 1922 1944 1975 2138 2234 2345 2513 2624 2788 2930 3099 3147 3245 3303 3496 3572 3653 3839 3858 3912 4089 4258 4279 4349 4536 4656 4701 4836 5026 5199 5343 5365 5490 5507 5591 5651 5755 5921 6017 6075 6168 6190 6251 6425 6440 6457 6557 6612

87 36
99 240 327 378 444 577 637 679 783 845 906 1035 1121 1214 1287 1424 1475 1551 1670 1722 1843 1907 1924 2063 2092 2168 2293 2429 2470 2602 2688 2794 2924 3007 3078 3101 3243 3287 3375 3435 3493 3571 3696 3817 3955 4093 4113 4212 4247 4314 4382 4489 4633 4776 4802 4907 4951 4996 5105 5219 5243 5255 5341 5374 5416 5436 5454 5540 5684 5790 5924 6030 6095 6106 6187 6281 6412 6439 6542 6615 6722 6839 6945 7061 7117 7248 7265

