3
79 61
86 289 390 583 782 903 991 1050 1281 1347 1562 1662 1898 1947 2090 2326 2415 2638 2706 2924 3083 3274 3360 3585 3747 3889 4093 4335 4408 4525 4740 4887 5065 5175 5211 5344 5373 5530 5571 5687 5726 5955 6146 6349 6366 6412 6476 6649 6724 6757 6906 7076 7214 7286 7470 7587 7712 7751 7883 8019 8123 8203 8379 8500 8632 8831 9043 9126 9303 9370 9438 9488 9705 9872 9887 9938 10000 10101 10140

38 46
137 207 388 500 589 621 640 668 731 820 945 1041 1054 1143 1203 1235 1385 1541 1615 1706 1873 1925 1969 2137 2292 2413 2544 2721 2785 2912 3021 3107 3211 3299 3440 3575 3626 3704

24 94
203 292 351 379 711 819 1179 1338 1487 1685 1912 2231 2586 2902 3198 3386 3557 3900 4012 4208 4254 4350 4643 4901

