24
18 65
171 334 513 578 766 847 1034 1095 1279 1519 1730 1868 1920 2052 2161 2371 2493 2577

45 4
8 14 15 22 29 35 43 53 69 76 78 82 89 103 119 130 142 157 166 171 185 193 198 202 214 223 232 244 250 257 270 272 288 303 309 324 335 350 363 372 373 382 388 390 404

4 36
50 123 190 199

33 17
68 130 157 179 187 201 260 303 344 362 369 422 477 540 585 609 666 687 709 768 791 798 805 812 828 871 887 902 958 1022 1057 1121 1141

27 21
43 73 121 192 201 211 238 289 358 389 468 512 593 618 631 656 676 756 809 816 879 963 1022 1099 1183 1197 1234

19 28
70 141 237 294 331 365 424 474 556 568 593 602 710 722 793 835 913 944 1016

7 54
93 128 153 361 399 471 631

20 20
52 120 157 200 235 312 366 381 415 488 539 558 569 604 623 637 705 729 804 836

68 55
173 278 461 480 533 679 711 725 817 943 976 1012 1086 1160 1227 1446 1619 1723 1880 2074 2160 2205 2419 2621 2689 2746 2869 3053 3124 3335 3361 3386 3531 3632 3851 4006 4178 4276 4417 4585 4804 4964 5058 5228 5242 5356 5516 5549 5572 5652 5665 5766 5900 6088 6134 6162 6183 6314 6464 6541 6582 6788 6975 6991 7119 7251 7291 7360

27 1
5 9 12 15 16 18 21 25 27 29 30 32 35 39 39 43 46 46 50 51 55 55 55 58 60 61 63

25 57
58 159 310 342 564 612 683 755 883 985 1169 1211 1338 1355 1417 1467 1498 1717 1758 1957 2139 2200 2229 2270 2308

27 41
150 236 258 306 450 591 663 800 940 1046 1120 1259 1301 1319 1483 1519 1675 1694 1732 1798 1814 1972 2030 2077 2109 2163 2264

63 63
148 289 472 568 788 971 1198 1401 1433 1629 1733 1778 1970 2206 2433 2452 2635 2831 2925 3054 3070 3137 3321 3559 3766 3816 4019 4209 4384 4420 4617 4711 4950 5173 5244 5293 5451 5570 5620 5789 5842 5878 6125 6216 6447 6576 6824 7063 7158 7241 7477 7723 7955 8005 8156 8315 8517 8620 8739 8946 9145 9384 9452

86 25
17 72 154 223 268 367 379 403 422 463 485 554 614 649 678 684 732 761 835 891 978 1013 1094 1128 1165 1176 1182 1281 1366 1415 1459 1472 1554 1623 1636 1658 1702 1797 1846 1909 1939 2018 2036 2109 2137 2200 2207 2240 2330 2383 2418 2458 2502 2586 2656 2743 2777 2875 2904 2938 2963 3006 3015 3077 3150 3231 3305 3364 3385 3483 3540 3580 3673 3769 3786 3844 3898 3954 4017 4040 4135 4180 4239 4302 4317 4369

40 98
47 322 522 622 825 1152 1420 1532 1584 1665 2039 2348 2378 2406 2681 2754 2804 2913 3235 3323 3420 3719 4010 4131 4182 4516 4826 5152 5259 5284 5578 5949 6084 6145 6170 6397 6654 6932 7097 7227

9 29
62 106 203 287 386 395 419 445 500

37 101
279 557 608 787 898 1218 1443 1612 1818 2084 2166 2462 2521 2760 3114 3287 3418 3516 3696 4025 4363 4455 4778 4857 4980 5251 5551 5635 5851 5972 6055 6448 6671 6859 7040 7221 7520

56 63
223 279 491 691 750 954 1091 1202 1387 1408 1457 1545 1683 1787 1938 2141 2334 2433 2507 2541 2778 2916 2968 2989 3067 3302 3412 3496 3570 3619 3861 4052 4296 4360 4560 4719 4945 5138 5183 5228 5419 5568 5654 5683 5820 5868 6052 6267 6323 6525 6641 6734 6885 6941 7090 7328

65 99
343 443 724 988 1363 1600 1780 1815 1937 2214 2530 2879 3082 3268 3520 3795 3873 4000 4055 4132 4162 4372 4728 4815 5083 5332 5638 5685 5734 6097 6260 6342 6707 6836 7066 7168 7250 7542 7659 8003 8180 8384 8425 8587 8708 9032 9200 9553 9937 10099 10262 10373 10409 10661 10985 11077 11167 11341 11518 11617 11936 12129 12301 12374 12476

77 46
180 341 368 462 598 727 879 908 999 1162 1212 1326 1508 1527 1587 1760 1929 2034 2126 2232 2382 2452 2627 2800 2980 3127 3222 3372 3453 3591 3643 3656 3801 3942 4010 4084 4227 4294 4340 4402 4444 4597 4728 4877 5026 5152 5323 5416 5460 5558 5727 5836 5988 6063 6157 6175 6329 6483 6618 6790 6857 7026 7145 7310 7417 7536 7574 7646 7765 7944 8058 8099 8251 8263 8411 8455 8485

1 46
101

69 89
146 313 520 548 904 1146 1289 1596 1634 1949 2093 2285 2353 2657 2702 2799 3019 3248 3385 3430 3648 3989 4166 4415 4694 5044 5236 5434 5483 5646 5873 5929 6208 6454 6639 6823 7047 7335 7628 7878 8097 8186 8284 8554 8770 8835 9186 9216 9284 9579 9689 9718 9863 9969 10208 10270 10528 10686 10984 11072 11400 11608 11646 11705 11810 12004 12030 12143 12357

98 62
158 317 531 708 853 909 987 1056 1097 1159 1348 1397 1449 1614 1663 1734 1836 1940 2126 2289 2436 2534 2597 2674 2720 2816 2964 3134 3303 3504 3575 3654 3826 3895 3979 4146 4223 4300 4484 4543 4586 4666 4703 4851 5081 5244 5296 5378 5419 5587 5633 5849 6052 6298 6466 6510 6664 6868 7007 7060 7180 7357 7388 7525 7767 7987 8116 8317 8376 8591 8620 8821 9068 9206 9302 9434 9546 9605 9729 9794 9989 10083 10311 10341 10358 10521 10579 10690 10763 10882 10960 11202 11271 11498 11516 11644 11851 11888

35 11
32 74 107 146 188 225 243 287 303 305 327 354 397 437 454 487 489 527 548 554 564 586 602 618 662 691 729 755 761 788 792 811 820 829 851

