5
7 11
10 19 56 71 93 109 140

86 7
17 24 31 40 51 74 82 92 106 115 140 151 177 200 227 235 254 265 271 295 314 316 341 359 379 381 392 417 436 464 480 499 508 527 547 549 568 574 576 581 583 598 601 622 626 653 654 659 670 693 702 706 732 760 774 788 801 806 819 826 830 840 855 870 871 872 896 909 936 952 966 974 979 1004 1016 1025 1035 1046 1066 1089 1095 1097 1104 1120 1123 1149

51 11
10 43 87 103 116 149 154 164 170 174 177 200 227 256 300 311 341 362 388 398 421 448 488 508 521 547 585 619 654 678 694 729 771 789 808 820 851 879 906 912 928 934 949 982 1020 1045 1052 1089 1097 1117 1122

62 23
39 88 111 129 169 229 296 324 376 412 421 481 494 553 589 602 629 640 730 810 890 978 1010 1019 1110 1128 1156 1206 1232 1285 1293 1326 1415 1491 1565 1639 1665 1721 1789 1841 1882 1937 2021 2093 2158 2169 2245 2299 2324 2368 2382 2439 2514 2525 2603 2673 2719 2767 2775 2808 2862 2881

67 8
5 19 36 42 44 63 66 96 128 154 173 199 226 241 245 274 283 306 312 328 349 369 371 378 399 413 417 442 469 488 502 512 528 556 564 580 584 600 616 646 658 683 705 726 739 761 776 804 829 860 871 876 897 900 907 937 966 992 1014 1025 1049 1073 1079 1083 1113 1140 1167

