23
80 72
208 496 570 608 774 799 1019 1059 1162 1441 1567 1827 2012 2273 2321 2563 2747 2953 3075 3145 3365 3605 3646 3928 4147 4414 4638 4846 5045 5216 5501 5647 5867 6125 6344 6481 6610 6709 6981 7008 7193 7446 7723 7764 7887 8093 8265 8471 8611 8754 8900 9010 9296 9429 9603 9668 9727 9949 9988 10095 10165 10404 10671 10886 11099 11262 11519 11761 11879 12068 12135 12264 12329 12377 12570 12853 13035 13074 13242 13265

4 83
47 240 460 773

89 43
132 206 254 379 508 638 715 826 867 1031 1157 1199 1285 1413 1440 1498 1520 1659 1808 1953 2046 2068 2234 2366 2378 2433 2516 2582 2605 2712 2766 2839 2932 3084 3219 3270 3292 3358 3495 3614 3684 3849 3922 3983 4057 4192 4256 4309 4402 4499 4533 4636 4723 4874 4953 5002 5061 5178 5252 5276 5353 5395 5501 5664 5684 5767 5785 5797 5864 5900 5933 6017 6042 6173 6196 6327 6470 6496 6557 6692 6763 6778 6874 7010 7093 7228 7310 7330 7498

3 88
232 363 580

85 6
4 21 42 57 78 80 90 109 122 136 153 165 171 189 198 199 204 206 222 227 240 242 261 263 268 292 305 307 321 330 341 345 360 381 401 413 414 424 428 450 464 485 494 499 501 513 536 560 578 602 620 641 652 664 673 688 711 726 729 731 742 763 772 773 783 792 796 812 814 815 829 836 838 862 879 889 897 900 902 921 926 941 953 976 989

97 55
176 323 521 740 932 1120 1300 1509 1689 1705 1794 1871 1935 2150 2184 2384 2588 2710 2881 2909 3105 3158 3279 3352 3470 3585 3752 3951 4150 4227 4374 4450 4523 4616 4785 4825 4916 5121 5169 5230 5326 5457 5641 5683 5856 5937 6093 6148 6349 6474 6662 6858 6904 6954 6973 7118 7217 7321 7515 7607 7624 7721 7794 7976 8005 8131 8261 8419 8588 8632 8820 9003 9219 9310 9444 9605 9620 9833 9894 9939 9978 10013 10057 10139 10249 10375 10545 10742 10761 10875 10974 11037 11052 11264 11459 11534 11550

45 27
20 100 156 263 296 387 413 429 525 629 672 702 731 766 858 868 969 1010 1086 1176 1189 1271 1318 1385 1442 1540 1592 1603 1710 1718 1789 1841 1889 1992 2006 2098 2185 2223 2316 2325 2354 2365 2373 2438 2510

28 54
143 179 376 523 569 714 926 1037 1113 1138 1173 1319 1440 1518 1674 1724 1761 1835 1918 1974 2045 2141 2217 2235 2431 2603 2810 2984

94 54
99 219 332 403 521 722 912 1112 1164 1231 1255 1466 1633 1680 1718 1835 1921 1939 2058 2164 2374 2429 2567 2679 2862 2929 3009 3038 3217 3390 3428 3614 3675 3820 3963 3977 4104 4300 4372 4435 4651 4688 4820 4916 4985 5037 5081 5129 5212 5338 5466 5615 5807 5916 6076 6149 6287 6488 6629 6819 6841 6922 6984 7138 7224 7346 7393 7485 7599 7706 7802 7817 7960 8046 8088 8244 8333 8537 8621 8721 8841 8899 8963 9146 9350 9564 9608 9771 9984 10137 10222 10432 10592 10750

38 88
261 339 660 961 1308 1636 1950 2007 2249 2464 2489 2626 2882 2928 3061 3386 3415 3544 3884 4077 4116 4433 4465 4814 5074 5298 5422 5683 5954 6139 6259 6302 6419 6636 6801 6884 7163 7203

82 67
26 178 417 557 671 775 878 1053 1236 1314 1486 1725 1829 1916 2036 2120 2137 2161 2337 2475 2670 2936 3150 3385 3614 3696 3788 3900 4086 4214 4386 4569 4624 4682 4842 4891 4966 5161 5324 5440 5583 5705 5822 6002 6131 6299 6395 6431 6478 6710 6799 7000 7092 7128 7256 7459 7626 7856 8072 8109 8243 8288 8435 8618 8768 8995 9203 9429 9474 9733 9990 10094 10303 10448 10551 10592 10771 10937 11006 11154 11254 11515

13 22
81 119 195 255 297 384 430 438 446 456 537 552 592

53 40
115 131 280 357 405 561 647 700 824 921 995 1069 1214 1284 1326 1449 1543 1567 1640 1792 1909 2052 2188 2314 2360 2459 2545 2611 2627 2709 2764 2808 2955 2999 3128 3271 3298 3343 3380 3400 3434 3473 3486 3515 3674 3730 3851 3925 4049 4076 4120 4188 4258

14 94
103 182 413 479 750 1013 1071 1313 1490 1803 2167 2429 2580 2953

69 65
257 298 364 446 653 725 916 1165 1256 1403 1497 1742 1818 1957 2206 2465 2594 2792 3007 3246 3382 3629 3866 4013 4066 4318 4392 4472 4675 4818 4999 5174 5385 5482 5721 5806 6010 6040 6079 6255 6461 6620 6825 6932 7063 7237 7300 7514 7629 7845 8033 8127 8213 8438 8624 8774 8814 8886 8912 9002 9188 9279 9499 9705 9852 10025 10266 10308 10474

84 8
22 33 60 87 117 148 151 158 165 195 224 238 241 251 256 281 310 330 345 364 388 411 441 454 470 497 504 510 523 535 558 582 597 604 613 637 640 651 676 683 694 709 713 728 733 746 761 784 816 842 848 857 878 889 917 943 953 973 978 988 1016 1043 1071 1073 1092 1118 1142 1152 1158 1165 1185 1187 1213 1240 1247 1277 1302 1305 1322 1346 1365 1390 1397 1428

70 73
103 304 478 734 897 1076 1330 1473 1739 1898 2010 2251 2314 2499 2702 2990 3122 3164 3411 3586 3873 4117 4194 4333 4620 4731 4786 4997 5043 5222 5335 5450 5587 5762 5800 5848 6051 6094 6209 6296 6477 6762 6830 7024 7245 7449 7562 7734 7975 8089 8378 8645 8921 8985 9273 9403 9670 9927 10152 10285 10556 10586 10779 11059 11201 11348 11589 11777 11985 12134

81 96
287 477 850 898 1242 1542 1730 1968 2225 2375 2469 2624 2748 3129 3491 3599 3687 3862 3928 3980 4199 4547 4736 4886 5185 5269 5436 5519 5885 6065 6258 6628 6711 6922 7291 7559 7840 7926 7956 8310 8431 8455 8633 8968 9006 9147 9489 9539 9670 10034 10142 10433 10526 10731 10959 11313 11528 11605 11827 12125 12247 12517 12550 12731 13007 13051 13344 13579 13670 13749 14128 14199 14291 14390 14525 14771 14822 15077 15224 15578 15820

87 33
58 170 202 313 444 481 490 573 671 794 841 940 972 1074 1186 1288 1385 1516 1642 1705 1752 1821 1910 1938 2064 2137 2236 2367 2394 2417 2435 2488 2563 2657 2698 2739 2762 2780 2849 2944 3062 3145 3237 3328 3456 3544 3563 3672 3709 3758 3813 3832 3933 4038 4114 4239 4291 4397 4506 4634 4722 4733 4796 4914 4976 5033 5164 5239 5349 5480 5540 5622 5722 5821 5902 5967 6056 6086 6132 6248 6285 6300 6378 6485 6575 6688 6801

21 29
96 110 139 184 265 274 320 344 430 517 605 702 736 851 941 1055 1063 1162 1201 1300 1327

80 20
57 93 171 209 257 298 338 384 398 468 475 485 556 573 601 616 687 749 765 784 809 830 853 871 913 935 966 979 1052 1057 1117 1155 1200 1234 1256 1332 1410 1462 1524 1569 1613 1620 1628 1668 1703 1734 1765 1810 1841 1895 1937 2002 2034 2057 2110 2124 2167 2196 2214 2220 2243 2267 2315 2335 2386 2439 2450 2455 2500 2574 2624 2645 2660 2717 2734 2797 2849 2899 2936 3002

38 63
121 159 231 286 519 662 760 958 1055 1125 1157 1355 1462 1707 1876 1932 2003 2038 2103 2127 2323 2412 2559 2784 2949 3016 3038 3215 3453 3470 3661 3870 3954 4173 4224 4452 4594 4745

25 42
151 237 400 535 640 787 822 974 1064 1126 1256 1290 1373 1523 1647 1721 1760 1782 1936 1987 2152 2178 2232 2375 2421

