43
65 60
227 286 497 566 801 983 1064 1245 1397 1536 1760 1910 2032 2263 2398 2575 2660 2778 3016 3229 3427 3451 3590 3659 3785 3831 3873 3903 4002 4237 4477 4678 4716 4733 4817 4833 5065 5144 5283 5500 5723 5942 6120 6224 6454 6615 6789 6914 6962 7086 7180 7232 7300 7398 7542 7648 7788 7979 8083 8239 8355 8501 8597 8641 8665

8 52
36 145 236 335 479 513 608 687

7 53
144 293 396 521 705 884 1010

43 22
33 73 137 153 212 242 265 276 335 377 446 494 552 623 668 681 695 719 779 838 845 914 987 1008 1057 1127 1167 1187 1210 1289 1298 1310 1331 1409 1457 1526 1606 1678 1707 1759 1774 1796 1854

20 3
5 16 27 30 34 41 53 56 58 65 73 85 85 89 93 105 115 119 120 124

92 38
54 95 133 236 282 354 477 535 670 815 925 1042 1181 1285 1303 1327 1406 1459 1473 1579 1637 1728 1804 1827 1919 2066 2208 2352 2386 2444 2470 2563 2593 2682 2816 2838 2957 2966 2997 3006 3156 3253 3395 3494 3532 3669 3742 3771 3887 3924 4035 4102 4160 4194 4208 4342 4403 4496 4637 4728 4838 4891 4934 5046 5120 5173 5286 5399 5551 5607 5666 5760 5852 5907 6038 6145 6192 6332 6399 6476 6620 6723 6785 6812 6827 6885 6964 7028 7110 7125 7269 7286

45 58
139 197 211 309 522 577 685 888 1115 1293 1387 1505 1629 1752 1918 1979 2148 2245 2456 2647 2714 2872 2899 3016 3110 3309 3467 3673 3852 4026 4200 4278 4376 4543 4748 4788 4955 4994 5184 5315 5390 5466 5558 5706 5730

68 56
135 346 478 607 814 1010 1166 1348 1409 1491 1627 1757 1928 2032 2096 2209 2229 2298 2389 2527 2619 2767 2837 2899 2925 3106 3275 3418 3462 3681 3761 3917 4072 4180 4349 4372 4572 4784 4883 5060 5086 5159 5252 5380 5505 5571 5608 5733 5927 6027 6218 6261 6331 6358 6573 6691 6829 7053 7073 7170 7205 7233 7418 7559 7671 7715 7730 7858

44 89
154 290 603 745 925 1253 1478 1737 1906 2111 2400 2624 2852 3200 3428 3544 3678 3745 3971 4326 4582 4664 4843 5105 5451 5511 5578 5733 5946 6120 6444 6705 6912 7090 7358 7681 7741 7967 8202 8331 8434 8503 8541 8600

72 24
92 179 251 287 355 366 451 491 521 534 553 629 702 722 756 852 866 951 1033 1060 1125 1219 1282 1361 1453 1542 1618 1654 1703 1780 1861 1904 1995 2025 2103 2134 2155 2237 2298 2385 2392 2428 2524 2535 2605 2675 2767 2839 2902 2946 2992 3047 3104 3184 3231 3292 3375 3393 3410 3488 3556 3610 3671 3693 3705 3711 3776 3806 3834 3916 3950 4044

33 3
11 14 14 19 29 33 36 37 49 56 56 60 71 82 90 92 95 104 106 112 115 123 123 130 135 142 151 155 156 160 160 164 172

68 35
29 135 227 282 373 432 546 645 778 792 877 974 1036 1150 1224 1351 1368 1464 1473 1605 1674 1788 1858 1982 2112 2128 2168 2237 2312 2405 2527 2640 2756 2869 2910 2931 3054 3177 3231 3272 3316 3341 3370 3468 3573 3689 3808 3875 3983 4056 4164 4212 4255 4325 4436 4512 4525 4601 4684 4780 4813 4858 4883 4894 4931 4983 5006 5143

28 24
41 129 199 217 269 325 380 422 493 545 626 706 782 861 929 959 1041 1098 1162 1234 1240 1314 1397 1468 1524 1545 1584 1661

37 40
11 37 128 223 281 394 431 573 684 759 813 920 1070 1145 1285 1377 1468 1610 1763 1822 1981 2050 2208 2360 2387 2491 2536 2593 2700 2790 2915 2965 3061 3111 3252 3300 3361

28 18
45 114 148 204 248 297 345 388 396 458 472 516 587 619 644 711 729 766 770 827 853 899 943 995 1031 1088 1156 1183

45 19
27 63 92 99 157 231 263 321 346 373 377 389 437 477 495 525 531 579 628 704 737 757 769 809 868 908 971 997 1006 1069 1130 1206 1249 1310 1327 1401 1461 1470 1515 1545 1559 1618 1654 1702 1722

55 51
82 99 268 448 584 740 863 1027 1145 1238 1305 1435 1495 1534 1653 1804 1983 2031 2059 2210 2290 2462 2518 2672 2697 2873 3039 3066 3139 3200 3351 3453 3575 3662 3686 3805 3857 3886 4068 4138 4173 4272 4450 4520 4635 4683 4815 4851 4977 5088 5267 5329 5406 5484 5680

44 14
5 16 71 99 112 120 130 174 195 205 243 267 308 348 392 443 468 484 515 544 593 634 690 694 718 753 769 775 799 802 852 889 907 944 991 1030 1038 1082 1104 1147 1166 1187 1225 1229

33 62
215 447 677 868 1067 1186 1373 1620 1782 1935 2132 2340 2458 2689 2780 2958 3140 3342 3405 3636 3836 4042 4129 4377 4625 4672 4850 4942 4999 5193 5386 5483 5635

101 83
159 482 611 813 956 1251 1356 1455 1516 1561 1699 2018 2044 2315 2369 2609 2777 2937 2970 3060 3153 3314 3520 3670 3985 4230 4261 4501 4755 5024 5130 5369 5659 5869 6108 6417 6744 6820 7116 7354 7473 7493 7598 7858 8053 8312 8429 8507 8637 8893 9014 9255 9525 9831 10083 10193 10521 10723 10773 10880 11143 11436 11542 11836 12097 12168 12240 12379 12459 12582 12854 13124 13370 13531 13692 13942 14046 14209 14403 14682 14969 15255 15554 15581 15770 16087 16260 16504 16531 16694 17000 17232 17366 17524 17554 17810 18009 18225 18348 18613 18800

16 25
97 155 167 242 338 347 407 430 468 525 601 635 724 784 876 939

70 31
100 136 160 214 282 404 434 493 527 559 627 694 801 891 958 985 1000 1084 1108 1189 1292 1361 1412 1435 1509 1530 1557 1611 1645 1732 1806 1892 1992 2076 2137 2188 2276 2301 2361 2463 2521 2596 2658 2681 2732 2783 2832 2861 2917 2935 3014 3081 3112 3122 3159 3215 3316 3359 3444 3487 3592 3649 3668 3703 3827 3851 3935 3942 3990 4040

65 39
71 130 165 197 293 303 331 392 424 494 532 607 651 720 771 914 1020 1173 1193 1315 1401 1437 1520 1562 1702 1740 1762 1812 1822 1847 1982 2077 2169 2281 2362 2468 2569 2640 2703 2736 2846 2966 3030 3114 3154 3255 3387 3430 3467 3585 3685 3736 3777 3792 3846 3995 4126 4211 4327 4394 4464 4575 4589 4666 4744

75 7
18 24 51 56 72 76 89 106 121 137 143 166 191 206 212 221 226 228 255 274 286 289 317 322 330 337 358 383 395 416 436 444 455 457 474 501 520 543 559 576 591 602 612 619 645 658 661 683 690 696 724 731 754 782 793 813 837 847 868 880 893 917 927 946 959 961 989 1007 1024 1029 1055 1080 1081 1099 1119

54 27
90 173 237 288 341 356 377 422 460 546 590 624 637 685 775 852 928 969 1046 1145 1215 1285 1386 1442 1493 1531 1564 1654 1737 1835 1880 1937 2003 2091 2114 2164 2175 2280 2379 2445 2543 2599 2641 2705 2783 2864 2893 2912 2944 2979 3035 3127 3138 3184

14 46
160 213 232 268 422 488 562 721 822 844 974 1087 1205 1266

57 9
18 25 42 60 71 82 102 105 116 150 153 166 185 188 191 225 246 267 287 289 296 313 335 354 359 391 405 440 453 477 501 513 526 557 586 589 591 627 650 670 705 712 734 747 776 803 838 843 858 862 877 913 918 923 954 960 963

14 42
98 166 258 364 467 548 684 705 842 915 981 1120 1240 1307

36 30
77 115 199 307 323 336 343 417 441 560 675 716 737 820 854 914 948 1050 1128 1182 1260 1376 1482 1517 1574 1665 1701 1776 1894 1910 1945 2000 2051 2152 2175 2275

29 49
161 322 341 527 568 629 662 681 846 979 1117 1182 1218 1261 1326 1517 1584 1623 1781 1883 2020 2053 2196 2261 2367 2491 2666 2853 3024

13 12
22 38 78 122 158 190 234 242 246 271 278 310 318

16 51
56 95 158 184 213 348 390 563 632 668 711 807 848 896 1002 1016

14 83
257 553 806 1130 1292 1446 1625 1647 1738 1990 2155 2479 2777 2974

25 18
62 76 133 151 176 240 292 346 405 412 442 449 454 465 491 496 538 576 639 692 754 804 809 861 907

22 16
50 66 92 100 148 159 207 211 229 286 310 369 382 415 458 484 494 523 569 584 634 680

86 20
28 102 127 152 207 281 321 389 435 479 530 591 630 686 699 758 776 813 873 880 908 916 976 1026 1043 1078 1090 1138 1146 1173 1178 1225 1230 1244 1303 1345 1403 1418 1456 1487 1515 1568 1644 1668 1681 1753 1816 1874 1935 1994 2011 2056 2122 2189 2231 2246 2257 2298 2308 2363 2406 2462 2499 2514 2543 2591 2657 2684 2726 2737 2801 2856 2910 2923 2953 3027 3064 3087 3162 3216 3279 3316 3381 3395 3421 3484

62 43
18 146 225 324 413 467 595 679 728 818 828 975 1068 1231 1314 1411 1433 1593 1765 1890 1987 2009 2043 2208 2317 2351 2453 2546 2645 2677 2848 2995 3039 3117 3134 3275 3360 3470 3590 3627 3643 3799 3963 4089 4222 4261 4356 4432 4521 4565 4690 4814 4887 5014 5088 5128 5251 5317 5407 5557 5725 5828

21 49
165 253 426 576 731 751 855 960 1011 1100 1223 1302 1438 1535 1575 1677 1814 1990 2177 2263 2442

24 41
92 127 195 226 350 361 447 595 658 803 865 919 994 1026 1042 1188 1224 1289 1342 1482 1496 1566 1604 1722

62 19
72 116 133 150 192 239 244 308 319 331 340 378 450 485 500 555 587 653 705 716 725 731 762 831 895 944 960 1016 1049 1069 1136 1191 1197 1246 1274 1312 1353 1362 1418 1430 1467 1508 1572 1629 1638 1679 1754 1822 1853 1915 1976 2046 2105 2159 2164 2179 2230 2258 2262 2273 2326 2363

92 10
30 69 88 101 116 149 186 212 234 241 270 302 315 325 336 362 379 396 399 431 468 496 517 521 529 552 588 591 598 616 626 657 682 689 715 728 754 767 779 807 813 815 837 873 880 909 939 969 999 1038 1046 1085 1089 1124 1158 1162 1192 1216 1249 1258 1295 1335 1351 1360 1384 1408 1444 1480 1506 1546 1557 1587 1592 1622 1661 1689 1711 1731 1750 1768 1802 1830 1856 1892 1908 1927 1944 1946 1974 1979 1988 2001

71 27
92 140 150 214 237 277 360 462 523 589 608 652 713 724 832 905 947 972 1033 1134 1217 1315 1375 1440 1493 1598 1604 1712 1791 1879 1923 1993 2101 2150 2168 2209 2305 2321 2345 2387 2495 2503 2609 2639 2648 2707 2802 2883 2903 2974 3063 3126 3151 3248 3316 3366 3419 3497 3561 3603 3675 3731 3788 3807 3838 3862 3888 3899 3909 3937 4041

94 73
281 363 534 562 675 777 967 1124 1369 1653 1772 1828 2060 2236 2460 2585 2864 3030 3122 3299 3394 3686 3790 3967 4184 4354 4393 4649 4830 5083 5307 5482 5644 5848 5999 6180 6212 6450 6484 6578 6813 7080 7299 7319 7561 7647 7939 8180 8265 8385 8649 8787 8901 9090 9210 9355 9410 9633 9654 9878 10147 10207 10449 10649 10693 10839 10917 10983 11233 11362 11591 11632 11912 12081 12346 12592 12864 12912 13065 13226 13339 13522 13579 13760 13997 14072 14136 14165 14431 14471 14634 14741 14764 14796

