33
24 50
21 129 290 458 613 786 881 902 943 974 1005 1083 1244 1406 1585 1641 1825 1910 2021 2191 2227 2311 2327 2466

44 44
100 188 272 299 459 587 707 724 879 950 989 1056 1106 1214 1228 1347 1452 1618 1629 1795 1823 1966 2108 2264 2317 2425 2470 2502 2619 2650 2738 2760 2852 2975 3122 3215 3313 3453 3564 3691 3750 3877 4026 4038

60 44
14 157 214 289 355 398 531 580 605 633 730 765 865 881 1002 1024 1151 1323 1447 1520 1628 1677 1689 1802 1963 2131 2181 2231 2345 2450 2505 2579 2643 2719 2880 2966 3129 3196 3336 3388 3478 3491 3504 3589 3634 3741 3848 3996 4114 4207 4232 4279 4296 4349 4385 4417 4528 4547 4579 4603

31 42
22 99 143 168 226 350 458 507 665 794 910 985 1065 1135 1171 1284 1441 1492 1549 1603 1711 1788 1874 1928 2057 2175 2185 2326 2440 2514 2555

26 50
144 251 309 454 638 658 739 838 895 1014 1190 1316 1409 1518 1552 1677 1758 1928 2020 2111 2221 2275 2444 2473 2562 2597

95 49
38 209 300 365 447 513 706 833 914 966 1064 1250 1263 1336 1382 1396 1537 1677 1693 1881 1951 2056 2198 2365 2461 2648 2711 2795 2958 3153 3342 3391 3567 3586 3769 3954 4137 4319 4344 4455 4649 4697 4820 4909 4922 4960 5002 5035 5093 5234 5274 5415 5543 5656 5786 5934 6045 6089 6124 6238 6353 6503 6581 6610 6739 6813 7004 7175 7199 7275 7396 7496 7673 7740 7758 7950 8034 8119 8291 8335 8393 8524 8691 8791 8882 8987 9107 9157 9343 9447 9590 9706 9812 9847 9933

60 37
96 239 319 338 444 560 586 610 743 820 913 977 1074 1163 1195 1265 1346 1470 1566 1633 1708 1775 1852 1914 2040 2140 2216 2325 2369 2410 2456 2600 2709 2803 2943 2952 3092 3104 3130 3244 3271 3296 3382 3411 3433 3493 3629 3744 3828 3880 3899 3919 4030 4095 4177 4207 4312 4385 4466 4568

25 31
98 220 337 346 372 451 568 688 787 880 961 985 1015 1109 1215 1265 1300 1381 1395 1405 1515 1579 1695 1721 1759

46 21
12 89 122 143 181 204 232 313 386 413 418 425 449 475 545 623 680 754 760 806 880 940 989 1052 1064 1115 1166 1242 1296 1329 1369 1376 1435 1501 1550 1585 1591 1601 1659 1712 1733 1746 1828 1890 1965 2019

62 94
202 241 436 604 952 1057 1270 1372 1479 1745 1916 1958 2026 2328 2409 2735 2858 3056 3126 3305 3362 3487 3696 4025 4112 4310 4499 4712 4755 5060 5121 5425 5734 5967 6021 6053 6306 6406 6438 6650 6982 7042 7134 7400 7602 7678 7915 8184 8417 8648 8908 9153 9354 9439 9768 9858 9887 10190 10391 10538 10669 10821

35 25
100 183 257 280 312 379 476 566 634 717 768 824 922 949 962 1054 1125 1194 1209 1240 1316 1349 1380 1394 1492 1563 1600 1617 1669 1769 1794 1854 1881 1944 1971

29 97
206 348 383 510 753 1057 1258 1345 1482 1796 2070 2423 2716 2818 2950 3230 3577 3687 4075 4256 4374 4501 4689 4931 5026 5154 5538 5692 5808

98 68
68 237 385 535 684 903 1047 1163 1189 1391 1635 1710 1869 2127 2362 2576 2743 2767 2802 3017 3075 3255 3305 3429 3533 3696 3919 3987 4253 4506 4734 4858 5066 5305 5364 5529 5566 5792 5903 6047 6130 6181 6400 6433 6689 6849 6981 7233 7280 7399 7668 7932 8195 8459 8608 8712 8837 9050 9178 9416 9650 9792 9895 10034 10117 10289 10326 10447 10699 10775 10994 11099 11142 11414 11665 11790 11874 12130 12190 12221 12447 12497 12527 12646 12867 13123 13250 13443 13506 13776 13985 14196 14297 14509 14708 14884 14933 15049

62 87
217 268 531 690 867 1019 1094 1167 1379 1459 1747 1778 2059 2220 2329 2390 2656 2979 3096 3343 3477 3724 3971 4055 4161 4392 4528 4698 4813 5150 5401 5487 5777 6001 6248 6359 6387 6709 6852 6989 7037 7300 7643 7821 8048 8250 8453 8486 8601 8836 9167 9330 9537 9690 9920 10217 10521 10652 10825 10852 11066 11343

53 69
253 284 335 504 698 725 946 1066 1256 1447 1471 1527 1578 1842 1957 2212 2257 2460 2488 2509 2676 2701 2820 2966 3203 3363 3435 3572 3748 3876 4122 4209 4260 4427 4524 4638 4897 5001 5101 5175 5359 5618 5735 5973 6216 6260 6307 6581 6630 6649 6848 6888 6966

30 26
22 80 172 206 265 343 443 547 603 655 754 810 827 919 966 1040 1054 1078 1168 1212 1222 1234 1330 1367 1441 1510 1545 1613 1685 1727

96 50
139 231 431 499 575 642 677 844 920 1119 1294 1387 1472 1556 1643 1761 1793 1805 1830 1856 1997 2163 2188 2217 2236 2367 2441 2550 2734 2833 2909 3053 3143 3208 3338 3476 3634 3695 3868 4018 4182 4379 4466 4594 4730 4753 4787 4949 4989 5072 5197 5349 5522 5636 5696 5843 5959 5992 6186 6275 6444 6485 6580 6675 6800 6847 6946 7102 7258 7348 7404 7588 7745 7762 7834 7942 8126 8153 8179 8255 8359 8533 8632 8670 8794 8924 9109 9163 9225 9345 9493 9510 9616 9751 9868 9975

31 59
142 239 272 361 555 773 962 1139 1190 1256 1315 1355 1590 1664 1872 2054 2146 2222 2400 2445 2510 2566 2757 2912 3119 3304 3427 3566 3692 3781 3885

27 2
4 8 9 12 12 16 18 19 24 30 37 42 42 47 51 54 55 56 59 63 65 67 68 73 79 83 83

68 14
41 48 103 133 145 182 213 220 276 316 351 394 400 450 456 490 534 570 626 663 707 711 742 764 819 844 848 898 911 914 926 939 961 998 1042 1093 1113 1155 1162 1175 1195 1242 1245 1273 1303 1336 1365 1372 1423 1434 1456 1474 1479 1487 1503 1529 1548 1587 1597 1640 1659 1701 1737 1740 1754 1795 1842 1898

43 61
174 209 429 554 618 700 918 1040 1216 1322 1348 1539 1645 1782 1979 2140 2246 2372 2431 2461 2585 2710 2874 2943 3084 3220 3266 3402 3614 3712 3934 4119 4346 4487 4621 4648 4727 4762 4968 5158 5229 5444 5647

64 69
212 369 408 655 676 808 969 1007 1145 1227 1384 1488 1545 1686 1884 2132 2357 2614 2775 2796 3062 3202 3403 3433 3495 3536 3730 3959 4198 4354 4472 4679 4838 5075 5147 5293 5312 5397 5560 5626 5873 6148 6364 6537 6734 6799 6942 7065 7314 7362 7393 7432 7576 7729 7848 7937 8026 8277 8477 8729 8936 8991 9212 9389

50 55
183 250 282 482 702 745 910 1072 1268 1406 1512 1666 1879 1958 1983 2156 2356 2430 2517 2705 2851 2955 3046 3221 3237 3308 3451 3525 3668 3793 3819 3936 3969 4125 4305 4514 4605 4789 4962 5001 5040 5162 5299 5455 5534 5633 5726 5833 5871 6066

50 18
21 56 119 181 248 316 340 345 394 431 490 519 556 595 604 615 686 720 738 782 801 818 883 905 932 990 1027 1080 1123 1146 1193 1199 1253 1291 1328 1369 1375 1392 1402 1464 1529 1585 1612 1678 1682 1749 1776 1825 1884 1922

49 26
8 15 69 156 224 319 336 416 517 557 650 708 751 827 891 977 1018 1072 1132 1159 1217 1260 1300 1358 1398 1452 1517 1595 1698 1785 1830 1836 1896 1905 1929 1938 1950 1969 2023 2089 2167 2251 2277 2293 2299 2336 2400 2501 2543

52 12
36 74 89 133 137 148 184 216 240 286 291 331 347 376 397 427 449 452 469 487 521 552 574 581 619 639 668 683 725 749 790 831 857 880 894 912 951 962 988 1018 1065 1106 1120 1133 1180 1205 1228 1232 1253 1277 1287 1295

10 14
20 43 93 146 152 164 210 221 269 302

55 80
115 151 391 494 591 859 959 1230 1258 1571 1700 1805 1875 2173 2392 2588 2671 2714 2970 3224 3422 3717 3982 4104 4363 4472 4652 4955 5008 5229 5277 5589 5835 6025 6321 6488 6734 6864 6910 7175 7336 7587 7875 7992 8248 8561 8741 8997 9171 9400 9689 9728 9788 10066 10178

21 88
64 378 674 955 1306 1539 1709 2031 2105 2167 2351 2695 2940 3146 3267 3426 3608 3705 3947 4106 4142

5 6
4 27 41 58 81

80 91
274 360 673 963 1139 1294 1446 1654 1815 1972 2124 2407 2501 2848 3048 3216 3538 3774 3808 3869 4098 4268 4520 4629 4969 5095 5160 5500 5538 5799 6127 6447 6609 6721 6867 7086 7251 7417 7530 7855 8029 8251 8371 8475 8693 8769 8843 8995 9092 9233 9523 9671 9829 10118 10379 10520 10577 10830 11129 11467 11790 11846 11986 12124 12415 12461 12506 12627 12812 12981 13264 13438 13636 13880 14099 14309 14390 14543 14780 14860

1 46
109

40 9
7 12 45 66 76 93 116 119 154 175 198 211 228 256 259 279 288 303 326 337 343 358 390 418 436 447 455 465 489 525 543 548 580 612 643 651 680 697 708 713

