30
101 19
56 71 90 102 111 152 158 176 220 282 357 376 442 451 475 496 570 635 675 690 756 804 875 880 933 953 974 1022 1080 1144 1176 1212 1237 1261 1265 1315 1328 1347 1367 1402 1432 1461 1527 1561 1607 1622 1677 1733 1748 1777 1847 1890 1951 2015 2028 2053 2070 2119 2131 2141 2199 2212 2282 2330 2367 2428 2488 2550 2616 2653 2675 2715 2732 2790 2801 2838 2884 2910 2928 2969 2999 3035 3048 3074 3112 3165 3172 3231 3241 3297 3319 3327 3344 3419 3435 3440 3472 3496 3533 3574 3650

59 93
60 247 487 574 655 996 1177 1246 1406 1499 1856 2199 2287 2482 2527 2761 2940 3078 3314 3597 3735 3838 3957 4319 4534 4592 4900 5090 5144 5257 5518 5584 5869 5999 6137 6281 6433 6558 6827 7103 7352 7597 7633 7750 7907 8152 8392 8560 8799 9090 9338 9397 9475 9645 9940 10040 10239 10288 10497

98 34
83 148 211 276 399 410 539 654 770 828 896 912 1017 1102 1124 1251 1299 1399 1492 1575 1625 1695 1803 1835 1907 1956 1981 2109 2197 2246 2273 2313 2420 2453 2480 2615 2729 2865 2937 3041 3169 3256 3333 3430 3505 3628 3667 3695 3741 3834 3896 3910 3992 4110 4226 4292 4384 4500 4588 4681 4722 4777 4850 4921 4950 4999 5007 5085 5121 5253 5330 5411 5444 5512 5595 5671 5805 5902 5921 6051 6090 6211 6311 6355 6471 6515 6576 6654 6790 6849 6893 7015 7089 7198 7250 7374 7455 7582

4 68
45 315 570 804

79 98
234 540 636 861 1124 1464 1760 2072 2451 2792 2843 3018 3339 3538 3618 3755 3863 3898 4038 4264 4645 4927 5151 5226 5260 5455 5689 5760 5891 5991 6281 6483 6621 6689 6945 7091 7392 7779 8060 8108 8311 8447 8489 8544 8650 8995 9287 9485 9691 9969 10054 10282 10508 10785 10834 11215 11414 11696 11780 12167 12273 12492 12784 13095 13377 13451 13746 13835 13955 14200 14270 14454 14658 14963 15301 15578 15965 16061 16410

88 75
74 336 367 613 861 1059 1089 1142 1213 1461 1591 1749 1846 2041 2190 2340 2380 2667 2790 2863 3000 3240 3304 3475 3757 3807 4105 4352 4537 4617 4667 4728 4876 5066 5134 5259 5333 5628 5860 5886 5969 5988 6249 6497 6552 6758 6871 7109 7130 7158 7381 7402 7608 7760 7847 8083 8194 8452 8646 8750 9047 9086 9174 9281 9306 9438 9644 9677 9707 9922 10177 10277 10296 10384 10476 10521 10713 10796 11071 11207 11392 11440 11731 11966 12057 12243 12542 12825

32 68
36 307 346 438 579 823 990 1241 1493 1697 1854 1945 2133 2331 2375 2478 2739 2921 2946 3071 3276 3401 3422 3621 3741 3769 3930 4008 4158 4291 4434 4634

101 15
42 56 59 70 92 148 158 169 210 225 285 337 369 378 434 460 482 527 563 594 627 658 703 726 769 775 834 877 885 905 931 953 1009 1013 1045 1086 1130 1189 1247 1269 1325 1351 1407 1418 1469 1486 1537 1559 1582 1605 1618 1628 1664 1673 1703 1725 1750 1765 1772 1814 1867 1919 1924 1948 1972 2001 2020 2055 2091 2098 2122 2175 2191 2232 2253 2279 2292 2347 2367 2427 2452 2482 2528 2574 2632 2649 2706 2740 2795 2853 2913 2928 2954 2967 2984 3037 3061 3068 3080 3131 3170

75 36
37 113 135 180 273 404 463 568 598 641 672 796 816 933 946 973 1036 1175 1192 1237 1331 1444 1553 1673 1713 1730 1765 1850 1977 2114 2242 2272 2312 2396 2420 2437 2490 2618 2729 2814 2937 2975 3079 3196 3223 3268 3310 3422 3459 3585 3646 3754 3893 3948 4069 4124 4221 4356 4454 4483 4564 4635 4724 4740 4799 4899 5008 5050 5087 5194 5227 5296 5373 5489 5600

30 20
12 29 93 128 184 222 232 309 347 354 391 458 518 575 651 721 755 774 787 810 878 897 940 984 1017 1045 1054 1087 1098 1163

37 21
14 22 50 105 150 203 233 252 282 294 361 416 430 477 486 562 567 638 714 776 809 842 862 898 929 1009 1056 1137 1173 1190 1269 1346 1378 1448 1505 1548 1568

35 38
149 277 288 391 469 564 574 639 748 884 950 1007 1044 1065 1215 1230 1287 1353 1475 1508 1631 1655 1667 1742 1776 1855 1978 2126 2274 2407 2530 2569 2625 2678 2822

46 32
30 108 173 193 317 379 449 471 487 601 614 655 708 734 814 850 938 954 1055 1089 1201 1229 1340 1413 1504 1580 1627 1713 1736 1788 1894 1971 2071 2147 2160 2208 2217 2243 2347 2454 2578 2647 2683 2732 2761 2889

80 78
115 320 395 504 708 928 1163 1465 1687 1938 2160 2290 2562 2758 2890 3002 3060 3211 3477 3660 3824 4121 4380 4663 4780 4929 5126 5196 5320 5532 5793 5845 6115 6225 6532 6595 6804 7027 7297 7355 7445 7661 7837 7924 8116 8384 8616 8874 8994 9124 9409 9562 9633 9903 9996 10089 10240 10490 10662 10794 10946 11008 11265 11339 11389 11477 11632 11832 11926 12031 12254 12460 12729 12875 13088 13288 13584 13867 13973 14155

84 58
69 158 384 554 712 890 995 1121 1139 1358 1417 1535 1549 1667 1769 1941 2171 2246 2326 2359 2385 2527 2700 2739 2892 3035 3190 3383 3413 3555 3763 3905 3938 4120 4334 4566 4629 4796 4880 5037 5251 5352 5544 5682 5889 6100 6328 6459 6548 6580 6747 6880 6944 7001 7029 7108 7172 7194 7229 7359 7466 7581 7701 7929 8008 8031 8083 8173 8363 8578 8624 8706 8721 8766 8904 9132 9198 9233 9384 9520 9690 9711 9848 9885

4 29
55 149 203 251

2 42
37 53

70 84
280 504 588 889 994 1262 1524 1704 1780 1817 1955 2154 2473 2585 2766 2998 3168 3213 3455 3597 3732 4016 4317 4567 4744 4958 5257 5515 5774 6020 6082 6388 6551 6852 6960 7163 7496 7793 7875 7911 7961 8096 8254 8552 8735 8873 9107 9351 9678 9718 10022 10188 10449 10649 10795 11101 11250 11284 11388 11641 11719 11805 12003 12311 12537 12663 12986 13113 13181 13510

97 2
9 14 21 22 28 35 37 42 42 42 46 49 52 52 60 61 67 71 74 81 86 86 88 88 92 92 92 97 103 110 110 111 111 114 116 123 124 128 128 130 135 138 144 152 153 156 162 163 168 173 180 182 183 183 184 188 188 188 188 188 193 195 201 209 209 215 222 227 230 238 239 241 248 248 248 255 263 268 271 273 275 280 285 292 300 306 308 311 318 320 326 329 329 330 334 339 341

55 61
148 175 354 458 568 746 983 1153 1392 1610 1725 1847 2079 2271 2465 2679 2715 2871 3073 3294 3368 3495 3580 3813 3905 4049 4116 4332 4569 4703 4933 5044 5122 5289 5382 5450 5542 5779 5858 5994 6188 6253 6459 6670 6777 6927 7114 7242 7389 7617 7817 8052 8236 8422 8612

69 94
283 409 547 728 1071 1133 1381 1506 1553 1820 1991 2334 2603 2852 3124 3221 3409 3605 3678 3840 4001 4274 4551 4577 4915 5016 5355 5387 5423 5704 5973 6343 6404 6540 6579 6689 6916 7226 7379 7568 7849 8163 8444 8812 8899 8935 9152 9369 9420 9534 9890 10061 10409 10593 10930 11262 11418 11664 11840 11904 12157 12293 12595 12904 12988 13247 13488 13538 13844

56 24
23 72 142 151 237 308 343 421 495 591 672 735 759 843 901 949 1006 1036 1049 1073 1139 1187 1273 1327 1340 1392 1466 1472 1535 1605 1629 1692 1722 1745 1831 1920 1952 1970 2049 2062 2091 2113 2124 2145 2237 2333 2341 2427 2505 2522 2554 2644 2661 2727 2767 2791

62 36
43 66 164 255 365 508 537 571 605 675 690 760 815 869 980 1095 1112 1173 1269 1285 1325 1408 1425 1483 1519 1663 1710 1812 1833 1919 2056 2109 2245 2322 2461 2601 2635 2773 2785 2863 2932 2988 3041 3103 3208 3276 3327 3420 3537 3666 3690 3742 3754 3826 3946 4028 4153 4288 4352 4387 4456 4590

41 87
64 203 423 445 725 782 986 1259 1283 1389 1597 1669 1936 2263 2384 2688 3027 3312 3410 3561 3636 3840 3876 4224 4339 4469 4786 5026 5268 5482 5653 5725 6040 6062 6169 6214 6543 6624 6696 6974 7057

86 39
116 207 223 333 428 455 565 679 788 901 927 1026 1060 1195 1283 1308 1447 1475 1540 1682 1691 1765 1824 1876 2011 2086 2235 2298 2406 2551 2604 2626 2689 2736 2839 2877 3023 3126 3227 3285 3312 3415 3445 3541 3556 3603 3705 3733 3881 4033 4151 4196 4266 4339 4490 4618 4687 4733 4813 4872 4918 5010 5129 5251 5323 5377 5442 5472 5528 5543 5699 5719 5798 5857 6011 6025 6066 6180 6279 6407 6434 6514 6620 6706 6857 6922

15 65
172 217 249 440 535 702 782 1007 1058 1312 1571 1811 1859 1918 2066

39 21
17 51 87 157 198 248 323 384 390 466 535 609 626 642 705 710 735 818 866 918 927 963 973 1033 1102 1175 1243 1261 1283 1358 1418 1462 1515 1535 1574 1622 1638 1695 1771

94 81
113 409 503 721 927 1206 1337 1614 1641 1932 2085 2291 2377 2480 2680 2872 3181 3473 3759 3996 4061 4277 4365 4675 4719 4986 5162 5293 5607 5705 6018 6275 6313 6428 6657 6849 7172 7384 7565 7707 7808 8074 8350 8491 8766 8864 8946 9045 9142 9439 9476 9641 9661 9750 9996 10152 10470 10785 10805 11077 11355 11537 11721 11799 12054 12169 12431 12617 12908 13094 13328 13414 13476 13657 13701 13955 14015 14062 14206 14362 14477 14784 15051 15330 15630 15931 16137 16372 16422 16682 16825 17052 17336 17429

5 78
40 284 389 686 877

94 43
37 200 336 352 387 445 529 646 808 882 934 1018 1176 1328 1414 1585 1686 1830 1843 1905 2069 2148 2285 2304 2427 2455 2560 2645 2700 2781 2791 2849 3012 3066 3151 3256 3328 3487 3623 3646 3788 3815 3899 3923 3944 3992 4110 4225 4292 4432 4476 4648 4793 4946 5100 5216 5282 5404 5467 5509 5668 5735 5868 5965 5987 6094 6205 6326 6373 6409 6425 6516 6541 6597 6669 6840 7001 7075 7130 7252 7326 7437 7590 7618 7735 7821 7926 8003 8137 8287 8316 8449 8598 8618

