5
29 81
288 497 604 788 877 906 1057 1172 1367 1520 1594 1694 1897 2173 2344 2393 2571 2656 2784 2900 2933 3087 3168 3192 3300 3337 3366 3428 3472

78 63
77 220 430 550 576 793 844 888 1066 1110 1334 1400 1452 1621 1650 1704 1743 1879 2037 2201 2390 2631 2829 2896 3019 3197 3345 3443 3494 3646 3777 3831 4066 4174 4299 4329 4426 4618 4821 5053 5138 5178 5320 5480 5707 5928 6053 6274 6440 6481 6639 6765 6931 7076 7112 7360 7393 7447 7689 7794 7943 8182 8392 8501 8629 8837 8906 8958 9003 9059 9175 9206 9232 9412 9530 9668 9807 9898

45 25
76 102 153 193 293 374 467 504 518 552 626 670 716 739 810 897 991 1053 1149 1245 1261 1300 1376 1415 1465 1542 1557 1632 1684 1761 1807 1876 1882 1950 2000 2086 2131 2168 2219 2286 2361 2411 2509 2592 2663

69 101
56 293 590 877 1221 1443 1798 1855 1978 2022 2059 2237 2370 2702 2850 2911 3181 3548 3695 3787 3951 4088 4169 4547 4778 4979 5164 5537 5764 5866 6003 6378 6723 6866 7134 7161 7449 7814 8114 8462 8809 8912 9064 9291 9603 9827 9937 10292 10449 10827 10893 11131 11503 11845 12110 12185 12240 12275 12566 12746 12844 13018 13311 13338 13546 13691 13866 14102 14260

80 89
245 296 610 655 828 1149 1351 1457 1602 1915 2254 2325 2528 2860 3207 3293 3396 3484 3603 3763 3794 3974 4222 4561 4829 5034 5064 5147 5339 5677 5981 6028 6301 6491 6826 6854 6941 7031 7183 7308 7492 7696 7799 7867 8014 8295 8619 8888 9161 9228 9425 9483 9515 9825 10168 10406 10689 10779 11129 11481 11734 12078 12236 12535 12651 12756 13053 13138 13219 13538 13698 13901 14162 14507 14759 14795 14887 15003 15027 15342

