34
56 10
15 25 58 63 79 93 125 151 176 184 205 244 258 289 314 338 369 393 427 454 474 501 508 524 526 539 548 555 580 596 606 609 643 658 675 697 703 737 745 761 801 821 851 863 878 896 902 914 927 960 974 1013 1044 1064 1073 1095

15 70
130 249 404 444 500 551 672 696 791 989 1124 1340 1432 1482 1506

78 89
80 115 207 517 672 942 1142 1290 1454 1476 1677 1760 1882 2097 2395 2450 2654 2823 2979 3079 3365 3590 3769 3908 4249 4581 4636 4981 5060 5414 5602 5804 6048 6278 6529 6707 6768 6836 7143 7228 7390 7720 7937 8058 8304 8525 8551 8868 9022 9370 9443 9468 9673 9906 10077 10333 10600 10640 10784 10830 11176 11527 11587 11662 11905 12242 12519 12731 12924 13040 13212 13552 13574 13869 14152 14417 14491 14712

74 6
14 28 39 63 72 89 106 113 121 134 137 152 175 179 198 208 224 233 243 247 269 292 302 313 324 343 352 354 377 396 398 399 407 412 420 434 446 461 465 481 499 511 528 547 558 561 572 576 580 602 617 636 640 642 654 670 675 697 718 735 736 742 748 752 761 767 788 799 802 808 828 846 869 892

33 14
42 60 74 99 136 171 188 232 286 330 373 394 435 476 484 535 542 593 607 612 628 633 669 697 719 767 784 827 847 885 918 947 998

100 75
200 346 606 637 747 1034 1098 1299 1326 1395 1682 1747 2037 2165 2216 2244 2499 2744 2871 2944 3096 3192 3376 3418 3460 3610 3680 3808 3878 3908 4176 4299 4363 4477 4549 4732 4958 5041 5228 5478 5757 6038 6112 6391 6538 6726 7013 7093 7290 7487 7748 7859 7917 8137 8212 8489 8622 8760 8841 8895 9147 9437 9460 9534 9779 9913 10073 10155 10199 10399 10654 10719 10898 11153 11194 11301 11329 11480 11701 11851 12108 12316 12337 12580 12720 12967 13050 13129 13204 13278 13542 13830 13869 13981 14250 14514 14774 15060 15185 15483

90 93
36 98 306 617 984 1026 1142 1504 1552 1840 1920 2204 2303 2515 2876 3158 3314 3515 3543 3782 3872 3902 3936 3965 4206 4414 4558 4647 4778 5035 5082 5181 5538 5902 6191 6389 6754 6844 7132 7284 7349 7620 7774 7955 8155 8236 8572 8738 9094 9449 9818 9947 10230 10602 10814 10976 11043 11179 11535 11586 11843 11945 12207 12546 12778 12843 12942 12991 13283 13420 13734 13765 14023 14172 14277 14514 14859 15121 15333 15374 15546 15790 15853 16212 16259 16502 16631 16945 17215 17549

20 13
11 32 61 72 80 103 131 145 197 216 263 299 315 346 362 391 411 462 482 532

26 78
128 314 558 860 1106 1268 1566 1856 1941 2250 2542 2756 2963 2984 3098 3155 3275 3525 3570 3713 3908 3999 4283 4486 4556 4787

73 80
99 283 369 619 791 869 979 1151 1361 1602 1850 2081 2225 2368 2615 2769 2824 2924 3229 3362 3446 3656 3756 3946 4222 4511 4542 4630 4938 5008 5312 5416 5540 5621 5928 6100 6316 6468 6752 6970 7119 7179 7411 7449 7489 7600 7686 7978 8164 8444 8694 8939 9234 9382 9418 9498 9779 9902 10136 10444 10661 10738 10917 11218 11527 11562 11790 11828 11863 11938 12075 12201 12224

28 65
110 158 290 490 676 745 985 1180 1422 1556 1598 1626 1736 1986 2124 2218 2409 2510 2755 2974 3115 3338 3576 3819 3939 4015 4274 4290

86 54
213 413 508 710 817 928 1065 1189 1221 1308 1337 1471 1652 1824 1916 2114 2249 2391 2475 2639 2749 2937 3013 3225 3415 3594 3636 3654 3768 3858 3924 4015 4035 4154 4277 4303 4476 4691 4816 4848 4877 4942 5078 5118 5217 5260 5470 5559 5654 5677 5753 5782 5927 6071 6135 6231 6337 6549 6636 6655 6727 6847 6970 7097 7116 7283 7463 7671 7851 7898 7963 8049 8137 8208 8382 8456 8573 8667 8729 8925 8971 9018 9093 9271 9364 9524

51 77
109 319 416 652 887 1159 1346 1438 1514 1570 1676 1889 2110 2178 2353 2532 2606 2853 3019 3090 3189 3319 3572 3642 3949 4188 4402 4615 4841 5054 5349 5472 5496 5521 5782 5990 6046 6077 6171 6289 6427 6486 6792 6980 7254 7363 7592 7694 7995 8263 8510

24 65
104 171 388 470 568 710 762 805 935 993 1054 1218 1458 1524 1734 1778 1940 2024 2082 2224 2300 2387 2632 2721

18 43
27 140 289 445 545 649 702 838 948 1041 1206 1342 1408 1488 1555 1566 1658 1751

23 10
19 48 59 65 101 138 159 196 206 208 217 253 267 273 282 305 329 332 338 356 384 411 414

87 9
16 41 43 71 74 81 91 105 112 121 123 146 177 179 214 239 265 271 277 282 308 335 358 366 396 403 406 441 450 460 486 495 518 540 562 585 620 645 654 672 692 726 741 773 794 818 843 858 864 883 901 908 918 936 961 970 1000 1006 1037 1052 1055 1084 1105 1109 1137 1157 1188 1205 1223 1245 1274 1310 1318 1326 1331 1360 1374 1389 1403 1437 1463 1481 1495 1522 1549 1568 1603

40 23
64 131 212 257 343 372 462 542 560 635 663 708 782 811 853 877 940 998 1076 1159 1214 1224 1280 1349 1361 1402 1414 1456 1486 1577 1591 1610 1691 1759 1815 1896 1946 2038 2126 2204

33 87
266 480 771 823 1128 1181 1211 1293 1359 1415 1507 1846 2115 2168 2477 2569 2768 2985 3280 3491 3705 4006 4317 4409 4642 4749 4782 5081 5179 5495 5738 5894 6153

80 100
141 180 438 698 751 852 940 1280 1403 1526 1911 2161 2477 2772 2828 2951 3296 3359 3510 3703 3839 3893 3968 4185 4377 4512 4656 4749 4963 5149 5390 5777 5860 6038 6226 6404 6495 6865 7147 7215 7505 7831 8091 8332 8388 8774 8939 9325 9649 9978 10344 10377 10666 11044 11162 11310 11662 12049 12200 12484 12628 12798 13125 13150 13370 13548 13845 14223 14572 14790 15054 15372 15576 15740 15950 16285 16633 17029 17108 17167

90 83
34 67 146 457 558 709 731 786 861 1082 1199 1399 1622 1779 2082 2410 2670 2843 3099 3322 3365 3411 3681 3726 3748 3969 4250 4482 4694 5017 5178 5455 5594 5764 5809 5960 6280 6387 6677 6897 6970 7245 7437 7709 7949 8199 8326 8430 8505 8688 8953 9118 9363 9645 9763 10001 10175 10473 10566 10882 10913 11087 11269 11429 11692 11869 12140 12217 12442 12497 12711 13029 13207 13477 13654 13796 14100 14360 14447 14613 14634 14704 14954 15079 15155 15471 15680 15923 16179 16309

17 34
46 109 176 290 367 481 499 571 642 775 847 929 1049 1100 1164 1196 1278

60 7
10 24 50 60 87 96 121 135 162 174 199 201 202 206 230 234 253 254 257 280 304 324 337 365 368 396 401 407 421 434 443 454 460 487 508 516 541 549 577 603 605 611 618 627 636 659 672 679 691 714 735 751 764 768 782 792 804 824 839 845

47 100
153 368 468 739 906 1100 1341 1406 1645 1784 2097 2199 2439 2669 2857 3227 3542 3776 4145 4199 4341 4710 4837 4954 5232 5472 5803 6156 6378 6550 6665 6925 7033 7144 7460 7539 7834 7873 8118 8326 8479 8694 8811 9096 9235 9504 9901

66 55
130 172 276 456 510 585 634 847 984 1076 1277 1408 1474 1656 1696 1843 1965 2130 2267 2343 2396 2461 2542 2582 2618 2697 2784 2935 3105 3272 3375 3467 3661 3681 3708 3848 3871 4040 4217 4424 4639 4657 4752 4771 4917 5134 5300 5392 5562 5595 5750 5875 5965 6169 6345 6389 6464 6561 6635 6847 7055 7247 7442 7584 7802 7863

57 18
47 95 167 194 228 261 290 301 361 370 432 458 468 511 570 631 660 682 749 762 780 842 848 872 944 969 1029 1092 1154 1170 1191 1237 1261 1276 1338 1398 1415 1423 1495 1532 1591 1628 1635 1642 1691 1711 1751 1776 1847 1881 1911 1951 1978 2049 2115 2141 2180

50 93
184 420 722 989 1194 1533 1796 1833 2174 2466 2818 3169 3420 3498 3846 3938 4043 4364 4641 4673 4872 5139 5173 5293 5347 5582 5809 5861 6117 6457 6810 7140 7431 7657 7927 7974 8205 8272 8446 8491 8791 8898 8992 9343 9601 9869 10164 10221 10562 10624

86 72
171 228 496 563 835 1015 1198 1350 1572 1719 1849 2071 2351 2435 2560 2675 2875 2986 3203 3423 3563 3686 3943 4012 4155 4409 4599 4806 4839 4951 4990 5130 5279 5504 5666 5843 5886 6071 6224 6388 6609 6652 6812 7008 7115 7255 7397 7560 7667 7933 8123 8175 8255 8337 8403 8551 8628 8722 8779 8797 8920 8985 9239 9417 9645 9775 9941 10033 10073 10179 10219 10344 10608 10867 10907 11106 11183 11217 11288 11519 11553 11762 12015 12258 12439 12561

30 77
147 234 304 481 676 736 904 1103 1215 1289 1497 1540 1701 1906 2021 2156 2213 2353 2427 2698 2830 2944 2964 3186 3448 3626 3700 3729 3957 4101

49 71
143 164 206 369 471 747 813 863 1108 1129 1253 1525 1695 1979 2163 2355 2449 2617 2660 2862 3000 3182 3463 3618 3706 3812 3885 4041 4139 4213 4440 4602 4740 4789 4852 5042 5163 5328 5383 5665 5726 5971 6246 6457 6640 6812 7024 7117 7154

79 42
154 216 331 360 486 513 531 633 781 941 1088 1227 1323 1359 1406 1468 1563 1690 1826 1846 1975 2039 2055 2222 2365 2443 2504 2559 2591 2671 2702 2745 2807 2838 2907 3063 3174 3189 3314 3361 3435 3556 3659 3701 3814 3859 4014 4058 4205 4238 4405 4452 4586 4634 4680 4821 4916 5034 5155 5231 5375 5450 5567 5727 5843 5874 5897 5973 6017 6083 6157 6288 6349 6373 6453 6582 6633 6776 6883

85 76
170 332 560 782 833 1131 1269 1410 1615 1748 2028 2191 2272 2357 2637 2821 2967 3146 3327 3528 3668 3825 3844 3985 4284 4504 4639 4939 5021 5174 5290 5531 5760 5877 6143 6290 6463 6573 6851 7044 7320 7392 7412 7495 7565 7626 7903 7950 8095 8256 8515 8702 8978 9181 9364 9581 9871 10145 10194 10451 10717 10950 11140 11285 11390 11479 11516 11687 11845 11996 12290 12524 12560 12603 12646 12872 12983 13087 13227 13262 13480 13551 13651 13866 14085

71 46
43 204 253 409 468 621 691 706 876 917 981 1034 1163 1179 1267 1402 1450 1540 1630 1648 1691 1702 1857 2004 2115 2182 2299 2428 2481 2549 2629 2805 2934 3090 3115 3296 3389 3452 3551 3577 3625 3728 3851 4021 4149 4177 4226 4263 4274 4454 4513 4585 4756 4933 5039 5089 5144 5194 5263 5323 5483 5561 5577 5747 5859 5906 6030 6075 6203 6304 6444

94 17
62 71 90 115 170 219 226 258 296 303 325 359 410 447 511 517 525 570 576 604 659 725 782 791 853 914 934 948 1003 1049 1053 1087 1150 1187 1226 1283 1346 1351 1392 1402 1441 1446 1470 1510 1549 1597 1603 1616 1664 1685 1741 1760 1823 1866 1907 1940 1968 1972 1980 2048 2103 2133 2159 2224 2264 2294 2354 2362 2380 2391 2426 2468 2495 2540 2567 2587 2650 2710 2726 2737 2779 2843 2887 2906 2921 2972 2976 3002 3065 3074 3106 3143 3196 3236

