37
60 45
18 75 223 294 444 483 570 659 787 926 1039 1153 1257 1370 1528 1617 1731 1782 1923 2067 2080 2211 2361 2498 2522 2587 2765 2779 2820 2972 3108 3215 3359 3505 3604 3694 3847 4009 4130 4246 4260 4287 4315 4386 4456 4592 4736 4886 4967 5029 5196 5216 5310 5415 5513 5565 5712 5866 6032 6078

25 21
54 100 142 183 197 241 288 307 365 370 406 466 528 555 569 609 629 678 695 767 782 840 852 918 938

33 94
29 265 641 960 1036 1310 1344 1657 1790 2161 2189 2459 2604 2808 3092 3173 3412 3676 3963 4250 4288 4588 4815 4843 5033 5259 5453 5796 5938 6006 6235 6372 6402

74 44
100 162 235 342 366 454 505 529 672 686 719 857 931 953 1042 1196 1331 1370 1401 1421 1473 1597 1772 1922 1971 2107 2242 2412 2489 2511 2633 2677 2713 2756 2851 2950 3071 3217 3239 3321 3427 3466 3553 3711 3798 3825 3868 3965 4095 4199 4297 4346 4473 4559 4647 4699 4787 4819 4868 5019 5141 5152 5172 5283 5450 5515 5567 5743 5788 5807 5859 5951 6030 6199

12 5
2 10 18 23 28 43 55 58 61 63 72 73

45 81
265 564 853 1102 1125 1274 1315 1337 1524 1847 1993 2128 2407 2700 2846 2875 2945 3069 3321 3595 3642 3812 3937 4007 4228 4395 4680 4942 5024 5138 5242 5365 5501 5703 5811 5963 6006 6265 6483 6679 6902 7048 7254 7334 7518

91 4
16 28 44 55 64 67 76 78 90 99 107 112 124 137 149 161 162 178 190 203 213 217 231 241 254 256 269 280 288 300 307 316 332 344 345 353 363 375 382 394 406 412 413 421 424 433 449 464 478 488 496 509 513 525 534 549 560 571 585 589 596 602 610 615 627 634 646 651 654 656 662 673 683 693 709 713 721 723 730 734 743 747 751 757 765 770 778 779 783 785 795

27 3
3 11 16 26 28 30 35 41 41 43 53 60 66 76 85 97 104 111 117 125 137 142 152 152 162 173 175

74 23
54 75 89 98 141 179 271 349 376 383 465 508 547 627 659 668 750 806 834 839 891 927 1010 1058 1104 1115 1122 1166 1232 1238 1318 1326 1366 1416 1487 1532 1558 1615 1704 1755 1843 1866 1933 1981 1993 2005 2069 2157 2171 2206 2218 2293 2358 2450 2527 2611 2644 2718 2810 2852 2915 2934 2955 3040 3050 3098 3143 3193 3223 3296 3384 3407 3462 3498

16 11
23 33 55 97 107 142 186 193 226 254 296 322 325 342 366 384

82 62
86 157 393 464 486 712 771 937 1139 1254 1323 1488 1555 1711 1809 2008 2096 2327 2481 2688 2825 2918 3027 3117 3230 3309 3472 3561 3682 3759 3995 4192 4346 4419 4657 4843 4976 5201 5413 5633 5734 5802 6025 6132 6159 6214 6275 6498 6699 6913 7016 7208 7427 7509 7734 7808 7948 7981 8113 8357 8557 8637 8826 9069 9204 9400 9536 9741 9764 9960 10200 10405 10647 10772 10965 11069 11295 11394 11536 11589 11692 11780

47 97
311 635 1005 1119 1379 1709 2067 2206 2580 2951 3251 3572 3785 3881 4030 4159 4493 4580 4816 5104 5146 5225 5574 5670 5936 6277 6638 6931 7049 7347 7431 7645 7951 8334 8402 8684 8941 9156 9245 9394 9726 10013 10145 10324 10641 10863 10943

58 78
105 231 436 554 668 716 839 1047 1128 1365 1652 1805 2048 2102 2199 2411 2578 2668 2917 3040 3120 3206 3465 3638 3879 4102 4360 4588 4816 5002 5056 5231 5475 5578 5658 5806 5855 6102 6315 6392 6702 6883 6991 7078 7270 7420 7586 7825 7893 8041 8242 8456 8691 8860 9061 9300 9339 9417

71 37
17 52 178 310 379 525 665 725 848 950 995 1121 1159 1252 1316 1412 1506 1585 1673 1743 1879 1970 2117 2140 2196 2319 2410 2516 2535 2558 2684 2780 2794 2835 2907 2967 3098 3212 3232 3280 3393 3454 3573 3668 3690 3809 3846 3892 4037 4115 4211 4289 4428 4559 4607 4723 4845 4902 4940 5045 5144 5275 5417 5453 5471 5543 5591 5603 5618 5695 5782

44 91
110 309 565 783 1095 1335 1620 1825 2045 2236 2418 2451 2723 2949 3288 3398 3466 3659 3857 3954 3993 4106 4300 4385 4645 4807 5067 5402 5587 5655 5953 6196 6311 6378 6451 6507 6822 6903 7036 7366 7536 7851 8185 8314

18 30
8 117 142 188 251 297 344 457 544 579 673 718 775 809 905 912 1008 1095

41 74
20 154 310 518 619 779 1070 1152 1445 1543 1780 1905 2014 2071 2096 2309 2348 2509 2680 2903 3033 3237 3379 3484 3742 3855 4018 4290 4393 4429 4586 4744 4872 4950 5226 5300 5513 5694 5793 5950 6064

60 42
124 174 212 376 434 489 654 726 828 856 990 1052 1185 1255 1358 1524 1643 1722 1873 1935 2041 2121 2229 2292 2374 2520 2567 2627 2726 2763 2777 2881 2960 3093 3258 3345 3402 3515 3618 3785 3833 3925 4057 4205 4338 4429 4511 4646 4721 4751 4761 4834 4947 4990 5057 5187 5239 5285 5339 5445

79 37
114 161 280 321 431 467 519 538 638 734 854 885 894 973 1001 1119 1205 1322 1381 1465 1511 1529 1632 1688 1713 1755 1878 2023 2051 2113 2241 2303 2396 2416 2500 2562 2642 2783 2903 3046 3072 3103 3241 3286 3373 3521 3539 3588 3720 3821 3833 3865 3975 3997 4073 4082 4225 4340 4368 4455 4473 4547 4642 4721 4849 4920 4994 5137 5241 5259 5305 5404 5477 5505 5592 5643 5720 5773 5880

84 28
100 142 161 182 265 276 385 419 528 578 654 669 742 852 931 986 1012 1054 1107 1210 1286 1377 1486 1578 1616 1705 1775 1862 1962 1974 2069 2101 2135 2202 2212 2320 2385 2417 2506 2618 2682 2775 2812 2865 2974 3080 3139 3209 3257 3368 3388 3396 3460 3533 3640 3679 3746 3847 3938 4014 4122 4135 4166 4185 4293 4314 4342 4373 4399 4429 4512 4533 4581 4636 4708 4763 4835 4882 4970 5060 5167 5210 5320 5389

5 100
344 694 902 1056 1151

65 39
91 217 278 323 377 417 470 511 603 724 809 907 991 1091 1120 1225 1255 1338 1472 1524 1613 1654 1740 1776 1826 1888 2002 2057 2133 2286 2352 2379 2388 2511 2579 2638 2783 2883 2996 3064 3097 3140 3256 3294 3445 3508 3563 3703 3717 3861 3962 4024 4080 4160 4304 4406 4551 4576 4715 4796 4875 4993 5138 5282 5396

36 40
95 178 282 364 419 551 704 716 764 872 1003 1031 1119 1160 1194 1330 1418 1476 1497 1558 1624 1703 1726 1763 1804 1905 1955 2093 2176 2203 2242 2351 2445 2466 2529 2563

44 68
59 201 296 402 652 923 1131 1223 1363 1524 1638 1753 2011 2252 2379 2579 2751 2884 3015 3284 3448 3709 3818 3904 4126 4238 4329 4557 4758 4952 5139 5205 5316 5542 5604 5802 6057 6162 6189 6295 6425 6589 6676 6778

79 70
196 283 388 430 590 650 849 1008 1087 1142 1346 1479 1664 1857 1941 2169 2262 2347 2376 2573 2641 2715 2784 2996 3103 3284 3319 3549 3700 3743 3910 4117 4309 4391 4441 4563 4698 4898 4919 5039 5076 5141 5404 5640 5766 5994 6229 6263 6383 6544 6654 6767 6968 7146 7304 7515 7572 7765 7956 8166 8223 8272 8340 8595 8651 8784 8817 8993 9197 9465 9596 9853 9896 10145 10409 10667 10807 10915 10951

86 22
20 80 87 99 152 222 261 281 287 340 396 437 502 563 648 653 702 729 787 835 915 936 1023 1039 1045 1120 1131 1202 1260 1326 1376 1426 1497 1544 1619 1702 1781 1863 1940 2018 2029 2072 2153 2214 2240 2267 2288 2296 2372 2417 2425 2486 2550 2558 2635 2700 2770 2844 2870 2958 3036 3091 3126 3200 3250 3266 3342 3386 3432 3466 3531 3608 3690 3750 3761 3832 3902 3984 4039 4110 4156 4195 4282 4288 4356 4443

3 83
118 227 479

37 90
300 657 789 1141 1454 1777 2003 2349 2695 2807 3063 3218 3288 3569 3649 3946 3977 4101 4217 4523 4839 5039 5377 5471 5689 5854 6048 6198 6540 6578 6604 6853 7107 7257 7598 7762 7907

27 26
73 165 245 332 427 446 483 564 612 691 771 871 896 932 1025 1045 1124 1167 1178 1234 1317 1346 1418 1449 1507 1520 1529

34 5
2 20 27 33 51 65 74 82 102 114 127 136 140 152 169 178 186 188 204 213 222 231 251 271 275 285 301 311 319 329 334 337 354 366

49 26
9 93 134 190 275 335 353 396 494 506 540 620 680 759 807 852 894 978 1072 1137 1165 1263 1328 1411 1442 1495 1590 1599 1681 1717 1768 1783 1849 1887 1947 2010 2050 2075 2093 2128 2219 2322 2368 2462 2555 2590 2627 2639 2728

76 52
117 151 263 347 478 514 528 544 697 831 962 1150 1229 1422 1442 1612 1731 1871 1926 2106 2232 2290 2336 2493 2529 2595 2629 2811 2980 3076 3145 3160 3237 3283 3470 3587 3632 3731 3751 3776 3821 3966 4021 4223 4420 4443 4529 4701 4743 4838 5025 5113 5163 5262 5342 5527 5637 5780 5912 5996 6131 6312 6353 6393 6543 6725 6814 6901 6981 7056 7209 7387 7559 7689 7833 7929

16 16
65 97 102 126 164 191 215 228 289 319 371 435 481 508 522 577

69 75
255 317 469 648 818 1010 1055 1295 1438 1537 1829 1851 1991 2272 2291 2317 2593 2827 3000 3121 3341 3540 3739 3770 3814 3971 4092 4123 4257 4507 4680 4814 4899 5150 5436 5584 5614 5882 6167 6289 6585 6705 6839 6896 7128 7157 7191 7472 7741 7850 8127 8311 8559 8791 8840 9085 9147 9176 9366 9429 9646 9901 9926 9955 10188 10283 10502 10634 10836

35 58
62 181 206 364 381 475 628 652 770 920 1046 1146 1325 1437 1500 1590 1690 1796 1811 1896 1916 2100 2290 2309 2488 2657 2748 2833 3025 3080 3237 3467 3667 3726 3812

99 76
34 337 381 508 538 751 821 883 956 1255 1424 1602 1797 1835 2050 2249 2279 2325 2407 2492 2733 2794 2893 2959 3198 3497 3613 3680 3718 3819 4119 4256 4513 4711 4753 4949 5060 5130 5187 5425 5454 5631 5707 5762 5846 6087 6170 6355 6469 6540 6587 6617 6699 6773 6834 7048 7346 7411 7431 7724 7770 7808 7872 8158 8461 8599 8856 9158 9414 9651 9680 9916 10101 10207 10384 10560 10860 11138 11175 11364 11561 11741 11784 11908 12119 12236 12540 12707 12942 13104 13191 13289 13372 13436 13568 13820 13842 13950 14196

100 62
94 147 236 354 410 582 760 993 1059 1262 1343 1585 1685 1849 1904 2039 2075 2258 2442 2620 2712 2859 3037 3189 3341 3530 3744 3971 4188 4217 4401 4503 4685 4889 4914 5100 5334 5437 5640 5843 5969 6111 6276 6516 6716 6801 6999 7205 7437 7459 7693 7895 8066 8221 8299 8332 8563 8669 8785 8917 9085 9125 9296 9418 9610 9681 9873 9966 10193 10337 10363 10514 10704 10831 10911 10963 11055 11287 11317 11361 11532 11587 11719 11917 11990 12168 12410 12428 12505 12589 12750 12815 12999 13054 13174 13290 13425 13610 13673 13738

