43
34 88
35 138 178 382 460 502 797 1088 1437 1739 1826 2002 2315 2620 2742 3035 3359 3699 4042 4094 4220 4514 4651 4800 5014 5301 5637 5879 6056 6298 6388 6448 6679 7025

62 76
110 355 455 548 741 985 1261 1305 1330 1496 1711 1794 1849 2066 2277 2474 2617 2717 2943 3020 3139 3273 3573 3690 3826 4063 4182 4389 4604 4899 5135 5222 5521 5586 5885 6159 6386 6432 6664 6900 6954 7056 7218 7370 7641 7820 8112 8355 8555 8629 8728 8903 9189 9478 9750 9784 9982 10110 10386 10571 10866 10975

34 73
231 502 791 1026 1143 1424 1474 1605 1730 2007 2066 2196 2245 2298 2526 2566 2823 2994 3278 3354 3419 3529 3596 3707 3932 4217 4342 4416 4616 4678 4761 4785 4989 5149

15 98
351 689 928 1160 1226 1374 1642 1800 1904 2041 2412 2451 2598 2624 2653

78 28
45 59 81 153 227 334 376 401 488 550 582 647 664 717 828 861 922 988 1059 1115 1158 1231 1320 1402 1462 1477 1512 1528 1541 1590 1658 1723 1818 1921 1990 2009 2025 2108 2204 2290 2374 2454 2484 2501 2605 2641 2708 2793 2827 2902 3013 3117 3152 3172 3209 3298 3323 3337 3358 3430 3515 3626 3731 3837 3898 3988 4021 4052 4074 4091 4113 4218 4328 4411 4486 4550 4582 4622

60 93
284 400 478 502 720 1034 1221 1303 1445 1592 1644 2016 2280 2498 2698 2983 3202 3401 3616 3665 3920 4060 4423 4621 4720 5057 5122 5465 5743 6001 6171 6477 6766 7034 7257 7358 7507 7719 7972 8021 8171 8371 8603 8904 9030 9236 9366 9537 9655 9941 10184 10207 10306 10443 10583 10840 11212 11251 11327 11627

99 41
114 183 298 376 447 601 664 780 832 858 1016 1029 1058 1165 1256 1328 1449 1562 1694 1714 1870 1913 1989 2102 2200 2321 2393 2534 2572 2724 2860 2979 3006 3132 3282 3354 3415 3518 3636 3659 3794 3946 4029 4054 4147 4199 4355 4491 4602 4638 4682 4709 4742 4838 4855 4949 5072 5182 5333 5424 5442 5473 5542 5659 5741 5871 5891 5955 5984 6037 6062 6167 6326 6411 6478 6625 6722 6840 6967 7088 7174 7233 7341 7362 7402 7486 7551 7662 7730 7863 8004 8159 8174 8195 8337 8466 8551 8660 8801

92 67
179 229 477 658 920 1122 1386 1519 1759 2010 2103 2148 2302 2498 2613 2760 3004 3036 3260 3436 3633 3785 3816 3938 4079 4324 4448 4610 4653 4711 4771 4996 5052 5173 5374 5454 5627 5695 5883 6125 6237 6376 6404 6508 6681 6849 6948 7079 7098 7242 7482 7645 7858 7937 8177 8268 8308 8420 8594 8755 8933 9054 9317 9420 9489 9511 9726 9819 9991 10148 10202 10240 10394 10528 10652 10786 10888 11130 11357 11594 11832 11938 12005 12052 12284 12535 12764 12922 13155 13305 13459 13652

52 65
256 494 686 732 961 1095 1273 1354 1530 1700 1930 2108 2279 2357 2604 2655 2818 2839 3061 3083 3224 3261 3295 3411 3648 3726 3805 3913 4129 4357 4483 4718 4855 4954 5065 5101 5237 5424 5535 5664 5843 5865 5973 6032 6239 6311 6514 6623 6848 7033 7095 7326

18 84
166 499 668 768 813 925 1193 1248 1388 1629 1928 2147 2228 2348 2612 2689 2762 2866

55 92
100 440 680 1002 1139 1194 1449 1703 1869 1928 2171 2198 2391 2438 2501 2842 3010 3137 3322 3582 3863 3958 4006 4119 4464 4775 5003 5156 5499 5863 6058 6209 6382 6698 7062 7347 7383 7668 7960 8019 8281 8456 8508 8564 8690 8896 8977 9117 9305 9363 9637 9900 10085 10445 10479

18 56
135 228 404 520 667 870 1090 1175 1190 1273 1439 1503 1551 1582 1690 1804 1972 2074

29 24
45 99 157 242 278 353 361 401 434 505 523 605 670 764 845 916 1009 1056 1124 1152 1180 1209 1277 1319 1327 1408 1416 1440 1469

23 93
64 115 367 683 728 915 1122 1147 1227 1451 1585 1804 1949 2015 2070 2134 2437 2721 2874 2940 3036 3215 3580

71 62
226 348 479 664 824 1056 1194 1368 1568 1740 1864 1960 2069 2307 2549 2574 2745 2987 3216 3345 3424 3472 3494 3721 3800 3835 3937 4004 4060 4172 4368 4581 4664 4683 4876 4925 4992 5024 5138 5325 5441 5532 5593 5661 5830 5962 6117 6144 6169 6202 6231 6355 6559 6751 6951 7021 7174 7254 7347 7398 7630 7780 7854 8072 8180 8371 8436 8503 8739 8771 8893

42 44
17 87 192 240 416 566 641 668 724 797 962 1137 1187 1235 1257 1345 1405 1540 1582 1738 1880 2056 2082 2258 2282 2421 2460 2521 2643 2750 2839 2997 3132 3279 3309 3326 3424 3516 3562 3651 3716 3805

1 27
103

96 53
67 252 302 367 418 458 614 781 878 1089 1249 1291 1458 1586 1727 1744 1935 1974 2112 2238 2288 2449 2533 2716 2914 3010 3111 3252 3460 3574 3699 3790 3886 4087 4231 4327 4367 4418 4608 4710 4763 4952 5015 5189 5346 5540 5719 5852 5940 5979 6173 6287 6490 6702 6718 6808 6873 6931 7031 7211 7412 7524 7633 7816 7974 8084 8268 8410 8428 8557 8635 8758 8857 8879 8982 9006 9099 9207 9224 9270 9377 9431 9608 9819 9953 10009 10106 10215 10254 10318 10369 10385 10585 10771 10892 10915

97 7
21 40 46 74 80 83 103 109 122 142 162 171 194 196 222 241 261 276 294 301 321 332 346 366 393 418 426 428 433 452 462 486 512 536 540 544 550 554 558 564 573 584 612 625 646 668 693 714 741 754 770 772 783 803 815 823 851 858 864 888 915 926 935 959 969 973 974 983 996 1002 1011 1028 1053 1059 1074 1090 1095 1099 1108 1136 1145 1147 1173 1191 1208 1235 1261 1271 1274 1281 1292 1313 1319 1336 1337 1347 1368

87 100
81 468 552 613 800 911 948 1221 1417 1445 1840 2018 2189 2228 2603 2912 3071 3413 3731 4021 4227 4584 4712 4980 5211 5346 5506 5879 6088 6241 6349 6491 6888 7164 7523 7787 8053 8440 8654 8766 8938 9210 9459 9768 9810 10137 10290 10364 10426 10663 11021 11208 11450 11719 11935 12142 12204 12571 12621 12810 13209 13427 13470 13693 13881 13933 14148 14350 14747 14891 14949 15007 15068 15276 15638 15907 16079 16203 16359 16679 16916 17308 17629 17878 18274 18569 18603

54 2
8 8 11 15 23 26 29 30 37 42 46 54 61 62 65 65 65 69 69 70 74 77 85 89 93 98 104 111 113 118 121 128 135 142 145 146 152 152 152 160 166 174 177 181 187 190 193 195 197 202 203 206 210 214

10 17
37 91 146 156 184 222 245 291 302 352

4 36
67 106 213 347

86 14
57 70 105 131 160 203 223 271 317 327 379 415 442 487 526 550 573 612 667 679 723 759 774 820 874 894 901 949 975 994 1006 1036 1051 1090 1105 1121 1130 1146 1171 1219 1224 1275 1285 1310 1327 1371 1409 1439 1484 1540 1562 1607 1613 1660 1700 1751 1785 1824 1848 1896 1931 1950 1956 1982 2007 2032 2070 2114 2119 2128 2154 2173 2207 2244 2260 2275 2308 2362 2379 2390 2439 2458 2474 2522 2555 2606

87 56
30 248 262 412 578 759 916 1102 1245 1263 1455 1621 1803 2011 2166 2379 2516 2673 2695 2859 2958 3181 3252 3297 3518 3695 3831 3962 4037 4258 4450 4522 4704 4898 4962 5032 5110 5252 5411 5536 5587 5740 5776 5867 6019 6110 6159 6359 6401 6470 6488 6576 6697 6761 6797 6971 7033 7086 7107 7262 7342 7476 7528 7690 7748 7835 8054 8219 8398 8470 8544 8593 8720 8883 8976 8995 9059 9272 9406 9564 9636 9780 9821 9889 9969 9994 10084

73 33
97 203 276 328 423 454 550 681 709 839 849 926 1058 1146 1278 1367 1459 1504 1579 1612 1673 1793 1828 1955 2018 2150 2172 2197 2233 2336 2428 2476 2599 2648 2701 2723 2820 2869 2908 2956 3078 3156 3266 3349 3381 3442 3452 3564 3684 3802 3848 3895 4025 4148 4254 4283 4397 4452 4461 4521 4607 4665 4783 4880 4922 4958 5026 5071 5106 5144 5179 5220 5281

96 54
50 89 151 253 278 479 637 744 902 1021 1209 1333 1498 1543 1593 1749 1924 2100 2268 2432 2512 2630 2697 2786 2963 3097 3167 3269 3348 3558 3586 3651 3785 3810 3897 3997 4108 4313 4425 4609 4766 4953 5158 5255 5422 5492 5532 5593 5800 5891 5994 6186 6211 6313 6403 6477 6505 6622 6824 6911 7037 7204 7239 7407 7494 7517 7571 7786 7869 8020 8123 8277 8304 8366 8574 8705 8900 9087 9136 9305 9352 9368 9476 9515 9609 9785 9929 10089 10252 10308 10445 10582 10726 10799 10826 10881

96 91
98 185 462 723 933 1175 1383 1558 1884 1919 2073 2155 2260 2345 2429 2631 2689 2914 3125 3484 3794 3900 3992 4191 4547 4608 4787 5048 5359 5499 5850 6026 6112 6342 6371 6716 6978 7199 7385 7625 7799 8146 8404 8578 8779 8879 9052 9381 9707 9914 10217 10369 10717 10852 10917 11238 11556 11688 11955 12036 12115 12272 12602 12850 13023 13230 13510 13702 13975 14181 14362 14712 14894 14917 15223 15526 15867 16154 16281 16564 16653 16684 16966 17219 17266 17331 17514 17600 17674 17756 18046 18184 18219 18515 18798 18942

64 74
171 207 473 528 560 748 862 1070 1195 1350 1558 1742 1870 2089 2226 2479 2676 2791 2809 3009 3256 3358 3381 3565 3693 3864 4151 4269 4381 4458 4525 4580 4698 4864 5052 5211 5430 5674 5894 6157 6357 6560 6717 6955 7104 7208 7402 7514 7757 7890 7949 8149 8404 8461 8661 8801 8941 8966 9129 9157 9256 9459 9578 9742

92 100
111 405 710 1076 1445 1631 1743 2048 2242 2335 2429 2483 2728 3018 3157 3186 3531 3557 3887 3976 4293 4396 4662 4796 5065 5290 5566 5940 6057 6137 6324 6715 6863 6891 7121 7222 7455 7662 7955 8068 8242 8413 8702 9085 9359 9482 9762 9860 10092 10328 10442 10723 11007 11064 11136 11259 11429 11734 11805 12141 12265 12293 12322 12369 12574 12857 12967 13346 13404 13470 13708 13765 13849 13941 14302 14521 14916 15276 15389 15455 15583 15717 15864 16060 16098 16145 16176 16447 16557 16614 16829 17080

30 25
13 112 181 251 324 339 366 431 459 477 567 653 753 843 920 960 1052 1136 1181 1208 1218 1241 1319 1334 1349 1442 1507 1526 1547 1590

34 26
44 114 123 188 200 269 288 354 414 431 448 545 591 606 648 692 759 824 842 870 936 998 1101 1147 1172 1256 1284 1355 1374 1440 1534 1548 1569 1666

24 88
351 534 620 968 1202 1271 1513 1736 1788 2104 2222 2496 2611 2927 3190 3522 3777 3835 4038 4374 4667 4696 4794 5016

62 33
112 215 283 397 508 536 600 712 756 844 929 967 1049 1138 1214 1339 1404 1448 1503 1528 1653 1719 1790 1896 2026 2088 2193 2294 2357 2387 2472 2569 2646 2778 2789 2866 2886 2910 2999 3129 3154 3163 3260 3353 3363 3395 3471 3485 3587 3616 3645 3750 3793 3815 3829 3845 3944 3978 4085 4099 4207 4280

45 22
30 54 142 222 277 316 404 419 469 556 584 623 674 759 781 786 850 930 991 1077 1136 1177 1253 1318 1371 1415 1458 1468 1549 1556 1634 1679 1736 1799 1808 1884 1949 2001 2054 2119 2175 2195 2265 2315 2372

101 14
55 105 117 134 146 174 211 265 283 322 344 360 378 421 432 471 480 511 553 587 592 606 648 668 697 729 769 777 830 853 869 885 893 929 970 1005 1038 1089 1117 1157 1207 1216 1270 1321 1324 1358 1412 1422 1435 1445 1448 1480 1504 1555 1603 1630 1676 1688 1702 1731 1749 1760 1789 1817 1857 1888 1944 1952 1994 2006 2011 2038 2091 2095 2103 2123 2131 2146 2202 2241 2260 2310 2359 2404 2429 2457 2468 2510 2544 2588 2641 2697 2750 2793 2822 2845 2879 2924 2932 2944 2980

42 43
126 172 311 396 485 654 690 800 835 918 938 1004 1129 1202 1269 1286 1348 1510 1653 1731 1796 1873 2014 2059 2083 2200 2299 2377 2430 2474 2557 2694 2810 2856 2878 2917 3052 3147 3211 3367 3532 3586

22 88
215 244 570 736 775 797 962 1217 1344 1561 1808 2087 2362 2628 2752 2994 3030 3314 3547 3718 4032 4100

50 77
223 519 625 653 867 963 1056 1106 1141 1210 1505 1801 1881 2045 2137 2177 2301 2587 2839 3028 3064 3354 3620 3840 3976 4261 4463 4582 4650 4912 4984 5040 5322 5545 5728 6024 6295 6567 6586 6761 6835 6968 7006 7030 7334 7359 7648 7886 7942 7961

94 93
41 82 452 596 943 1183 1416 1747 1961 2092 2391 2501 2853 2959 2983 3291 3562 3868 4180 4263 4443 4582 4637 4842 4901 5023 5223 5372 5648 5867 6026 6055 6084 6345 6458 6633 6928 7024 7107 7348 7417 7769 7867 7963 8240 8385 8719 8985 9009 9284 9610 9637 9868 10020 10152 10250 10412 10725 11032 11399 11476 11580 11843 12110 12152 12450 12473 12501 12581 12766 13091 13354 13406 13720 13828 14132 14289 14567 14591 14641 14873 15017 15091 15153 15381 15477 15541 15769 15858 16080 16279 16315 16434 16690

39 37
116 234 268 398 520 545 580 707 840 929 977 1040 1106 1202 1214 1356 1444 1544 1662 1790 1857 1918 1958 2104 2141 2244 2297 2369 2385 2417 2549 2619 2709 2782 2861 2951 2961 2972 3111

12 4
17 21 27 33 43 44 46 52 55 62 71 80

56 8
6 12 35 47 72 94 111 140 147 149 170 180 186 218 223 253 281 292 312 324 339 370 380 395 412 443 470 483 485 492 520 533 543 558 564 596 622 631 663 665 670 682 694 724 736 752 759 773 779 809 835 847 870 887 906 929

