3
37 24
16 110 192 234 256 264 288 365 441 447 526 567 598 635 700 721 794 840 891 908 979 1019 1092 1129 1145 1162 1223 1316 1346 1377 1446 1525 1557 1566 1582 1636 1681

38 5
5 13 21 35 43 50 62 79 84 94 104 123 127 128 130 150 168 175 188 203 216 228 230 234 242 253 268 286 287 292 303 315 318 321 326 338 351 364

68 86
126 345 676 806 903 1093 1360 1428 1653 1899 2134 2401 2662 2805 3061 3179 3415 3720 3959 4273 4299 4479 4591 4792 4839 5160 5388 5627 5803 5997 6160 6199 6540 6614 6853 7019 7167 7356 7455 7651 7856 8052 8220 8413 8734 9021 9287 9446 9580 9893 10196 10474 10656 10746 11026 11251 11292 11385 11449 11606 11722 11972 12216 12296 12469 12738 13044 13251

