30
56 43
125 251 298 319 481 596 674 788 887 956 1018 1157 1306 1346 1383 1455 1554 1658 1805 1831 1972 2057 2079 2240 2356 2505 2517 2579 2750 2875 2893 3047 3166 3208 3322 3388 3491 3601 3659 3703 3841 3910 3964 4057 4166 4277 4373 4470 4560 4673 4689 4832 4930 5033 5182 5327

69 34
57 172 206 240 345 412 532 657 690 729 758 829 868 969 995 1091 1112 1134 1238 1367 1406 1507 1576 1678 1771 1784 1892 1952 1969 2013 2055 2171 2298 2390 2502 2572 2696 2826 2916 2972 3090 3183 3216 3333 3463 3474 3602 3653 3730 3860 3985 4012 4074 4168 4260 4379 4420 4447 4536 4619 4661 4678 4766 4806 4854 4973 5012 5090 5156

62 93
226 463 642 987 1128 1292 1369 1543 1606 1698 1836 1986 2180 2403 2668 2919 3161 3307 3664 3989 4301 4448 4562 4809 5007 5286 5652 5914 6158 6446 6643 6984 7174 7482 7574 7927 8026 8177 8255 8428 8695 8720 8752 8914 9021 9048 9238 9315 9411 9782 9826 9961 10138 10276 10411 10722 11060 11191 11324 11482 11831 11984

2 48
50 113

19 62
141 229 406 533 706 904 967 1089 1330 1388 1587 1673 1873 2082 2272 2404 2587 2630 2698

50 26
80 125 198 222 323 411 488 568 634 662 736 780 797 814 839 926 1018 1055 1123 1150 1196 1224 1230 1255 1340 1371 1472 1513 1574 1584 1644 1687 1720 1788 1859 1924 1935 1949 1974 2022 2036 2067 2114 2162 2263 2309 2383 2454 2465 2532

46 42
138 161 212 366 424 490 509 631 777 860 896 1029 1131 1248 1347 1434 1587 1725 1820 1970 2074 2148 2289 2321 2387 2475 2492 2556 2600 2662 2721 2783 2798 2945 3047 3207 3324 3489 3538 3654 3714 3808 3964 4111 4175 4185

36 70
41 66 211 248 320 572 770 850 991 1096 1309 1581 1744 1807 2011 2117 2321 2524 2762 2781 2815 3091 3174 3303 3505 3647 3879 3953 4130 4167 4434 4615 4784 4811 4871 5106

89 29
99 146 253 313 326 438 465 566 678 786 817 857 937 1051 1102 1200 1275 1297 1378 1481 1534 1569 1647 1749 1763 1848 1882 1924 1993 2056 2087 2109 2125 2220 2273 2363 2378 2399 2420 2472 2537 2636 2695 2729 2829 2928 3019 3033 3068 3178 3221 3306 3395 3437 3508 3563 3622 3640 3647 3758 3774 3838 3901 3925 3969 4082 4106 4135 4198 4291 4302 4380 4466 4534 4561 4601 4698 4760 4858 4872 4883 4989 5065 5133 5217 5224 5235 5335 5416

75 10
3 23 31 58 82 110 117 147 185 200 214 254 276 313 343 358 360 391 398 430 468 508 512 524 555 579 601 639 654 687 717 734 763 786 804 832 848 875 901 922 954 971 1007 1030 1050 1054 1083 1109 1138 1166 1176 1185 1223 1241 1279 1303 1305 1344 1375 1390 1422 1448 1477 1499 1512 1536 1539 1561 1571 1610 1623 1659 1666 1672 1703

22 50
139 183 212 319 428 597 675 793 819 882 943 1034 1120 1296 1350 1409 1481 1630 1656 1790 1891 1993

66 23
44 60 103 158 250 321 340 401 456 474 541 600 680 720 730 803 861 878 959 1043 1083 1102 1177 1185 1194 1262 1293 1336 1346 1423 1482 1548 1625 1706 1714 1778 1845 1933 1955 1960 2009 2053 2087 2124 2132 2209 2297 2326 2352 2415 2455 2482 2568 2628 2657 2724 2740 2813 2831 2871 2885 2958 2997 3051 3132 3206

84 73
41 117 293 533 600 655 936 1166 1196 1244 1437 1583 1613 1678 1855 2080 2262 2498 2533 2691 2949 3014 3230 3495 3554 3647 3717 3808 4037 4133 4403 4434 4506 4695 4755 4932 5069 5116 5268 5304 5462 5597 5616 5659 5882 5929 6030 6264 6544 6609 6803 6881 6938 7112 7332 7600 7645 7910 8167 8379 8436 8473 8586 8607 8844 8983 9202 9438 9563 9632 9665 9933 9980 10108 10279 10566 10689 10751 10770 10890 11058 11341 11558 11691

51 8
29 39 60 78 100 116 138 155 183 204 234 246 250 258 287 315 330 339 362 375 389 417 442 470 492 520 528 556 576 587 599 619 651 674 688 699 709 717 728 744 759 773 779 787 804 816 847 877 901 916 928

24 46
162 309 419 559 654 719 845 908 960 1028 1162 1248 1393 1521 1702 1832 1981 2128 2308 2396 2540 2613 2680 2829

10 18
29 49 56 124 176 195 216 267 272 333

39 50
62 116 300 447 538 727 764 816 979 1031 1106 1179 1309 1453 1512 1639 1744 1846 2010 2107 2249 2304 2342 2485 2533 2637 2816 2845 3028 3061 3165 3343 3431 3512 3535 3566 3587 3707 3891

26 77
71 164 347 454 572 791 912 938 958 1183 1435 1494 1565 1813 2084 2316 2426 2601 2829 3008 3084 3119 3307 3439 3470 3599

66 75
34 63 89 110 384 466 735 978 1175 1250 1286 1342 1477 1563 1638 1884 1942 2033 2274 2529 2599 2767 2907 3160 3199 3371 3473 3767 3964 4085 4300 4453 4499 4796 4979 5247 5468 5691 5788 5840 6011 6185 6271 6289 6370 6584 6679 6846 7072 7217 7391 7505 7637 7818 8112 8276 8516 8707 8789 8960 8994 9228 9325 9391 9563 9787

60 57
104 149 172 357 584 641 660 840 1036 1220 1447 1488 1666 1765 1888 1914 1966 2024 2158 2350 2452 2483 2680 2811 3034 3225 3280 3506 3587 3814 3975 4164 4352 4439 4652 4791 4824 4960 5112 5191 5236 5365 5577 5619 5663 5870 6061 6236 6437 6478 6697 6898 7001 7143 7280 7492 7610 7762 7958 8063

35 79
163 206 261 508 813 930 1047 1242 1477 1610 1656 1767 1942 2013 2280 2346 2606 2760 2868 3128 3198 3423 3483 3711 3985 4195 4223 4268 4391 4439 4539 4836 5032 5051 5210

84 29
89 99 204 311 347 377 492 585 641 705 725 801 825 938 971 990 1071 1148 1215 1297 1408 1420 1456 1563 1658 1723 1830 1887 1923 1985 2082 2112 2188 2213 2280 2329 2363 2445 2517 2596 2616 2634 2731 2788 2846 2898 2944 2951 3063 3150 3254 3300 3318 3350 3442 3557 3609 3683 3726 3806 3915 3989 4037 4094 4152 4236 4323 4423 4484 4554 4637 4700 4726 4788 4882 4963 5044 5124 5210 5246 5281 5365 5429 5495

67 67
159 207 312 424 529 676 849 936 971 1220 1397 1555 1585 1725 1766 1784 1928 2032 2119 2286 2518 2572 2746 2818 2994 3065 3245 3311 3471 3507 3569 3589 3634 3720 3789 4010 4092 4229 4353 4387 4604 4685 4882 4910 4971 5231 5391 5472 5726 5910 5986 6178 6391 6428 6581 6611 6629 6890 7079 7167 7307 7451 7654 7674 7784 8032 8237

95 43
35 99 168 243 342 453 505 633 760 836 919 985 1057 1163 1289 1433 1515 1570 1660 1776 1918 2026 2112 2170 2319 2370 2405 2493 2656 2728 2821 2946 2986 3105 3277 3299 3322 3394 3549 3682 3817 3927 4094 4250 4384 4421 4550 4596 4632 4796 4849 4913 5014 5070 5221 5253 5335 5469 5626 5707 5744 5815 5840 5908 5941 6021 6136 6281 6346 6363 6482 6547 6577 6613 6721 6824 6900 7045 7151 7284 7416 7526 7614 7650 7818 7962 8111 8272 8415 8441 8480 8506 8552 8610 8769

37 55
176 343 400 530 721 846 885 989 1149 1330 1483 1701 1728 1832 1943 1988 2110 2286 2423 2554 2686 2800 2934 3022 3059 3252 3321 3466 3635 3733 3843 3881 3973 4174 4302 4338 4421

51 38
141 180 190 323 411 481 623 641 724 867 1017 1064 1139 1273 1379 1524 1619 1666 1787 1930 1964 2106 2201 2286 2322 2406 2483 2515 2581 2654 2803 2910 3019 3171 3287 3382 3452 3578 3725 3752 3875 4005 4034 4080 4185 4238 4329 4379 4475 4511 4599

61 15
33 82 95 132 171 214 270 314 331 382 435 459 473 484 535 581 612 655 687 720 770 816 833 871 899 909 913 943 969 977 1035 1085 1123 1139 1174 1200 1254 1310 1316 1335 1363 1393 1411 1458 1517 1535 1579 1586 1638 1652 1657 1708 1765 1794 1819 1870 1890 1922 1970 2007 2050

41 53
81 228 243 350 544 632 749 824 909 1035 1166 1294 1348 1541 1635 1679 1727 1931 2096 2201 2346 2382 2574 2659 2855 3030 3075 3102 3200 3274 3312 3516 3688 3805 3935 4014 4217 4300 4332 4483 4497

30 8
6 37 51 81 107 117 149 164 182 208 210 222 247 264 267 276 304 322 329 346 352 381 383 405 437 445 467 471 479 502

90 84
167 196 446 543 744 954 1073 1383 1623 1945 2126 2336 2617 2676 2866 2909 3161 3396 3494 3539 3606 3930 4063 4159 4223 4412 4482 4641 4962 5227 5497 5726 5808 5853 6170 6326 6619 6812 7101 7261 7385 7694 7854 7997 8325 8463 8649 8707 8809 9049 9249 9535 9833 9885 10046 10200 10390 10512 10593 10879 11105 11309 11546 11624 11658 11872 12088 12236 12310 12610 12732 12761 12997 13123 13448 13735 14015 14273 14568 14819 15018 15319 15510 15585 15637 15960 16285 16583 16719 16918

