15
1 46
145

69 82
246 302 535 839 872 1008 1050 1314 1403 1487 1664 1852 1914 2202 2271 2427 2740 2974 3261 3525 3792 4017 4173 4495 4578 4695 4823 4945 5146 5290 5484 5710 5809 5920 6082 6201 6332 6636 6664 6818 6878 7136 7400 7460 7788 7967 8139 8176 8364 8592 8630 8672 8774 8980 9105 9179 9296 9388 9697 9994 10042 10327 10522 10796 10987 11189 11390 11482 11715

51 68
110 186 267 495 569 669 908 1003 1054 1245 1350 1465 1515 1710 1827 2000 2260 2519 2647 2767 3014 3043 3251 3503 3682 3829 4006 4193 4279 4371 4616 4856 4968 5231 5486 5673 5772 5999 6105 6213 6259 6508 6629 6649 6872 6906 7140 7209 7358 7465 7735

6 44
173 267 330 501 674 699

88 91
47 147 320 652 945 1176 1330 1439 1774 1867 2138 2210 2555 2875 3159 3485 3559 3690 3932 4102 4166 4429 4791 4912 4956 5210 5530 5806 5945 5989 6025 6312 6345 6575 6763 6908 7023 7337 7588 7788 7845 8005 8080 8394 8578 8624 8909 8933 9162 9319 9452 9487 9528 9740 10002 10147 10465 10690 10734 11077 11200 11495 11614 11795 11920 12266 12295 12568 12613 12758 13048 13225 13428 13701 13926 14059 14218 14367 14406 14485 14694 14838 15179 15233 15256 15526 15558 15868

36 66
185 325 482 581 710 876 1051 1309 1457 1598 1841 2060 2085 2345 2384 2471 2668 2722 2852 3001 3186 3348 3543 3582 3792 3917 3969 4081 4203 4273 4336 4446 4692 4892 5046 5167

2 7
6 13

31 83
175 417 703 826 867 1141 1345 1424 1461 1544 1724 1822 2118 2245 2316 2498 2751 2897 3093 3174 3281 3544 3649 3674 3826 4002 4034 4165 4319 4393 4482

28 44
176 270 305 467 594 674 692 732 824 875 1046 1186 1301 1342 1440 1568 1661 1695 1752 1781 1848 1938 2040 2105 2239 2252 2281 2440

82 65
196 282 369 400 477 657 789 866 896 1104 1325 1412 1489 1677 1928 2014 2230 2311 2518 2593 2783 2941 2962 3125 3189 3428 3584 3717 3762 3842 3938 4158 4297 4520 4632 4863 5092 5326 5503 5604 5818 5842 6033 6244 6322 6362 6621 6784 6947 7109 7140 7386 7447 7657 7727 7909 8162 8402 8448 8685 8881 8977 9042 9205 9248 9428 9487 9692 9796 9946 10074 10140 10362 10581 10625 10747 10965 11066 11261 11486 11531 11746

101 54
49 175 213 310 356 526 710 889 1064 1210 1322 1348 1380 1558 1739 1807 1907 1940 2118 2181 2267 2469 2594 2655 2748 2838 3005 3041 3162 3307 3492 3621 3681 3750 3959 4100 4148 4196 4294 4483 4569 4771 4811 5026 5209 5365 5516 5732 5890 5982 6195 6322 6456 6665 6813 6921 7065 7262 7277 7349 7517 7665 7696 7711 7734 7919 8046 8209 8373 8488 8622 8817 8910 9084 9209 9349 9432 9544 9600 9639 9745 9887 10054 10235 10436 10515 10682 10871 10972 10994 11024 11184 11266 11398 11598 11643 11668 11762 11977 12126 12203

80 58
141 339 447 511 602 785 928 1007 1099 1140 1285 1369 1592 1665 1757 1784 1932 2026 2078 2295 2455 2630 2687 2768 2953 3070 3268 3283 3363 3499 3590 3604 3827 3852 3970 4149 4366 4454 4472 4486 4711 4766 4815 4936 5078 5165 5353 5525 5749 5934 5998 6153 6180 6389 6432 6589 6612 6724 6892 7076 7285 7324 7407 7505 7549 7596 7743 7810 7918 8131 8147 8320 8395 8452 8641 8815 8958 9069 9259 9431

72 65
50 106 348 530 782 857 998 1136 1250 1370 1570 1593 1802 1821 1916 2091 2109 2252 2282 2422 2501 2695 2926 3164 3212 3239 3419 3467 3712 3787 3927 4162 4274 4322 4389 4613 4845 4944 5058 5266 5391 5449 5660 5738 5941 6149 6369 6515 6639 6899 7049 7277 7370 7442 7620 7775 7904 8143 8268 8331 8531 8738 8950 9134 9185 9276 9401 9448 9688 9794 9966 10104

26 88
68 174 486 831 1126 1228 1545 1819 2033 2248 2512 2689 2853 2937 3047 3287 3598 3719 4071 4243 4276 4385 4591 4758 4922 5024

46 30
21 124 169 188 222 230 263 294 408 447 532 551 615 671 782 826 881 972 1022 1072 1100 1108 1117 1148 1164 1216 1250 1283 1361 1474 1543 1560 1628 1703 1719 1803 1850 1945 2003 2050 2160 2211 2244 2267 2288 2391

