15
57 42
125 291 352 495 512 617 629 786 949 1042 1087 1245 1272 1402 1478 1512 1564 1701 1731 1752 1800 1916 1931 1962 2033 2079 2211 2266 2364 2396 2562 2593 2724 2770 2924 3026 3071 3195 3319 3446 3535 3609 3725 3754 3779 3872 3888 4021 4171 4249 4264 4407 4469 4557 4708 4860 4916

17 30
70 152 192 226 244 359 456 533 554 666 699 756 854 903 995 1102 1132

96 84
89 160 307 373 564 808 928 983 1170 1254 1329 1389 1474 1783 2106 2340 2592 2920 3097 3269 3459 3755 3958 4051 4371 4626 4763 5065 5259 5468 5532 5841 5917 5992 6283 6534 6663 6975 7067 7319 7374 7407 7742 7792 8053 8314 8365 8494 8809 9044 9140 9456 9765 9983 10270 10560 10731 10881 11113 11152 11198 11486 11814 12143 12366 12492 12755 12826 13047 13373 13464 13718 13981 14059 14335 14660 14685 14775 15043 15368 15632 15852 16086 16315 16541 16680 16725 17044 17091 17354 17545 17759 17809 17969 18054 18317

91 2
7 15 20 22 28 35 38 38 38 45 51 56 56 59 65 65 71 78 84 85 90 93 98 106 112 118 125 127 130 132 136 140 143 146 151 157 161 167 168 173 180 181 188 192 192 198 204 208 213 218 224 226 233 241 249 256 261 265 265 272 272 277 277 281 286 289 295 295 300 300 308 308 311 317 322 325 327 334 338 346 346 353 360 364 367 370 374 377 385 385 386

39 8
16 23 30 37 54 62 65 77 100 123 130 148 173 182 197 225 238 254 259 286 308 340 342 353 358 369 389 396 400 424 456 479 509 536 556 588 590 598 614

37 48
181 348 382 495 567 624 813 912 1044 1061 1166 1232 1303 1483 1624 1728 1746 1824 1905 2029 2136 2242 2288 2392 2580 2763 2883 2975 2994 3117 3209 3262 3323 3401 3413 3517 3646

20 73
275 385 663 739 896 1155 1336 1556 1596 1698 1748 1934 2197 2318 2541 2688 2711 2886 2993 3192

30 72
110 236 326 382 594 788 929 977 1053 1116 1348 1375 1479 1629 1855 2093 2124 2149 2203 2489 2544 2824 3039 3230 3487 3574 3601 3701 3805 3927

60 48
183 285 384 562 685 747 859 927 1114 1292 1427 1500 1588 1737 1765 1923 1981 2170 2207 2228 2392 2430 2601 2756 2777 2789 2829 2943 3059 3216 3399 3487 3598 3697 3854 3900 3991 4066 4201 4256 4376 4502 4569 4714 4882 4980 5085 5199 5318 5444 5506 5575 5741 5928 6084 6233 6368 6428 6524 6541

38 67
141 181 386 574 668 820 917 974 1173 1248 1292 1438 1631 1775 1977 2238 2267 2435 2627 2873 2898 2972 3005 3124 3327 3386 3532 3751 4013 4253 4445 4486 4747 4989 5157 5193 5329 5375

86 76
52 265 299 485 760 850 921 1194 1277 1502 1546 1602 1714 1962 2042 2209 2308 2518 2778 3076 3279 3414 3594 3687 3824 3870 3925 4153 4351 4580 4770 5028 5145 5316 5507 5757 5777 5967 6017 6129 6182 6338 6507 6628 6852 7145 7407 7459 7753 8016 8285 8335 8600 8871 8980 9108 9267 9538 9761 9899 10158 10287 10323 10523 10557 10675 10898 11149 11250 11515 11806 11849 12056 12328 12548 12785 12841 13046 13161 13184 13260 13496 13539 13796 14004 14079

35 84
112 176 350 383 501 692 812 980 1018 1054 1206 1299 1496 1524 1858 2069 2286 2609 2799 2956 3216 3552 3729 4006 4288 4576 4890 5023 5274 5608 5792 5930 5996 6211 6463

61 85
199 268 593 654 984 1256 1479 1654 1807 1831 2169 2404 2438 2566 2642 2721 2762 2887 3098 3368 3556 3599 3846 3969 4105 4279 4536 4679 4834 5103 5233 5399 5721 5933 6271 6463 6504 6844 6940 7258 7392 7566 7668 7976 8093 8162 8206 8413 8546 8810 9038 9230 9495 9817 10000 10171 10347 10377 10516 10831 10926

4 95
366 528 653 735

78 90
131 489 609 910 1172 1359 1688 1763 1982 2160 2453 2539 2734 2814 3105 3135 3456 3782 4135 4429 4577 4685 4805 5129 5364 5464 5688 5824 5986 6048 6292 6395 6421 6732 6861 7180 7446 7690 7991 8334 8451 8526 8694 8894 8933 9003 9333 9582 9847 10036 10323 10553 10773 11022 11219 11424 11604 11796 11881 12039 12090 12183 12482 12617 12750 12980 13168 13241 13341 13624 13891 14062 14367 14415 14752 15074 15314 15411

