16
88 3
1 12 23 31 37 48 48 51 52 54 59 61 64 75 79 79 87 90 93 97 106 106 114 115 124 136 141 148 152 160 166 168 171 180 191 202 210 210 212 223 227 237 242 248 248 252 252 259 262 269 279 288 291 300 310 314 316 327 332 343 343 344 346 347 357 359 359 368 370 374 376 383 391 397 403 409 420 426 432 439 442 451 460 467 477 487 489 497

29 51
23 79 174 282 431 455 598 796 853 929 1046 1227 1378 1524 1557 1585 1781 1799 1903 1961 2072 2127 2245 2370 2478 2547 2651 2807 3000

28 31
118 224 289 354 380 435 488 566 662 686 700 725 761 832 922 967 1000 1048 1090 1207 1294 1392 1430 1474 1522 1635 1646 1706

81 59
237 426 615 842 914 1022 1096 1127 1218 1304 1516 1685 1713 1821 1983 2001 2139 2155 2349 2555 2612 2830 3009 3216 3432 3506 3711 3907 4075 4256 4406 4503 4640 4682 4853 5083 5284 5488 5578 5750 5769 5990 6031 6261 6312 6536 6664 6802 7019 7060 7219 7404 7627 7709 7895 8040 8271 8422 8555 8676 8733 8760 8871 9010 9132 9348 9507 9591 9696 9769 9982 10116 10260 10428 10588 10658 10839 10939 10986 11043 11212

40 49
27 105 120 207 270 352 380 466 643 675 764 851 880 927 1030 1185 1363 1525 1558 1585 1740 1926 2014 2100 2246 2351 2419 2467 2523 2549 2667 2780 2862 3003 3119 3292 3393 3524 3609 3664

33 30
108 145 182 252 272 358 402 412 503 568 675 792 846 948 984 1021 1129 1199 1272 1282 1368 1466 1487 1544 1626 1643 1697 1802 1911 1968 2001 2095 2118

96 87
227 248 297 412 444 684 1018 1059 1277 1398 1580 1845 2158 2232 2408 2659 2947 3081 3279 3321 3357 3574 3604 3758 3936 4028 4259 4310 4597 4844 5111 5213 5363 5484 5634 5920 6233 6425 6487 6705 6964 7218 7475 7779 7971 8224 8287 8358 8397 8611 8875 9021 9107 9442 9687 9739 9954 10174 10348 10606 10834 11048 11072 11283 11504 11578 11670 11900 12047 12243 12283 12527 12562 12878 13085 13229 13543 13831 13879 14016 14051 14210 14336 14559 14662 14990 15321 15458 15554 15890 16199 16420 16556 16680 16826 17075

67 21
29 58 129 157 186 221 276 318 402 438 458 470 478 538 593 654 721 742 788 815 852 904 970 982 1046 1055 1077 1120 1136 1199 1223 1295 1349 1412 1418 1457 1474 1546 1612 1626 1672 1678 1746 1776 1810 1825 1846 1917 1974 1982 2008 2046 2075 2083 2095 2162 2235 2287 2298 2365 2412 2427 2494 2546 2585 2640 2716

53 48
192 368 388 555 596 779 796 919 1056 1105 1261 1428 1544 1589 1757 1866 1928 2077 2110 2283 2331 2436 2479 2524 2588 2629 2729 2743 2768 2831 2998 3131 3160 3323 3443 3524 3671 3722 3784 3910 3986 4043 4111 4292 4445 4565 4670 4685 4762 4862 5052 5127 5200

56 80
142 176 453 550 627 876 1002 1043 1220 1294 1314 1480 1708 1761 1872 1987 2050 2307 2402 2483 2516 2630 2744 2877 3020 3215 3534 3762 4012 4318 4611 4880 4912 4973 5100 5247 5358 5458 5606 5762 6024 6200 6364 6478 6558 6724 6934 7085 7295 7456 7667 7845 8070 8101 8163 8360

41 50
155 301 420 576 718 776 805 827 942 978 1035 1135 1317 1365 1523 1627 1757 1796 1939 2045 2232 2271 2384 2477 2590 2778 2863 3037 3175 3330 3442 3625 3713 3796 3877 3907 4052 4245 4386 4413 4552

84 28
89 134 244 254 344 376 391 468 508 556 657 670 679 790 840 940 1024 1065 1137 1231 1290 1369 1385 1405 1412 1463 1488 1570 1596 1658 1670 1718 1821 1899 1963 2043 2138 2155 2229 2259 2279 2356 2420 2525 2594 2673 2682 2752 2787 2866 2963 2976 3003 3104 3182 3248 3354 3443 3462 3541 3635 3673 3780 3882 3956 3972 3999 4035 4144 4175 4199 4242 4276 4346 4449 4536 4641 4702 4731 4837 4876 4953 5059 5157

71 22
53 77 128 172 230 244 328 339 373 429 440 515 523 544 631 691 734 783 844 930 982 1023 1104 1190 1199 1262 1326 1409 1440 1489 1565 1605 1614 1675 1687 1727 1799 1810 1837 1849 1932 1956 1965 1983 2048 2061 2124 2150 2207 2277 2364 2432 2455 2485 2508 2549 2582 2614 2667 2685 2728 2799 2840 2918 2927 2937 3015 3061 3107 3122 3164

78 5
6 19 34 37 42 51 61 81 87 96 102 104 109 113 127 129 131 144 157 177 190 203 217 223 227 233 242 244 264 276 281 283 297 302 313 322 338 340 346 351 366 371 384 386 393 402 411 420 423 436 437 448 456 475 481 500 519 532 537 547 558 573 586 588 607 623 630 632 641 643 658 665 679 688 704 709 728 737

37 49
53 116 220 369 530 632 810 846 937 1090 1118 1285 1445 1623 1670 1716 1887 1996 2068 2231 2337 2374 2427 2523 2562 2751 2820 2857 2887 2987 3126 3294 3433 3536 3643 3744 3788

78 69
142 370 544 581 605 749 912 1064 1193 1272 1526 1587 1847 2094 2284 2506 2631 2874 3099 3246 3418 3520 3761 3986 4116 4315 4425 4507 4653 4724 4855 4910 5022 5136 5362 5480 5694 5853 5957 6137 6398 6498 6715 6988 7145 7303 7375 7556 7705 7851 8022 8181 8439 8588 8755 8812 9045 9153 9378 9492 9593 9815 9882 10096 10195 10344 10362 10435 10594 10676 10732 10931 11059 11317 11492 11611 11743 11992

