25
99 75
90 130 202 230 368 662 731 791 874 1164 1357 1499 1634 1800 1959 2198 2247 2547 2695 2810 2939 2967 3036 3321 3395 3481 3548 3630 3762 3970 4175 4405 4515 4696 4804 5003 5039 5084 5264 5455 5595 5829 5945 6075 6371 6413 6557 6640 6786 6985 7093 7344 7541 7800 8021 8213 8471 8741 8769 8976 9154 9368 9474 9598 9827 9968 10145 10223 10384 10676 10726 10978 11244 11288 11525 11720 11739 11766 11788 11963 12064 12115 12140 12183 12330 12421 12510 12607 12889 13030 13195 13380 13587 13777 13865 14013 14307 14587 14637

26 12
48 62 66 70 112 127 155 163 182 217 264 298 325 347 380 400 437 465 513 524 546 569 593 627 658 673

21 78
301 337 532 595 623 686 950 1046 1319 1350 1587 1770 2054 2365 2581 2868 3041 3077 3176 3465 3742

41 66
86 212 391 482 542 799 896 1054 1087 1283 1495 1614 1669 1881 1940 1986 2235 2348 2431 2684 2769 2846 3110 3262 3289 3313 3541 3671 3926 3952 4162 4327 4397 4449 4592 4779 4991 5049 5088 5301 5473

71 71
261 382 572 744 985 1252 1344 1363 1549 1668 1902 2142 2248 2502 2648 2911 2941 3200 3285 3385 3606 3811 4064 4339 4510 4711 4857 5065 5338 5454 5489 5636 5903 6123 6372 6491 6628 6802 7052 7176 7239 7428 7654 7875 8156 8339 8610 8654 8837 9119 9368 9537 9769 9969 10019 10243 10483 10650 10689 10720 10879 11044 11293 11525 11751 11802 11977 12160 12343 12397 12487

31 65
70 241 467 558 762 981 1017 1214 1318 1578 1756 1940 2087 2144 2245 2503 2553 2577 2764 3013 3059 3236 3377 3409 3485 3534 3746 3777 3911 3936 3964

36 99
305 512 812 849 886 1055 1323 1349 1536 1614 1720 2020 2280 2509 2781 3137 3307 3590 3895 4093 4200 4342 4622 4789 5184 5428 5489 5845 5943 6255 6479 6621 6681 6884 7039 7072

7 65
154 291 365 449 705 925 1084

21 24
13 83 145 234 278 327 343 415 483 521 575 614 706 771 789 827 881 899 963 1006 1045

15 68
172 195 404 421 617 747 969 1109 1133 1237 1283 1417 1572 1630 1814

56 35
130 232 264 315 337 427 562 681 769 905 950 977 1042 1081 1216 1348 1453 1464 1582 1619 1728 1742 1847 1951 2038 2177 2204 2340 2425 2524 2558 2632 2669 2729 2821 2890 3025 3048 3112 3195 3273 3293 3330 3360 3470 3554 3680 3776 3845 3904 3957 4041 4180 4272 4356 4450

54 11
13 49 62 95 133 161 173 192 202 219 226 267 304 310 325 349 369 372 399 431 461 493 518 538 567 603 629 662 679 688 713 716 727 744 748 762 766 799 838 860 863 881 890 917 931 952 992 1011 1037 1081 1087 1112 1120 1157

80 46
38 61 119 222 259 369 446 610 767 793 895 1061 1194 1246 1374 1463 1570 1714 1842 1982 2039 2196 2292 2466 2484 2647 2827 2888 2959 3119 3224 3241 3305 3381 3505 3683 3765 3942 3981 4070 4203 4266 4355 4393 4444 4502 4634 4803 4928 5027 5174 5245 5377 5551 5680 5740 5917 6063 6122 6293 6447 6528 6709 6794 6903 6983 7008 7135 7216 7269 7280 7371 7504 7559 7648 7709 7732 7811 7921 8000

98 17
17 58 114 166 177 232 254 263 315 343 408 473 512 549 573 615 653 688 703 750 760 822 847 851 916 936 969 1008 1039 1107 1142 1194 1239 1287 1349 1399 1463 1501 1553 1601 1640 1698 1759 1825 1832 1836 1894 1938 1958 1982 2008 2038 2103 2128 2189 2198 2242 2246 2298 2306 2355 2408 2449 2492 2553 2603 2616 2668 2673 2685 2698 2715 2758 2785 2830 2893 2955 2994 2999 3034 3074 3092 3121 3138 3177 3222 3228 3242 3289 3349 3363 3403 3452 3483 3500 3515 3521 3544

101 73
209 332 474 710 917 1188 1448 1583 1856 2104 2328 2425 2585 2875 2925 2963 3167 3370 3577 3675 3717 3914 4165 4451 4678 4970 5223 5365 5634 5904 6180 6410 6594 6757 6853 6981 7182 7340 7422 7592 7807 7867 7919 7997 8111 8141 8264 8451 8662 8709 8899 8934 8964 9213 9494 9658 9860 9881 9959 10166 10251 10367 10524 10725 10910 11069 11125 11165 11338 11543 11732 11824 12099 12344 12636 12813 13092 13192 13224 13257 13479 13726 13829 14115 14278 14549 14757 14925 15160 15376 15582 15868 16138 16212 16436 16603 16676 16776 16967 17132 17297

53 48
30 169 244 356 530 714 811 896 982 1159 1194 1330 1405 1467 1583 1757 1874 2026 2118 2141 2326 2471 2503 2653 2795 2823 2838 3005 3102 3226 3314 3455 3553 3727 3846 3898 4029 4139 4324 4377 4453 4555 4674 4701 4833 4927 5021 5085 5269 5336 5411 5566 5752

56 68
118 345 468 551 810 952 1099 1364 1488 1552 1640 1905 2075 2137 2395 2422 2604 2646 2677 2765 2873 3142 3198 3333 3501 3715 3875 4127 4263 4293 4391 4465 4628 4812 5061 5108 5321 5476 5734 5889 6026 6070 6133 6290 6545 6578 6617 6752 6996 7063 7096 7163 7381 7618 7702 7871

68 68
246 426 696 820 926 988 1112 1280 1505 1587 1786 1863 2061 2177 2332 2573 2826 3090 3215 3232 3461 3722 3928 4166 4427 4467 4723 4918 4955 5157 5327 5388 5505 5693 5959 6044 6244 6463 6689 6736 6848 7084 7260 7463 7583 7807 7908 8150 8187 8229 8273 8486 8642 8872 8964 9032 9156 9356 9606 9875 10064 10120 10250 10429 10696 10781 10801 10865

60 94
327 595 705 1014 1126 1389 1538 1715 1781 1842 1902 2116 2346 2657 2803 2929 3300 3397 3699 3815 4036 4112 4204 4489 4676 4797 4845 5174 5406 5482 5698 5832 6079 6197 6386 6646 7019 7124 7294 7338 7509 7696 7798 7893 8017 8093 8363 8628 8893 8976 9262 9297 9375 9561 9869 10210 10277 10594 10877 10973

72 14
50 85 120 127 140 160 189 213 266 289 332 338 359 408 430 478 531 563 602 617 663 679 716 772 819 875 880 891 920 935 978 1019 1043 1065 1070 1090 1096 1135 1154 1168 1193 1210 1260 1282 1327 1374 1384 1389 1423 1453 1456 1462 1473 1515 1546 1573 1589 1624 1668 1720 1761 1764 1803 1851 1873 1882 1891 1913 1960 1981 2023 2032

63 10
15 18 47 59 93 111 119 130 170 194 213 221 236 254 291 301 334 354 371 391 396 433 468 491 502 526 533 556 590 605 617 628 668 692 727 758 770 791 821 838 876 896 925 941 977 987 991 1026 1055 1065 1071 1097 1137 1161 1170 1191 1224 1246 1269 1307 1319 1352 1364

98 5
21 33 42 61 70 84 91 104 114 125 142 151 164 173 184 187 191 200 210 222 241 254 256 262 273 275 291 298 315 327 336 352 357 369 370 386 395 406 412 415 433 437 445 446 465 470 475 479 487 494 509 511 522 528 546 561 565 574 580 585 601 614 618 627 632 633 636 648 664 678 695 703 712 713 722 734 748 764 782 785 792 796 809 822 823 825 834 844 853 856 859 864 865 871 882 897 904 910

14 12
8 40 65 88 98 142 166 196 229 239 253 294 319 354

77 19
68 94 170 207 262 287 348 384 389 429 453 514 543 594 657 672 711 766 798 836 888 933 987 1054 1067 1115 1156 1218 1246 1261 1286 1344 1354 1360 1402 1443 1472 1525 1590 1662 1725 1763 1769 1791 1806 1865 1899 1950 1976 1986 2040 2070 2127 2174 2221 2259 2292 2312 2355 2420 2433 2465 2528 2567 2583 2603 2618 2638 2647 2660 2676 2717 2753 2784 2790 2832 2883

54 48
98 151 188 332 438 465 560 634 655 697 816 829 943 979 1038 1126 1209 1340 1445 1527 1659 1833 1900 2080 2177 2324 2466 2616 2800 2924 2939 2981 3146 3234 3303 3376 3441 3510 3699 3827 3981 4104 4131 4184 4213 4295 4313 4429 4490 4509 4676 4785 4934 4963

