30
45 41
30 129 238 290 331 385 499 525 688 789 929 1016 1068 1175 1313 1449 1497 1657 1713 1747 1851 2002 2097 2115 2250 2268 2376 2519 2543 2658 2731 2878 2964 3113 3209 3285 3434 3489 3591 3698 3819 3874 3927 4005 4099

24 43
42 192 290 383 475 625 636 738 824 937 1055 1156 1273 1394 1469 1522 1588 1620 1745 1771 1805 1922 2087 2106

29 31
83 143 266 365 463 555 677 771 861 945 956 1074 1126 1162 1224 1346 1428 1477 1498 1522 1605 1696 1789 1913 1944 1989 2034 2079 2134

32 30
97 173 240 343 401 484 575 623 678 770 779 888 998 1095 1193 1261 1317 1376 1411 1456 1566 1623 1711 1743 1798 1878 1996 2082 2147 2169 2286 2365

27 25
37 59 120 167 252 258 353 365 427 492 570 660 752 774 846 917 955 981 1077 1147 1215 1253 1278 1301 1360 1431 1512

72 18
54 121 177 241 252 299 311 374 425 436 506 574 645 696 710 754 819 878 913 946 1011 1046 1110 1182 1248 1287 1347 1383 1441 1505 1558 1621 1687 1723 1768 1782 1795 1819 1889 1917 1926 1955 1963 2004 2009 2020 2033 2042 2060 2078 2093 2151 2203 2257 2307 2317 2331 2376 2393 2425 2488 2524 2550 2572 2621 2647 2689 2703 2768 2810 2857 2921

41 59
47 198 295 470 599 705 847 942 1093 1119 1248 1477 1708 1881 1896 1922 2011 2221 2302 2480 2657 2763 2817 2893 2932 3005 3047 3221 3255 3282 3434 3499 3660 3729 3747 3946 3971 4062 4193 4258 4309

8 21
62 109 166 183 198 270 299 323

30 75
214 352 632 878 982 1183 1373 1471 1735 1994 2244 2298 2546 2795 3042 3184 3305 3385 3504 3579 3630 3824 3919 3985 4281 4430 4480 4672 4693 4812

88 100
309 441 809 1025 1228 1514 1886 2012 2246 2524 2664 3053 3090 3289 3340 3668 3933 3992 4317 4408 4436 4575 4836 5207 5545 5708 5886 6007 6334 6393 6444 6491 6572 6883 7093 7181 7329 7564 7957 8216 8312 8508 8788 9166 9416 9621 9761 10000 10379 10457 10824 11113 11502 11820 11902 11997 12274 12412 12599 12652 12980 13272 13558 13710 13875 14028 14297 14536 14708 14948 15200 15244 15568 15613 15989 16361 16638 16711 16749 17106 17199 17557 17680 17950 18106 18328 18484 18839

69 76
261 536 826 1084 1380 1577 1733 1777 1919 2195 2483 2713 2993 3159 3401 3627 3839 3919 4214 4467 4576 4804 4951 5089 5184 5343 5492 5596 5736 6016 6100 6156 6228 6348 6455 6571 6675 6832 7036 7276 7439 7473 7747 7950 8185 8242 8397 8622 8908 9119 9198 9448 9468 9611 9848 10132 10240 10435 10500 10525 10629 10709 10779 11027 11048 11097 11184 11357 11636

50 67
84 159 376 556 772 915 978 1210 1352 1614 1659 1927 2037 2185 2247 2469 2690 2949 2976 3141 3350 3573 3608 3633 3808 3879 3922 4065 4113 4268 4316 4379 4490 4676 4856 5068 5305 5458 5656 5700 5942 6072 6302 6355 6405 6559 6785 6827 7000 7264

26 1
3 6 7 7 9 13 14 18 20 24 28 30 34 35 39 39 40 44 47 50 52 53 53 57 60 63

83 45
51 175 332 449 616 718 834 908 957 1041 1199 1371 1415 1452 1536 1564 1596 1643 1815 1872 1989 2018 2181 2269 2385 2481 2544 2556 2590 2749 2803 2878 2912 2956 3067 3086 3266 3442 3473 3604 3694 3741 3896 4037 4187 4266 4279 4335 4401 4486 4506 4581 4693 4712 4876 4999 5158 5285 5440 5463 5612 5630 5680 5698 5766 5842 5938 5995 6148 6166 6300 6451 6629 6796 6842 7005 7056 7229 7394 7475 7604 7724 7861

94 84
23 79 260 511 570 657 767 953 1186 1338 1416 1604 1728 2025 2203 2515 2576 2834 2966 3093 3290 3349 3658 3922 4130 4446 4501 4624 4954 5211 5404 5537 5696 5932 6131 6352 6412 6708 7004 7257 7416 7500 7759 8037 8140 8288 8391 8434 8593 8671 8768 8929 9174 9292 9346 9394 9715 9837 9938 10238 10488 10599 10703 10750 10929 11171 11301 11445 11681 11982 12224 12450 12681 12837 13025 13269 13544 13849 13934 14269 14471 14650 14905 15217 15470 15525 15556 15745 15975 16049 16201 16269 16322 16547

19 81
220 458 736 808 887 1082 1283 1395 1520 1648 1870 2136 2380 2643 2886 3082 3281 3560 3792

93 51
58 201 383 518 716 792 877 952 1035 1134 1274 1378 1392 1585 1765 1785 1841 1970 2046 2138 2211 2345 2471 2621 2649 2686 2849 2934 2948 2972 3024 3036 3235 3309 3353 3375 3480 3589 3647 3841 3960 4079 4106 4287 4390 4515 4529 4544 4740 4829 4865 5056 5192 5246 5282 5315 5363 5419 5495 5615 5776 5797 5812 5827 5901 6000 6110 6290 6490 6672 6856 6874 7072 7181 7311 7399 7490 7584 7643 7682 7713 7861 8028 8186 8373 8517 8651 8845 8904 9092 9155 9281 9329

13 64
255 504 680 856 1075 1326 1386 1583 1754 1863 1975 2108 2225

66 91
280 401 610 719 1070 1185 1489 1616 1765 2037 2366 2421 2506 2620 2838 3199 3391 3651 3831 4185 4229 4341 4638 4909 4932 5271 5475 5587 5790 5828 6191 6346 6569 6602 6773 6931 7000 7349 7598 7951 8000 8069 8412 8633 8805 8937 9121 9461 9810 10087 10168 10208 10467 10493 10752 10790 10826 10990 11119 11280 11384 11674 11796 11964 12295 12612

74 85
259 403 674 911 1106 1262 1470 1706 2044 2319 2485 2628 2807 2899 3182 3297 3491 3691 3952 4157 4419 4699 4929 5195 5525 5852 6105 6307 6482 6797 6922 7132 7410 7627 7868 8021 8351 8447 8741 8786 8819 8968 9154 9260 9377 9717 9916 9940 10234 10406 10725 10876 11048 11380 11409 11581 11610 11945 12262 12528 12663 12914 12947 13155 13495 13740 13902 14011 14072 14383 14512 14840 15124 15286

48 94
270 451 740 766 1051 1174 1484 1514 1543 1854 2169 2518 2858 3055 3214 3541 3775 3798 4155 4265 4300 4575 4908 5258 5631 5913 6227 6431 6596 6654 6907 6980 7011 7108 7158 7282 7599 7651 7800 7971 8242 8266 8338 8570 8889 9035 9358 9608

84 67
258 384 570 749 952 1217 1313 1461 1662 1866 2008 2174 2272 2443 2601 2775 3025 3263 3347 3493 3607 3784 3812 3940 3973 4098 4312 4395 4598 4839 5049 5313 5365 5422 5502 5685 5854 6106 6137 6236 6484 6575 6840 6934 7134 7234 7272 7485 7564 7816 8083 8351 8570 8791 8924 9008 9124 9173 9268 9517 9544 9604 9798 10023 10040 10142 10160 10324 10428 10534 10703 10940 11180 11360 11597 11703 11742 11941 12072 12318 12577 12769 12918 13057

60 18
54 120 177 205 250 285 350 399 437 447 509 564 575 618 685 726 794 825 848 902 937 985 1039 1083 1153 1218 1243 1309 1326 1333 1351 1392 1446 1498 1514 1551 1563 1633 1660 1693 1735 1761 1800 1868 1935 2001 2006 2067 2110 2129 2149 2191 2229 2283 2331 2357 2377 2392 2416 2462

35 96
92 184 283 648 1015 1048 1329 1538 1913 2025 2409 2793 3101 3246 3488 3824 3886 4052 4108 4156 4456 4608 4873 5131 5241 5377 5706 6057 6224 6526 6640 6887 7245 7623 7851

2 67
20 216

50 76
227 450 573 690 722 806 1049 1234 1413 1515 1648 1802 2034 2296 2413 2499 2642 2670 2769 3063 3201 3354 3424 3447 3574 3848 4047 4079 4122 4179 4205 4298 4396 4670 4961 5175 5289 5484 5543 5844 6027 6216 6283 6383 6687 6818 6914 7215 7368 7451

2 61
22 135

15 13
29 56 94 114 156 194 227 276 291 295 322 358 395 435 466

9 75
183 254 527 703 744 1015 1229 1310 1501

4 9
30 54 78 109

