7
57 40
57 190 245 264 376 495 641 666 755 789 862 931 1071 1142 1179 1189 1312 1370 1495 1517 1575 1706 1846 1900 1971 2011 2150 2298 2318 2413 2433 2492 2537 2618 2778 2862 2911 3065 3137 3252 3341 3481 3521 3680 3830 3915 3982 4017 4060 4198 4298 4413 4479 4619 4635 4762 4879

71 14
33 38 77 130 176 221 253 274 279 288 337 388 436 478 495 505 511 529 544 558 609 627 672 703 710 718 733 745 753 796 820 829 854 889 892 935 982 1000 1043 1082 1111 1128 1147 1166 1221 1273 1288 1306 1317 1357 1373 1401 1410 1464 1517 1530 1564 1594 1640 1685 1690 1723 1742 1763 1775 1812 1832 1862 1870 1874 1887

51 28
17 98 141 219 228 315 423 476 519 612 708 755 842 950 1042 1099 1113 1125 1142 1226 1250 1338 1356 1420 1472 1508 1605 1703 1777 1869 1880 1895 1926 2028 2085 2131 2143 2198 2273 2333 2418 2509 2575 2597 2690 2801 2876 2977 2998 3054 3074

43 97
135 465 820 883 1118 1282 1358 1481 1653 1913 2117 2384 2722 3106 3218 3289 3623 3885 4165 4203 4426 4546 4597 4945 5009 5312 5461 5615 5995 6073 6227 6580 6842 6933 7270 7484 7813 8027 8266 8443 8499 8572 8867

20 17
62 66 101 128 143 178 191 251 274 325 378 441 505 571 596 613 646 691 704 769

71 48
140 179 194 378 441 533 639 797 875 1021 1161 1243 1361 1405 1440 1601 1738 1870 2045 2151 2279 2455 2611 2793 2964 3039 3211 3291 3483 3670 3711 3870 3883 4006 4079 4149 4287 4438 4609 4625 4654 4702 4811 4870 4902 5020 5139 5189 5243 5376 5435 5520 5559 5589 5717 5743 5757 5937 6057 6089 6243 6271 6305 6491 6505 6677 6729 6888 7037 7123 7315

18 3
9 12 18 18 22 22 24 29 36 36 44 54 57 65 65 70 73 78

