6
49 42
125 286 450 485 553 639 770 806 941 964 1099 1256 1266 1296 1381 1416 1500 1658 1703 1764 1919 1970 2079 2235 2289 2456 2591 2723 2758 2856 2888 3049 3099 3191 3338 3432 3498 3587 3739 3749 3868 3976 4049 4083 4231 4296 4445 4470 4607

69 19
8 39 51 78 121 134 198 222 248 263 297 306 341 387 446 459 533 569 580 653 718 745 786 830 877 929 989 1054 1107 1155 1206 1262 1335 1381 1416 1479 1488 1557 1595 1654 1689 1752 1768 1777 1839 1883 1893 1952 1958 2028 2056 2097 2129 2164 2223 2278 2341 2403 2423 2441 2494 2527 2555 2605 2617 2663 2724 2789 2824

23 98
127 184 461 491 658 943 1259 1300 1326 1539 1578 1966 2173 2198 2380 2730 2794 2872 3178 3238 3271 3580 3622

18 58
33 235 263 475 641 787 973 1141 1341 1479 1704 1846 1868 1894 2023 2190 2249 2439

12 30
35 119 159 192 304 335 397 416 467 508 601 646

69 35
87 139 158 224 251 360 394 445 478 544 566 594 636 655 719 788 907 917 1025 1150 1266 1384 1463 1559 1643 1715 1756 1816 1877 1945 2031 2050 2159 2185 2203 2268 2281 2369 2496 2587 2602 2658 2699 2829 2946 2955 3047 3077 3127 3171 3226 3279 3317 3339 3474 3595 3621 3655 3681 3738 3843 3867 3995 4129 4257 4292 4361 4425 4440

