40
93 48
27 128 140 250 364 488 663 717 864 952 1001 1192 1364 1392 1565 1662 1792 1917 1980 2155 2181 2289 2375 2487 2667 2722 2882 2951 3134 3184 3221 3304 3426 3505 3566 3708 3792 3903 4009 4168 4319 4445 4550 4695 4790 4841 5028 5142 5269 5375 5490 5639 5725 5779 5922 5995 6148 6201 6297 6385 6526 6657 6798 6882 7050 7101 7275 7372 7541 7632 7812 7979 7998 8013 8062 8231 8341 8523 8656 8672 8698 8881 8984 9076 9225 9293 9440 9506 9542 9690 9874 9975 10045

60 83
315 369 470 570 618 645 789 1062 1115 1411 1733 1753 1863 2195 2416 2437 2654 2707 2863 3167 3242 3439 3517 3715 4018 4342 4420 4636 4786 5081 5349 5532 5617 5886 5927 6168 6461 6564 6854 6959 7052 7358 7438 7519 7702 7784 8096 8211 8505 8787 9076 9309 9488 9806 10011 10168 10478 10698 10981 11192

48 38
13 75 145 270 418 441 500 619 644 790 896 981 1032 1059 1178 1291 1433 1576 1726 1780 1791 1814 1957 2022 2075 2207 2274 2300 2353 2494 2527 2638 2717 2857 2996 3066 3095 3163 3244 3370 3405 3504 3578 3680 3812 3927 4025 4107

66 72
225 470 536 811 989 1249 1402 1539 1819 1960 2074 2186 2221 2286 2324 2418 2530 2815 3018 3113 3179 3330 3530 3751 4032 4138 4157 4404 4650 4682 4910 4955 5227 5465 5493 5618 5735 5853 5873 6015 6266 6536 6586 6665 6781 6963 7059 7109 7303 7578 7617 7806 7975 8190 8473 8584 8745 8937 9191 9364 9549 9800 9945 10176 10438 10508

71 88
137 305 488 722 1067 1188 1322 1487 1772 2027 2195 2483 2582 2816 3104 3400 3551 3817 4107 4245 4542 4786 4900 4962 5166 5389 5430 5743 5805 6109 6341 6393 6429 6610 6833 6856 7013 7171 7207 7334 7622 7713 7793 7937 8163 8299 8481 8612 8647 8917 9060 9143 9282 9608 9875 10218 10421 10495 10807 10862 11214 11384 11494 11704 11807 11848 11894 12124 12386 12627 12712

60 27
98 154 252 310 381 390 469 496 542 611 697 766 800 828 914 955 980 1045 1064 1111 1203 1262 1332 1365 1464 1518 1614 1702 1756 1784 1883 1965 2027 2075 2132 2172 2207 2217 2244 2305 2354 2409 2505 2565 2661 2769 2850 2883 2960 2972 3035 3137 3225 3248 3296 3403 3505 3575 3639 3691

99 87
311 637 914 1017 1353 1656 1865 2134 2296 2473 2806 3081 3221 3307 3495 3718 3840 4181 4311 4415 4511 4698 5027 5320 5521 5765 6047 6133 6205 6482 6660 6838 6873 7183 7450 7668 8004 8044 8379 8509 8715 8753 9026 9318 9345 9383 9443 9757 9897 10223 10422 10652 10821 11125 11167 11422 11634 11978 12281 12585 12820 13157 13385 13498 13783 13818 14123 14438 14763 14839 14936 15000 15165 15500 15674 15780 15841 16032 16222 16313 16378 16600 16751 16907 16940 17108 17341 17398 17663 17847 18150 18427 18713 18977 19225 19250 19491 19628 19939

6 45
12 76 203 335 373 394

70 31
70 106 121 226 316 326 348 465 551 588 645 751 813 858 868 947 1070 1136 1252 1298 1341 1364 1480 1590 1669 1781 1872 1946 1975 2096 2132 2154 2195 2308 2386 2455 2573 2641 2761 2874 2974 3014 3031 3121 3171 3287 3344 3403 3494 3536 3591 3642 3699 3779 3889 4011 4101 4132 4163 4277 4289 4320 4385 4396 4506 4527 4647 4666 4779 4853

36 93
347 681 910 1132 1317 1654 1983 2189 2307 2611 2867 3232 3463 3629 3998 4278 4304 4395 4637 4938 5299 5536 5707 5991 6313 6409 6765 6791 6938 7143 7327 7474 7833 8113 8172 8432

56 28
99 145 155 244 263 315 385 472 496 556 612 685 782 893 927 935 1017 1035 1126 1140 1162 1244 1300 1408 1512 1577 1626 1661 1685 1794 1856 1964 2043 2136 2158 2262 2276 2382 2483 2581 2620 2690 2762 2792 2892 2998 3032 3069 3168 3238 3276 3357 3437 3447 3504 3530

57 54
200 390 480 625 664 716 791 832 881 918 1033 1123 1242 1291 1503 1564 1703 1904 1956 2024 2073 2216 2417 2605 2768 2798 2820 3008 3157 3326 3438 3498 3522 3614 3667 3850 3900 3986 4167 4344 4510 4613 4786 4969 5089 5121 5322 5368 5384 5550 5759 5831 5995 6017 6092 6180 6367

73 38
65 134 227 259 272 322 386 538 596 631 712 805 907 960 976 1124 1225 1316 1441 1489 1612 1726 1804 1822 1922 2005 2024 2106 2170 2276 2285 2421 2488 2629 2738 2837 2977 3051 3197 3256 3312 3378 3440 3565 3684 3802 3907 3948 4075 4150 4181 4282 4315 4436 4516 4634 4761 4864 4902 5029 5039 5075 5212 5270 5303 5335 5344 5467 5589 5696 5806 5919 6058

90 68
234 416 531 567 586 760 783 986 1162 1182 1278 1408 1468 1587 1645 1778 2043 2148 2400 2587 2664 2749 2867 3120 3290 3484 3741 3833 4049 4263 4332 4564 4806 4948 5040 5178 5412 5660 5872 6108 6224 6408 6556 6783 6843 6972 7118 7355 7448 7508 7565 7783 7853 8026 8160 8339 8572 8801 8912 9053 9123 9340 9446 9632 9878 9984 10162 10308 10391 10497 10613 10853 10962 11062 11162 11192 11315 11531 11688 11836 12038 12063 12254 12374 12464 12625 12894 13085 13233 13363

94 11
20 64 97 114 119 139 172 213 253 275 278 283 314 326 369 404 440 459 461 467 486 521 543 578 595 602 628 667 675 708 735 759 768 789 809 834 857 869 879 882 918 946 965 986 994 1033 1053 1086 1101 1107 1118 1128 1157 1168 1208 1230 1253 1255 1262 1277 1307 1327 1366 1372 1376 1391 1434 1444 1467 1492 1512 1555 1562 1571 1577 1600 1629 1638 1676 1708 1744 1760 1796 1829 1846 1853 1872 1911 1914 1940 1975 2000 2042 2047

58 66
118 347 530 710 902 1157 1207 1255 1484 1582 1632 1739 1839 1876 2113 2270 2424 2518 2707 2776 2943 3130 3288 3547 3700 3844 4019 4126 4341 4583 4621 4802 4975 5032 5115 5369 5526 5633 5711 5863 6002 6255 6368 6389 6453 6481 6741 6870 6901 6942 6973 7002 7020 7134 7269 7449 7710 7784

4 4
12 18 28 44

44 83
262 554 610 913 1213 1261 1538 1596 1915 1992 2143 2450 2605 2921 3054 3363 3586 3898 4204 4249 4400 4452 4605 4702 4811 4876 4901 4950 5214 5251 5396 5492 5535 5818 6005 6191 6302 6387 6422 6457 6500 6729 6970 7226

32 80
258 402 424 719 961 1038 1155 1327 1492 1704 1859 2131 2191 2469 2518 2798 3012 3049 3261 3384 3441 3577 3638 3687 3827 3870 4177 4200 4244 4331 4508 4821

56 87
346 585 676 1012 1073 1243 1275 1515 1676 2022 2175 2219 2379 2636 2736 3038 3341 3458 3754 4032 4124 4168 4472 4669 4757 4903 5079 5238 5455 5725 5747 6027 6068 6191 6436 6737 6807 6828 7141 7238 7352 7684 7889 8179 8376 8496 8530 8726 8882 9027 9236 9443 9715 9848 10130 10460

95 35
124 210 346 404 460 521 634 757 766 812 895 1020 1055 1171 1199 1286 1322 1371 1402 1514 1601 1615 1667 1702 1713 1806 1915 1942 1963 2067 2081 2121 2173 2181 2231 2273 2321 2433 2518 2652 2734 2758 2841 2873 2978 3052 3120 3190 3305 3384 3513 3577 3653 3750 3879 3984 4065 4130 4258 4282 4347 4369 4402 4461 4509 4584 4593 4667 4679 4703 4787 4835 4927 4993 5002 5044 5183 5302 5369 5377 5517 5645 5741 5822 5947 6035 6124 6158 6181 6318 6419 6442 6456 6514 6652

47 74
50 251 423 570 740 1036 1328 1387 1549 1809 1841 1981 2267 2383 2412 2469 2704 2824 2906 3119 3233 3473 3586 3739 3985 4269 4351 4599 4732 4874 4972 4999 5245 5483 5514 5732 5751 5896 6125 6352 6514 6563 6755 6981 7247 7435 7609

74 72
183 291 515 579 700 849 1105 1177 1403 1662 1845 1967 2191 2458 2643 2731 3015 3065 3301 3326 3597 3817 3932 3993 4186 4462 4642 4777 4971 5100 5288 5440 5504 5667 5745 5851 6093 6368 6450 6721 6864 7016 7102 7297 7540 7641 7817 7934 8145 8380 8427 8472 8575 8835 9073 9233 9466 9609 9736 9869 9982 10081 10304 10472 10560 10816 10961 11166 11260 11401 11660 11710 11861 11935

58 2
8 10 17 24 31 35 35 41 41 48 55 58 61 62 67 71 76 83 85 88 96 98 106 108 108 110 116 123 128 133 133 135 143 151 158 159 167 172 176 178 186 187 187 190 191 194 198 199 201 208 215 220 226 226 231 235 236 244

24 24
91 142 205 259 344 364 382 391 412 475 513 542 557 622 693 781 793 872 884 957 970 1036 1082 1106

10 35
112 193 221 246 350 378 443 468 486 560

80 16
6 45 84 91 104 128 163 167 217 245 286 345 375 423 481 537 599 616 649 670 689 706 757 772 826 872 912 961 1013 1037 1071 1077 1106 1131 1136 1158 1176 1196 1238 1260 1301 1334 1356 1371 1381 1443 1493 1540 1556 1610 1632 1684 1702 1711 1730 1775 1780 1791 1838 1868 1903 1946 1969 1996 2018 2071 2122 2162 2202 2228 2254 2295 2341 2371 2387 2449 2499 2520 2551 2565

85 93
127 480 746 838 892 1170 1346 1643 1775 1809 1837 2042 2078 2274 2576 2659 2825 3097 3215 3510 3559 3634 3927 4122 4315 4563 4833 5025 5110 5408 5443 5681 5911 6175 6239 6426 6746 6966 7253 7604 7882 8204 8277 8445 8544 8880 9089 9387 9456 9593 9916 10072 10386 10489 10607 10843 11166 11297 11425 11750 11782 11943 12089 12144 12409 12668 12988 13183 13356 13548 13664 13767 14065 14299 14420 14634 14873 15162 15364 15394 15598 15692 16045 16099 16414

3 14
14 26 36

14 52
31 154 272 442 498 560 642 836 951 1004 1074 1231 1313 1438

98 13
17 68 108 150 192 222 231 237 242 252 274 277 311 357 386 420 423 460 481 510 548 583 592 620 640 667 670 679 704 753 794 798 804 824 845 895 938 990 1033 1045 1054 1062 1098 1112 1117 1130 1143 1177 1224 1233 1255 1263 1301 1332 1354 1370 1389 1438 1480 1501 1528 1551 1599 1608 1650 1702 1722 1750 1797 1820 1862 1873 1899 1931 1955 1976 1992 2005 2041 2084 2105 2111 2141 2159 2181 2190 2209 2254 2302 2350 2391 2423 2439 2480 2499 2540 2563 2608

32 68
266 314 446 558 683 840 967 1230 1423 1469 1539 1598 1624 1859 2038 2138 2176 2220 2343 2596 2811 3015 3155 3425 3509 3630 3874 3900 4073 4282 4528 4689

81 17
37 43 90 157 197 259 325 377 435 461 520 578 642 691 748 787 799 853 894 950 999 1047 1081 1134 1151 1208 1232 1253 1296 1361 1391 1445 1493 1551 1616 1681 1748 1771 1797 1864 1873 1934 1961 2009 2022 2084 2091 2097 2119 2129 2134 2150 2178 2205 2225 2290 2300 2328 2371 2431 2436 2479 2484 2530 2556 2576 2626 2691 2750 2781 2836 2901 2909 2941 2950 2960 3007 3075 3106 3165 3204

57 29
41 54 77 94 131 229 337 418 530 628 653 750 774 788 878 977 1080 1162 1240 1294 1379 1467 1566 1622 1657 1750 1841 1871 1933 1985 2087 2122 2134 2199 2207 2268 2329 2361 2419 2462 2516 2584 2626 2712 2819 2905 2923 2981 3063 3127 3168 3249 3313 3388 3502 3608 3691

90 83
255 315 455 726 829 951 1149 1446 1592 1681 1791 1890 1990 2215 2425 2630 2682 2813 2906 3189 3379 3539 3580 3700 3954 4275 4463 4538 4775 4999 5148 5229 5545 5678 5807 5934 6057 6208 6385 6467 6507 6539 6667 6883 6989 7150 7416 7739 7939 8170 8492 8688 8861 9114 9443 9529 9771 9990 10225 10424 10642 10780 11085 11105 11131 11445 11644 11754 11997 12117 12286 12410 12544 12659 12954 12992 13041 13251 13357 13649 13967 14040 14209 14424 14516 14829 15047 15093 15353 15685

34 71
241 266 403 666 926 1124 1261 1385 1570 1710 1866 2114 2161 2340 2484 2598 2742 2794 3039 3185 3448 3589 3698 3907 4088 4292 4319 4549 4790 5059 5195 5304 5434 5498

20 40
18 72 108 264 401 555 696 792 931 1059 1200 1265 1357 1508 1527 1615 1692 1847 1901 2040

53 61
144 325 522 754 919 1091 1112 1273 1463 1610 1799 1821 1969 2176 2356 2519 2615 2634 2815 2988 3173 3379 3481 3638 3739 3801 3951 4079 4236 4322 4533 4719 4820 4962 5090 5316 5449 5642 5789 5972 5997 6032 6071 6214 6233 6348 6495 6606 6801 7023 7056 7111 7304

54 3
6 10 17 21 28 28 28 31 43 53 64 67 70 73 83 92 93 104 109 119 122 128 140 152 152 161 169 177 182 190 194 202 213 223 225 225 233 240 248 257 268 273 280 282 284 284 292 297 304 314 323 331 338 343

28 46
77 244 294 315 425 555 593 657 668 812 968 1101 1167 1216 1333 1450 1515 1570 1660 1714 1898 1914 1957 2012 2176 2312 2428 2547

