30
30 94
164 413 655 993 1333 1653 1767 2093 2453 2650 2999 3091 3428 3544 3797 4121 4292 4594 4751 4816 5032 5255 5378 5613 5832 6118 6256 6434 6548 6723

90 37
67 138 246 331 477 534 605 690 776 850 891 1033 1099 1232 1297 1442 1523 1572 1654 1703 1784 1924 2016 2120 2207 2282 2390 2450 2527 2639 2764 2845 2865 2941 3085 3232 3246 3378 3412 3508 3517 3639 3717 3842 3911 3984 4080 4115 4187 4297 4345 4474 4616 4627 4650 4797 4865 4916 4969 5004 5143 5247 5277 5344 5412 5512 5644 5728 5849 5972 6057 6074 6195 6229 6343 6376 6397 6448 6539 6603 6619 6755 6824 6934 6998 7023 7114 7239 7326 7466

71 62
49 243 423 549 737 763 832 950 1065 1134 1283 1364 1425 1612 1634 1767 1802 2050 2274 2337 2514 2621 2859 3101 3197 3232 3385 3627 3716 3869 3935 4176 4325 4386 4429 4472 4670 4860 4886 5090 5132 5278 5362 5594 5817 6051 6206 6437 6673 6901 7134 7267 7414 7574 7646 7869 7996 8038 8268 8414 8601 8715 8933 9033 9148 9206 9449 9491 9730 9843 10009

97 68
133 219 400 534 770 856 958 1179 1237 1273 1513 1553 1728 1938 1975 2016 2227 2292 2314 2516 2553 2747 2933 3101 3365 3423 3443 3657 3701 3737 3802 3977 4186 4365 4604 4670 4933 5145 5200 5403 5622 5844 6083 6262 6349 6616 6869 6958 7043 7226 7360 7413 7444 7551 7716 7820 7956 8084 8157 8308 8413 8634 8885 8985 9106 9362 9538 9629 9816 9971 10181 10411 10674 10900 11142 11268 11462 11650 11766 11789 11808 11894 12010 12083 12240 12362 12400 12560 12768 12924 12982 13017 13252 13453 13694 13780 13854

20 69
39 113 303 534 691 895 1127 1200 1351 1592 1766 1954 2173 2392 2497 2591 2692 2843 2972 3080

26 47
88 184 359 405 539 631 644 779 829 840 855 965 1031 1189 1280 1351 1461 1577 1614 1797 1929 1981 2169 2309 2353 2403

87 31
93 106 166 266 279 340 355 432 546 654 777 786 882 934 1035 1054 1121 1158 1217 1286 1316 1379 1500 1608 1721 1751 1759 1804 1899 2010 2099 2149 2193 2210 2248 2283 2299 2318 2430 2450 2550 2639 2715 2788 2858 2962 3022 3118 3233 3271 3293 3400 3480 3523 3574 3655 3697 3745 3754 3850 3916 3945 4065 4116 4232 4338 4403 4512 4596 4706 4723 4777 4797 4839 4889 4982 5097 5140 5211 5304 5312 5426 5535 5549 5589 5696 5744

74 6
13 14 25 44 51 74 84 102 117 120 126 147 155 159 182 200 204 219 238 245 269 276 291 297 315 339 354 355 375 396 405 425 429 439 456 469 483 506 512 531 538 542 559 575 579 582 596 603 623 629 633 647 655 675 680 682 693 703 710 716 737 741 752 760 767 781 782 798 799 820 822 841 843 862

41 78
207 395 497 614 666 797 1039 1095 1200 1367 1416 1564 1857 1913 2211 2509 2648 2672 2908 3197 3359 3564 3774 4025 4055 4365 4477 4538 4575 4760 4857 5050 5100 5279 5407 5464 5506 5601 5832 5987 6022

66 14
15 40 55 83 103 143 189 214 244 280 317 327 362 375 380 410 443 451 493 502 555 573 611 648 673 717 765 779 820 874 882 888 934 971 1027 1033 1037 1050 1105 1109 1125 1139 1183 1194 1216 1255 1295 1322 1363 1417 1472 1524 1554 1602 1608 1643 1674 1728 1780 1832 1867 1895 1911 1940 1976 1989

79 81
175 394 471 651 879 1062 1202 1454 1534 1768 1846 1992 2166 2308 2577 2784 2949 3172 3282 3470 3640 3844 4065 4181 4410 4487 4574 4888 5017 5118 5235 5285 5550 5750 6070 6376 6620 6875 7051 7112 7372 7419 7720 7968 8068 8307 8374 8623 8789 9103 9413 9595 9814 9955 10227 10473 10535 10802 11104 11325 11591 11726 12014 12134 12325 12494 12653 12803 13008 13076 13222 13287 13471 13563 13804 14090 14264 14440 14679

52 52
43 198 377 405 427 442 456 480 658 699 826 841 1020 1112 1278 1301 1404 1563 1632 1743 1920 2024 2150 2264 2290 2389 2421 2587 2695 2773 2876 2924 3046 3061 3176 3246 3301 3326 3341 3491 3608 3742 3939 4134 4204 4399 4429 4577 4711 4735 4807 4863

42 70
21 239 435 576 784 927 1124 1166 1323 1418 1439 1585 1798 1921 2106 2240 2488 2728 2912 3060 3244 3383 3555 3708 3850 4122 4139 4247 4376 4544 4640 4854 5134 5382 5645 5670 5759 5829 5950 6010 6285 6490

67 96
278 606 663 846 1200 1546 1595 1966 2120 2330 2470 2575 2880 2923 3113 3432 3508 3800 4108 4281 4317 4566 4809 4923 5222 5368 5625 5673 5871 6142 6310 6384 6649 6951 7142 7504 7880 8203 8409 8684 9060 9384 9752 10132 10347 10507 10621 10742 10860 11108 11182 11381 11469 11664 11763 12100 12272 12460 12717 12813 13079 13126 13453 13677 14001 14266 14296

100 44
68 209 377 524 666 834 973 1063 1151 1169 1241 1300 1475 1530 1685 1754 1925 2035 2190 2352 2440 2571 2655 2699 2732 2819 2955 3050 3173 3289 3358 3522 3636 3673 3777 3803 3836 3929 4042 4124 4261 4430 4463 4620 4723 4743 4893 4984 5011 5169 5187 5235 5408 5517 5677 5697 5767 5871 5925 6020 6091 6154 6240 6390 6482 6567 6740 6774 6863 6942 6967 7094 7138 7222 7348 7492 7531 7625 7742 7840 8015 8053 8086 8098 8153 8233 8369 8444 8465 8585 8692 8833 8912 9051 9108 9198 9211 9251 9294 9314

46 42
160 258 362 418 557 641 789 850 970 1114 1215 1319 1483 1515 1638 1653 1713 1821 1950 2013 2031 2157 2213 2345 2382 2512 2604 2683 2697 2734 2849 2926 3070 3212 3263 3323 3377 3519 3537 3601 3707 3762 3811 3906 4024 4108

63 60
28 96 165 331 434 643 882 1087 1140 1343 1366 1568 1651 1822 2046 2088 2320 2484 2666 2777 2890 2968 3062 3219 3326 3547 3629 3717 3953 4058 4274 4488 4635 4750 4897 5113 5294 5402 5593 5667 5898 5917 6036 6262 6424 6653 6837 7059 7297 7436 7454 7683 7739 7970 8090 8124 8285 8474 8525 8635 8851 8917 8958

81 95
263 288 457 529 902 1154 1474 1800 1877 2164 2460 2545 2916 3076 3376 3672 3792 3877 3921 4284 4629 4793 4941 5085 5464 5713 5842 6172 6360 6388 6506 6877 6984 7008 7269 7408 7519 7717 7780 8159 8333 8604 8853 9134 9295 9411 9790 9976 10273 10365 10598 10753 11051 11332 11494 11663 11993 12342 12415 12779 12967 13112 13181 13207 13344 13643 13756 14103 14439 14465 14731 15043 15180 15253 15345 15427 15475 15628 15946 16226 16417

2 56
113 181

65 68
101 148 172 358 484 680 921 1143 1293 1420 1493 1671 1824 2037 2192 2248 2428 2627 2796 2945 3087 3113 3176 3200 3388 3627 3876 4057 4328 4439 4710 4874 5048 5141 5410 5519 5730 5858 5879 6058 6177 6371 6500 6671 6802 6934 7027 7134 7338 7462 7691 7866 7976 8197 8362 8393 8625 8845 8869 8893 9108 9327 9519 9614 9756

15 57
86 217 235 357 498 596 789 810 834 950 1170 1296 1474 1522 1695

63 1
3 6 9 11 14 16 19 20 21 21 24 27 28 30 33 34 35 36 38 38 38 40 43 45 46 46 46 50 53 56 59 59 60 64 64 66 69 73 77 79 82 84 85 89 90 93 94 98 100 102 105 105 109 112 114 114 117 120 121 124 127 131 134

26 12
16 37 65 85 107 151 159 164 196 235 269 293 323 368 377 387 394 401 404 417 463 490 503 545 577 607

9 71
105 318 520 800 1031 1122 1292 1554 1684

22 10
6 45 68 107 113 127 143 146 148 188 218 226 262 294 303 310 319 331 358 361 379 385

98 27
15 79 187 295 323 353 377 413 512 530 567 631 637 682 765 862 930 971 1013 1055 1116 1192 1298 1320 1413 1472 1545 1640 1686 1771 1864 1876 1983 2044 2091 2173 2191 2227 2317 2377 2454 2474 2564 2672 2680 2788 2810 2837 2915 2933 2946 2955 3012 3100 3113 3204 3278 3383 3394 3491 3568 3601 3643 3675 3688 3782 3868 3912 3987 4093 4159 4214 4300 4408 4473 4484 4519 4610 4617 4643 4684 4768 4810 4857 4896 4918 4984 5018 5088 5188 5242 5333 5352 5453 5506 5525 5584 5690

49 10
36 58 72 107 141 175 197 201 223 229 244 251 256 258 270 281 299 332 357 390 411 428 451 457 474 514 532 537 553 583 615 625 665 671 677 717 722 733 749 755 771 780 802 819 858 888 902 938 969

94 29
95 138 222 280 314 385 441 529 546 569 624 738 788 850 898 935 972 995 1026 1113 1208 1298 1338 1409 1484 1568 1658 1674 1762 1807 1824 1838 1873 1891 1928 1956 1974 2035 2065 2179 2189 2209 2224 2249 2330 2344 2453 2556 2621 2666 2753 2795 2883 2966 3073 3128 3221 3231 3240 3270 3351 3360 3406 3465 3581 3661 3746 3772 3877 3967 4052 4085 4169 4177 4219 4250 4327 4397 4468 4573 4685 4735 4754 4766 4874 4933 4992 5071 5143 5173 5275 5368 5455 5504

62 6
23 35 41 64 67 78 94 110 130 152 176 186 210 212 222 235 258 273 278 295 313 330 346 368 384 385 390 407 430 449 459 483 492 499 517 522 523 532 556 568 583 586 610 620 624 646 665 682 699 712 727 747 762 770 782 793 798 822 831 841 857 875

9 84
173 221 514 601 646 970 1178 1254 1569

