43
22 43
78 190 279 382 527 590 693 796 840 856 913 979 1058 1212 1260 1386 1471 1569 1733 1803 1939 2088

48 92
166 484 610 911 945 1044 1185 1227 1569 1668 1834 2065 2309 2345 2466 2623 2862 3007 3208 3374 3446 3747 3927 4075 4345 4568 4707 4784 5079 5354 5693 5897 6139 6203 6501 6660 6921 6984 7151 7270 7400 7660 7935 8211 8517 8716 8821 9021

75 13
41 87 133 136 172 190 220 265 283 320 345 386 407 454 483 489 504 556 577 585 632 654 664 685 719 768 802 826 855 889 915 964 976 1011 1022 1072 1108 1138 1168 1201 1247 1286 1327 1371 1395 1447 1473 1501 1523 1551 1567 1617 1666 1701 1716 1756 1777 1809 1812 1837 1883 1886 1911 1937 1961 2007 2058 2080 2121 2170 2196 2223 2247 2276 2297

64 100
385 631 973 1136 1274 1645 1756 1912 2006 2061 2280 2336 2508 2546 2879 3016 3259 3544 3733 3894 4045 4257 4529 4766 4954 5252 5548 5796 5842 5890 6242 6433 6540 6694 7065 7095 7430 7701 7830 7890 8005 8097 8265 8653 8965 9250 9627 9766 10156 10252 10387 10425 10698 10920 11161 11534 11931 12277 12310 12666 12845 13030 13071 13168

79 39
130 232 359 510 572 703 777 855 933 1017 1147 1272 1386 1511 1653 1729 1793 1947 2019 2145 2237 2299 2337 2460 2512 2638 2654 2733 2777 2891 2900 2984 3037 3139 3212 3309 3334 3390 3483 3528 3552 3655 3790 3812 3964 4059 4183 4195 4299 4355 4383 4455 4473 4482 4592 4612 4635 4708 4730 4857 4918 5041 5106 5163 5282 5412 5523 5666 5716 5735 5883 5974 5989 6113 6200 6245 6344 6425 6523

12 58
75 235 464 670 727 810 882 931 1053 1281 1458 1505

87 9
21 33 38 52 73 106 114 126 141 149 176 212 242 245 256 269 282 285 319 333 366 383 389 400 408 424 449 466 487 506 513 532 557 572 595 612 648 675 697 715 728 741 762 794 811 818 829 862 866 883 918 943 973 1001 1008 1028 1063 1089 1107 1116 1124 1138 1152 1159 1192 1195 1210 1238 1265 1279 1289 1315 1343 1368 1389 1401 1410 1421 1448 1480 1499 1532 1560 1588 1604 1610 1621

47 88
216 358 412 714 954 1182 1405 1711 1947 2038 2357 2694 2925 3245 3417 3718 3917 4263 4560 4903 5007 5199 5280 5482 5520 5719 5944 6077 6178 6423 6741 7019 7297 7418 7704 8055 8109 8165 8512 8680 9016 9076 9346 9444 9700 9730 10012

33 85
290 556 617 902 1078 1189 1295 1430 1509 1570 1810 1933 2057 2169 2441 2646 2790 2918 3011 3211 3478 3702 3847 4175 4285 4606 4758 4996 5061 5091 5280 5335 5598

69 71
259 425 474 533 811 840 1077 1246 1404 1625 1690 1819 2100 2245 2440 2612 2886 3031 3075 3279 3407 3501 3524 3778 3995 4143 4405 4502 4662 4738 4908 5156 5228 5422 5575 5761 6016 6269 6402 6493 6640 6668 6949 7091 7335 7417 7633 7726 8006 8204 8320 8527 8643 8891 9028 9208 9242 9423 9536 9708 9805 10073 10236 10273 10370 10468 10511 10578 10706

25 56
22 178 215 283 433 626 676 836 948 1148 1223 1385 1604 1776 1998 2133 2204 2300 2354 2527 2599 2714 2889 3086 3111

28 27
73 97 195 278 306 356 435 455 561 649 735 815 824 915 928 986 1094 1125 1202 1215 1313 1347 1455 1481 1532 1614 1648 1730

55 41
148 267 426 526 553 636 711 868 884 1025 1172 1193 1241 1391 1491 1559 1633 1664 1745 1765 1810 1864 2012 2046 2168 2282 2412 2518 2665 2740 2771 2928 3042 3097 3142 3194 3221 3263 3414 3532 3639 3743 3772 3784 3945 4049 4134 4262 4412 4436 4455 4512 4662 4801 4961

55 87
70 137 205 521 796 1102 1303 1358 1381 1683 2023 2139 2279 2378 2403 2655 2880 3121 3208 3229 3314 3535 3649 3681 3783 3822 4125 4217 4319 4352 4543 4573 4802 5042 5312 5365 5513 5739 5787 5951 6239 6503 6832 6951 7109 7321 7458 7732 7793 8042 8148 8455 8671 8759 9022

95 7
13 27 42 50 69 81 91 106 113 123 145 173 187 204 215 225 239 252 262 282 301 310 337 358 366 392 415 442 468 490 494 496 523 526 554 582 602 622 648 658 669 688 716 729 754 776 802 822 834 854 861 885 895 912 914 915 932 958 964 966 992 998 1020 1032 1037 1057 1069 1070 1076 1084 1093 1119 1132 1148 1153 1171 1185 1211 1220 1239 1245 1248 1250 1258 1280 1298 1323 1328 1355 1381 1404 1405 1429 1456 1461

84 3
5 10 11 17 17 21 24 30 42 43 46 53 62 63 71 79 87 97 108 112 124 133 145 155 155 167 168 174 183 186 195 205 208 214 216 226 228 240 246 254 256 259 268 273 278 283 284 291 291 297 300 307 318 326 338 343 343 347 347 347 356 358 360 360 361 372 373 381 392 402 411 421 426 426 436 441 447 459 470 473 475 479 485 490

39 74
165 212 342 520 801 1089 1231 1493 1557 1613 1876 1969 2132 2337 2382 2442 2684 2978 3039 3138 3296 3524 3818 3949 4102 4218 4339 4377 4612 4779 4950 5033 5075 5112 5333 5436 5455 5510 5540

76 67
179 213 344 607 629 664 863 981 1084 1233 1340 1586 1706 1833 1921 1963 2153 2223 2442 2667 2731 2957 3031 3240 3389 3641 3874 3898 3996 4172 4261 4495 4608 4791 4928 5046 5129 5236 5255 5330 5550 5771 5980 6066 6122 6181 6296 6455 6690 6946 7116 7197 7418 7443 7528 7578 7704 7790 7925 8063 8274 8413 8505 8603 8783 8956 8999 9194 9279 9435 9513 9630 9773 9791 9897 10110

41 1
5 9 13 13 14 18 19 23 26 28 28 29 33 34 34 35 35 35 38 40 44 48 49 49 50 50 50 53 56 59 59 59 62 64 66 68 70 73 76 78 79

4 62
28 198 415 553

17 39
119 269 420 525 653 680 760 904 1008 1039 1142 1174 1316 1344 1485 1563 1643

3 14
9 31 83

47 24
66 105 151 239 303 316 336 413 474 560 626 703 744 833 851 914 950 975 1029 1047 1119 1147 1153 1249 1276 1315 1344 1366 1446 1478 1513 1604 1675 1722 1809 1868 1897 1927 1989 2066 2093 2156 2225 2235 2312 2357 2443

89 62
183 253 321 418 580 802 1021 1199 1255 1486 1655 1747 1967 2090 2161 2267 2305 2465 2666 2819 2976 3198 3289 3346 3511 3573 3681 3762 3979 4092 4210 4357 4558 4708 4762 4947 5110 5160 5370 5560 5743 5897 6063 6293 6403 6506 6589 6759 6881 6955 7168 7217 7402 7526 7648 7718 7745 7782 7807 7883 7980 8151 8199 8253 8314 8398 8571 8700 8873 9015 9065 9206 9343 9541 9786 9858 10062 10130 10290 10531 10574 10601 10813 10960 11110 11218 11396 11631 11684

62 16
49 55 92 107 154 202 229 238 296 326 358 362 406 432 464 511 549 554 560 605 644 652 674 706 737 763 813 846 898 952 972 1032 1081 1132 1169 1201 1234 1290 1320 1338 1361 1405 1436 1484 1511 1541 1569 1616 1643 1689 1743 1787 1793 1815 1844 1863 1892 1917 1925 1986 2041 2092

94 24
43 59 142 156 193 264 312 362 404 435 471 561 605 645 676 735 777 794 889 936 1019 1062 1096 1157 1245 1254 1338 1424 1489 1512 1586 1606 1635 1714 1763 1785 1840 1931 1987 1995 2053 2080 2126 2155 2250 2331 2366 2375 2451 2515 2578 2619 2630 2680 2774 2833 2858 2901 2964 3055 3074 3142 3161 3246 3292 3368 3416 3455 3529 3543 3624 3714 3787 3843 3854 3886 3952 3960 3985 4035 4109 4148 4229 4289 4332 4372 4456 4486 4497 4543 4587 4681 4701 4721

9 49
87 136 240 385 438 488 598 673 838

96 2
2 10 17 20 21 27 28 29 36 37 41 48 53 54 62 68 71 76 78 81 83 85 88 88 90 91 96 99 107 112 114 121 121 124 124 124 131 137 145 149 151 151 155 163 165 165 169 171 179 181 183 185 191 193 196 204 209 212 213 217 219 221 227 230 235 235 241 245 245 251 257 265 266 268 275 278 280 286 291 294 300 302 307 314 320 324 326 332 338 344 345 349 355 362 370 378

85 2
3 9 11 13 20 20 20 28 31 36 42 42 44 46 54 60 66 74 78 85 85 89 95 99 104 112 118 121 123 129 131 137 142 145 145 145 146 150 153 156 161 168 171 176 178 186 190 196 201 201 207 214 219 227 230 231 233 240 248 253 256 263 268 273 280 282 286 289 295 300 302 302 303 310 313 320 327 329 331 332 332 338 344 349 350

67 54
111 236 364 481 519 632 847 1029 1176 1314 1383 1586 1604 1690 1896 2086 2272 2370 2472 2661 2759 2950 2980 2998 3085 3154 3214 3315 3359 3492 3647 3743 3890 3950 3969 4031 4138 4353 4522 4718 4862 5043 5174 5275 5439 5646 5692 5729 5807 5830 6003 6150 6333 6449 6500 6628 6661 6862 6918 6935 7019 7144 7197 7323 7431 7518 7716

77 4
13 18 33 34 50 54 56 70 79 93 97 104 107 112 125 136 140 146 158 169 185 192 203 209 211 212 222 226 242 252 254 262 277 283 294 296 301 314 327 335 341 344 352 359 375 378 388 396 405 407 417 429 439 451 460 461 462 477 492 504 515 518 523 539 543 557 562 566 579 592 599 613 621 631 647 662 665

4 35
59 129 229 259

28 41
96 237 364 460 563 657 697 858 961 1052 1147 1269 1398 1483 1635 1671 1682 1728 1760 1825 1965 2023 2128 2164 2320 2331 2491 2578

29 6
18 27 36 59 79 94 117 128 137 156 165 168 186 192 205 223 243 261 262 286 305 320 327 340 355 363 367 376 384

15 11
45 61 87 118 147 170 184 186 227 239 280 308 328 359 374

76 35
19 41 70 199 252 345 384 429 452 553 612 656 719 795 879 906 977 1079 1152 1237 1260 1279 1310 1347 1360 1462 1488 1619 1733 1768 1870 1928 1961 2082 2144 2200 2314 2418 2531 2544 2561 2570 2636 2649 2692 2723 2814 2949 3026 3160 3245 3270 3335 3372 3465 3502 3550 3634 3736 3783 3875 3971 4008 4103 4214 4269 4326 4447 4468 4574 4623 4719 4769 4825 4892 5000

15 5
20 36 46 48 62 68 85 89 99 100 106 122 127 133 151

74 28
29 111 125 236 343 404 424 497 549 609 703 767 836 851 962 1058 1144 1255 1306 1408 1431 1441 1458 1569 1658 1739 1839 1911 1983 2087 2190 2227 2320 2329 2415 2453 2524 2537 2572 2652 2705 2715 2722 2743 2832 2883 2919 2970 3029 3099 3208 3283 3390 3430 3452 3465 3564 3612 3692 3770 3777 3862 3875 3902 3972 4054 4090 4128 4168 4230 4269 4295 4383 4473

12 4
9 13 18 21 28 42 54 55 59 63 75 78

33 63
55 124 153 364 399 614 663 884 1093 1119 1262 1417 1497 1559 1776 1895 2059 2211 2418 2537 2651 2774 2975 3009 3035 3083 3262 3380 3435 3473 3507 3679 3881

3 89
344 371 709

36 3
3 5 5 7 19 28 36 40 48 55 67 68 73 81 89 100 100 102 103 115 126 134 135 146 158 164 172 180 186 186 193 201 205 210 218 224

87 76
174 469 733 904 1162 1330 1497 1723 1855 2083 2260 2307 2444 2641 2887 3019 3120 3203 3427 3644 3815 4037 4336 4540 4828 5056 5075 5138 5211 5369 5544 5602 5689 5709 5730 5992 6289 6527 6712 6984 7225 7365 7432 7712 7878 8008 8146 8394 8492 8537 8785 8861 9134 9369 9436 9562 9621 9819 10047 10234 10412 10461 10501 10654 10905 11209 11357 11656 11706 11871 12115 12184 12233 12322 12589 12710 12879 13129 13202 13394 13534 13713 13931 14218 14397 14418 14711

