21
6 84
329 446 710 1046 1140 1342

61 77
222 395 465 614 919 1090 1257 1507 1666 1735 1951 2104 2135 2262 2425 2679 2942 3158 3258 3326 3474 3532 3746 3900 3922 4006 4182 4466 4597 4838 5094 5250 5313 5511 5551 5835 6135 6398 6589 6676 6852 7146 7415 7455 7707 7730 7838 7873 8058 8183 8246 8458 8569 8662 8831 9050 9083 9338 9646 9863 10011

99 34
124 236 279 400 520 611 701 806 820 886 940 1007 1139 1148 1261 1375 1429 1546 1633 1717 1838 1877 1938 2074 2181 2298 2365 2489 2507 2571 2629 2647 2682 2780 2915 3008 3122 3227 3348 3358 3398 3409 3540 3673 3682 3721 3797 3867 3887 3925 3961 3991 4101 4202 4288 4395 4507 4524 4594 4626 4657 4708 4768 4826 4961 5072 5108 5188 5290 5372 5395 5464 5582 5598 5685 5817 5875 5937 5951 6047 6061 6171 6254 6340 6367 6450 6564 6591 6615 6659 6794 6862 6892 6960 7074 7194 7258 7366 7379

28 94
199 569 683 870 958 1332 1675 1863 1967 2339 2664 2920 2950 3087 3326 3683 3771 3820 4063 4091 4377 4432 4591 4825 5197 5345 5711 5749

64 29
16 53 87 107 205 247 302 349 445 505 561 582 681 772 888 998 1107 1155 1187 1220 1257 1308 1420 1492 1588 1652 1702 1807 1919 2019 2114 2122 2206 2227 2245 2310 2335 2428 2507 2597 2655 2767 2821 2899 3003 3027 3128 3169 3253 3310 3319 3424 3488 3563 3602 3661 3704 3722 3821 3879 3909 3934 3958 4063

62 67
132 367 553 600 633 879 1001 1259 1488 1540 1703 1932 2190 2425 2515 2635 2785 2844 2869 2986 3143 3245 3413 3476 3584 3721 3884 3921 4184 4216 4372 4400 4603 4630 4891 5153 5217 5426 5480 5586 5823 5999 6249 6401 6538 6792 6925 6995 7133 7295 7311 7563 7684 7850 7974 8231 8347 8494 8668 8855 8993 9161

11 86
221 442 689 995 1226 1332 1567 1693 1908 2099 2250

24 88
56 85 252 409 546 830 1182 1337 1681 1868 2137 2275 2599 2790 2912 2952 3250 3514 3829 4062 4156 4273 4353 4414

59 98
360 507 821 1091 1304 1532 1625 1713 2073 2121 2459 2654 2995 3031 3301 3657 3771 4123 4395 4758 5038 5292 5570 5850 6025 6342 6482 6850 7099 7243 7561 7742 7795 8102 8393 8487 8824 9087 9168 9224 9554 9647 9785 10039 10383 10628 11014 11397 11591 11828 11948 12279 12512 12760 12987 13178 13537 13677 14002

72 10
15 27 33 69 94 132 167 189 210 233 251 263 302 338 353 362 385 413 434 446 464 500 535 556 570 575 615 619 659 675 715 738 742 779 804 807 824 826 833 839 858 879 899 917 944 969 977 985 1018 1043 1071 1101 1136 1154 1187 1219 1236 1266 1281 1302 1324 1360 1377 1413 1435 1457 1470 1502 1518 1523 1556 1565

81 97
154 230 493 558 863 957 1019 1127 1512 1539 1893 2140 2484 2564 2825 2970 2995 3325 3597 3805 3938 4187 4480 4619 4887 5026 5244 5276 5636 5691 5810 5894 6233 6576 6776 6863 7078 7405 7493 7631 7762 8142 8234 8443 8672 8731 8803 9070 9170 9521 9669 9753 9857 9924 10062 10332 10678 10759 11115 11262 11333 11476 11688 11961 12145 12519 12613 12704 12731 13014 13227 13318 13689 13894 14113 14446 14673 15030 15178 15336 15480

80 13
51 102 137 158 171 223 247 276 297 343 369 419 436 448 489 506 542 550 571 600 637 649 671 720 770 775 793 821 827 872 923 933 959 972 1024 1027 1038 1083 1117 1157 1196 1200 1227 1241 1275 1319 1345 1364 1375 1381 1403 1424 1448 1452 1478 1511 1563 1587 1609 1649 1696 1700 1715 1729 1770 1794 1845 1874 1895 1899 1918 1937 1981 2026 2048 2063 2084 2119 2128 2158

80 90
107 240 485 654 851 1143 1264 1493 1542 1733 1951 2161 2515 2869 3172 3387 3524 3611 3946 4252 4403 4673 4733 4925 5199 5546 5807 5925 6078 6172 6253 6485 6713 6803 7032 7104 7447 7722 7846 8094 8386 8471 8743 8887 9036 9305 9369 9480 9615 9694 9801 10063 10401 10660 10785 11128 11458 11781 11806 12034 12172 12320 12361 12644 12922 13071 13144 13422 13666 13877 14061 14390 14683 14993 15287 15466 15711 15765 15840 16157

100 74
73 258 420 529 815 870 957 1028 1270 1394 1413 1585 1644 1768 1882 1965 2030 2155 2243 2267 2328 2602 2822 2850 3086 3105 3318 3432 3646 3773 3924 4147 4239 4261 4385 4482 4756 5045 5165 5213 5505 5645 5808 5957 6114 6133 6356 6611 6682 6756 7044 7192 7323 7539 7751 7970 8221 8416 8466 8747 8921 9165 9370 9563 9612 9816 9875 10151 10443 10478 10628 10775 10887 11006 11287 11321 11601 11724 11751 11914 12186 12322 12352 12593 12638 12745 13000 13182 13335 13567 13656 13782 14035 14205 14450 14473 14573 14675 14844 14916

15 3
12 17 27 31 33 33 33 43 47 51 52 54 55 55 66

31 92
82 204 452 535 785 1017 1318 1456 1516 1807 1944 2244 2533 2568 2805 2839 3156 3438 3613 3716 4050 4359 4632 4845 4895 5188 5549 5850 5968 6307 6546

76 94
141 479 740 1064 1363 1719 1778 2123 2391 2525 2587 2833 3141 3336 3618 3866 4138 4387 4584 4923 5094 5208 5256 5343 5532 5802 5976 6269 6413 6436 6727 6876 7190 7426 7597 7701 8007 8030 8344 8697 8981 9324 9684 9970 10096 10296 10646 10679 10795 11150 11316 11461 11727 12024 12326 12462 12500 12742 13036 13283 13350 13449 13795 14033 14404 14597 14961 15115 15201 15467 15788 16054 16384 16485 16790 16970

21 96
35 98 481 619 989 1205 1440 1499 1876 2220 2561 2762 3034 3239 3352 3402 3621 3673 3712 4053 4419

72 54
213 270 325 468 608 756 812 1007 1117 1304 1365 1556 1588 1767 1950 2154 2215 2350 2478 2526 2722 2938 3076 3222 3437 3461 3645 3740 3903 4015 4050 4106 4286 4314 4503 4669 4881 4972 5019 5199 5246 5355 5511 5689 5836 5852 6041 6054 6252 6348 6525 6697 6856 6993 7072 7270 7405 7489 7551 7588 7708 7921 8108 8268 8445 8484 8633 8668 8775 8790 8922 8944

14 89
162 259 307 532 768 1051 1266 1528 1801 2136 2180 2413 2485 2683

64 85
274 498 590 890 1009 1036 1075 1169 1332 1555 1668 1781 2001 2257 2429 2511 2763 2873 2934 3127 3175 3272 3513 3733 4040 4115 4231 4349 4494 4555 4767 4877 5042 5361 5643 5756 6046 6217 6304 6342 6407 6696 6846 7180 7214 7514 7768 7818 7893 8206 8512 8620 8791 8992 9199 9391 9433 9666 9725 9747 9853 10042 10163 10392

