29
5 100
288 360 479 803 982

3 36
55 66 128

27 77
92 208 502 773 962 1213 1258 1360 1508 1528 1809 1979 2185 2306 2454 2691 2906 2963 3121 3272 3516 3537 3808 4081 4134 4262 4488

80 38
74 222 280 365 401 482 603 630 675 716 840 991 1043 1126 1185 1279 1429 1469 1489 1538 1558 1642 1652 1681 1832 1922 2031 2052 2162 2286 2299 2380 2430 2481 2584 2652 2741 2845 2966 3055 3080 3100 3235 3288 3436 3542 3661 3692 3796 3874 3929 3958 4022 4113 4138 4278 4341 4426 4570 4661 4787 4897 5005 5080 5143 5209 5332 5362 5437 5473 5531 5606 5623 5733 5816 5885 5912 5994 6099 6196

6 30
34 41 126 165 284 302

60 23
53 77 85 135 169 188 273 353 436 455 523 589 607 629 663 676 744 773 805 875 891 969 997 1017 1029 1074 1142 1227 1258 1291 1350 1407 1493 1572 1609 1684 1737 1755 1767 1793 1848 1937 1982 2041 2049 2058 2137 2162 2216 2254 2340 2390 2429 2448 2489 2527 2546 2637 2672 2712

52 12
30 75 97 123 126 142 165 200 235 261 271 311 357 374 402 411 457 501 531 562 576 579 606 649 654 701 705 734 739 743 778 797 830 849 884 932 966 998 1019 1036 1060 1064 1107 1122 1133 1147 1188 1235 1244 1273 1302 1348

56 70
61 149 412 483 557 787 1063 1331 1476 1539 1587 1667 1708 1846 2037 2160 2355 2564 2804 2946 3165 3407 3462 3742 3890 4042 4082 4193 4269 4301 4471 4705 4843 4883 5120 5236 5489 5754 5922 5972 6044 6233 6353 6603 6749 6793 7051 7277 7529 7723 7958 8099 8130 8250 8477 8714

63 91
134 198 370 490 806 1144 1208 1320 1447 1705 1777 1879 2120 2316 2639 2991 3053 3195 3326 3568 3864 4138 4260 4369 4446 4752 4848 4950 5279 5630 5875 5927 6066 6393 6492 6526 6759 6951 7167 7262 7322 7394 7417 7761 7980 8108 8267 8508 8784 8940 9266 9386 9445 9730 9822 9987 10253 10329 10594 10719 11056 11183 11407

65 19
18 60 94 137 190 220 252 297 366 373 447 515 540 560 608 618 645 679 703 751 756 807 854 893 926 964 1036 1101 1146 1162 1221 1225 1239 1311 1320 1340 1382 1431 1464 1506 1582 1611 1644 1696 1751 1767 1799 1868 1908 1944 1981 2018 2082 2090 2114 2159 2184 2207 2260 2333 2337 2376 2439 2476 2487

9 57
137 186 354 469 605 728 911 935 1134

55 44
67 125 254 409 474 528 567 598 712 836 1003 1029 1176 1288 1391 1417 1464 1496 1602 1638 1806 1921 2034 2124 2153 2221 2289 2313 2451 2550 2606 2709 2837 2910 3082 3237 3400 3576 3738 3858 3876 3936 3985 4041 4181 4293 4462 4563 4659 4700 4713 4727 4805 4950 4961

50 83
115 189 370 687 782 1076 1241 1456 1762 2047 2182 2507 2728 2826 2959 3052 3247 3425 3501 3738 3905 4209 4428 4719 4847 4974 5253 5493 5784 5934 6106 6331 6446 6681 6998 7034 7121 7357 7377 7631 7691 7957 8162 8394 8687 8829 9123 9372 9690 9745

76 91
65 118 310 568 750 993 1280 1614 1735 1969 2252 2531 2659 2887 3151 3446 3528 3615 3955 4269 4420 4739 4820 4863 5124 5458 5810 6127 6236 6538 6819 7136 7167 7251 7294 7569 7704 7951 8277 8488 8657 8928 8982 9176 9336 9414 9682 9788 9860 10097 10358 10436 10633 10749 11038 11294 11356 11650 11834 11893 11937 12077 12123 12318 12522 12727 13012 13121 13299 13524 13817 13844 13880 14103 14169 14203

57 3
10 12 13 15 24 31 43 54 56 68 72 82 90 92 94 100 104 114 122 130 137 139 147 151 161 173 173 177 186 196 198 198 198 207 213 220 223 226 230 230 231 240 240 244 250 254 263 264 264 267 277 289 289 298 303 311 322

42 92
211 274 444 689 784 1033 1264 1549 1907 2187 2264 2554 2725 2782 3103 3318 3553 3626 3917 4213 4419 4618 4731 5045 5259 5315 5504 5668 5888 6130 6483 6805 6920 7074 7318 7645 7931 8236 8484 8639 8682 8763

36 2
7 12 12 20 20 27 27 28 36 44 52 54 61 69 69 69 73 79 85 92 99 101 105 108 114 122 127 134 140 145 151 152 155 161 163 171

60 99
115 203 299 624 654 790 823 1083 1228 1335 1677 1782 2037 2302 2654 2808 3154 3324 3584 3617 3879 4265 4490 4791 5128 5357 5622 5787 6143 6515 6623 6933 7304 7433 7488 7607 7804 7945 8255 8346 8604 8938 9122 9334 9435 9521 9789 10140 10342 10704 10863 11114 11324 11393 11456 11652 11773 12124 12309 12647

30 82
55 86 278 327 644 955 1253 1300 1402 1707 1939 2231 2538 2774 3001 3202 3270 3429 3472 3634 3928 4139 4389 4511 4754 4888 5005 5063 5234 5444

100 17
15 60 125 189 231 236 257 321 382 433 484 541 582 644 690 697 719 774 832 868 927 967 1031 1072 1077 1136 1150 1214 1273 1305 1339 1401 1429 1433 1442 1456 1482 1486 1491 1538 1546 1551 1605 1662 1714 1779 1822 1841 1868 1885 1924 1928 1957 2016 2074 2093 2150 2168 2233 2256 2260 2267 2275 2293 2353 2399 2419 2456 2516 2532 2562 2614 2665 2689 2753 2821 2827 2867 2923 2982 3018 3084 3148 3208 3227 3276 3338 3401 3424 3467 3480 3501 3523 3557 3577 3605 3644 3702 3734 3755

59 39
57 155 199 274 363 510 609 646 736 833 965 1017 1169 1187 1297 1328 1367 1455 1532 1556 1643 1690 1794 1809 1935 1963 2026 2070 2163 2264 2275 2291 2327 2397 2515 2596 2636 2755 2771 2897 3050 3157 3236 3380 3486 3554 3564 3641 3732 3884 3980 4030 4134 4223 4287 4337 4396 4455 4482

80 63
35 258 375 390 638 871 1001 1147 1228 1364 1441 1476 1594 1616 1857 2051 2087 2297 2374 2504 2742 2816 2897 3120 3286 3359 3592 3755 4006 4156 4206 4311 4535 4676 4860 5108 5352 5554 5722 5933 5992 6059 6074 6229 6398 6420 6672 6712 6863 6988 7030 7243 7271 7489 7575 7802 7987 8209 8402 8453 8532 8573 8628 8685 8930 9071 9265 9452 9566 9655 9709 9748 9914 10038 10169 10382 10576 10747 10788 10997

6 68
179 203 410 482 517 538

29 29
93 200 224 313 331 420 455 512 565 573 631 729 791 840 950 1026 1041 1085 1149 1242 1277 1352 1412 1434 1466 1546 1654 1712 1724

96 71
51 279 399 540 601 678 846 1055 1188 1236 1384 1465 1667 1906 2178 2418 2650 2774 3009 3104 3183 3398 3486 3588 3733 3817 3929 4212 4251 4478 4596 4790 4927 5160 5316 5366 5486 5639 5879 6066 6297 6567 6806 6830 6856 6985 7051 7207 7231 7482 7745 7832 8060 8255 8441 8632 8691 8711 8864 8904 9033 9220 9484 9583 9641 9805 9938 10149 10215 10294 10357 10494 10769 10817 10918 11111 11382 11624 11665 11872 12050 12187 12248 12443 12473 12626 12855 13064 13085 13212 13416 13631 13685 13840 13938 14060

87 84
270 550 780 942 1268 1400 1494 1598 1622 1744 2018 2064 2399 2717 2980 3054 3103 3300 3337 3417 3488 3774 4036 4225 4489 4534 4809 5049 5338 5437 5704 5881 6124 6273 6360 6616 6814 7144 7204 7536 7740 7953 8033 8138 8362 8579 8617 8692 8992 9093 9276 9398 9538 9747 10063 10123 10324 10538 10840 10999 11329 11541 11689 11860 11928 11952 12221 12455 12528 12664 12978 13109 13439 13567 13903 14202 14477 14510 14561 14709 14863 15153 15351 15487 15541 15813 16083

4 70
60 135 247 522

21 6
20 32 50 54 78 96 118 124 137 145 161 163 167 184 203 226 234 236 253 270 283

98 12
21 35 52 85 93 128 135 175 220 235 281 290 321 343 380 424 430 478 502 542 560 605 622 634 644 648 687 716 764 799 833 844 853 880 925 963 1011 1014 1019 1064 1069 1097 1108 1112 1119 1145 1178 1183 1216 1252 1256 1270 1289 1300 1308 1315 1321 1357 1405 1438 1442 1445 1460 1475 1513 1553 1573 1586 1614 1631 1666 1669 1700 1733 1765 1772 1781 1814 1831 1854 1871 1908 1950 1954 1976 2019 2042 2063 2066 2084 2088 2121 2162 2169 2199 2218 2243 2275

