32
9 72
35 215 370 473 557 586 762 785 913

79 88
77 357 435 457 783 952 1207 1259 1610 1719 1923 1995 2089 2439 2491 2578 2766 2989 3183 3315 3501 3731 3998 4348 4500 4735 5034 5178 5530 5645 5691 5715 5902 6144 6365 6712 6839 7123 7176 7207 7525 7851 8189 8246 8396 8488 8836 9092 9260 9287 9612 9893 10015 10144 10213 10461 10524 10686 10762 11058 11312 11585 11636 11954 12227 12343 12609 12831 12918 13147 13474 13632 13740 13886 14201 14299 14578 14760 14938

33 46
21 51 133 274 397 447 470 546 653 774 890 912 969 1145 1300 1457 1590 1629 1775 1791 1960 2010 2060 2165 2246 2391 2465 2598 2697 2831 2942 3067 3234

79 80
198 486 648 668 745 806 983 1208 1238 1345 1658 1925 2009 2301 2566 2613 2662 2958 3196 3391 3642 3755 3942 4126 4350 4409 4637 4786 5041 5153 5444 5628 5806 5861 5902 6020 6234 6372 6513 6617 6649 6932 7143 7405 7663 7684 7712 7926 8044 8198 8436 8656 8912 9074 9105 9262 9542 9598 9643 9720 10026 10194 10348 10539 10754 10990 11142 11240 11270 11453 11599 11708 11859 11951 12041 12212 12327 12581 12697

82 82
65 215 360 680 966 1290 1310 1613 1710 1815 2106 2156 2188 2268 2494 2525 2665 2755 2917 3242 3538 3625 3699 3846 3988 4269 4441 4686 4820 4893 5051 5331 5453 5729 5870 6098 6128 6319 6478 6653 6727 6886 7200 7409 7715 7741 7951 8143 8306 8473 8511 8659 8718 8838 8922 9085 9147 9398 9716 9809 10132 10459 10736 10853 11173 11493 11719 11937 12174 12402 12549 12868 12969 13262 13402 13506 13722 13881 14028 14329 14397 14706

73 101
279 356 715 874 916 997 1219 1356 1710 2019 2172 2428 2530 2859 3025 3132 3275 3301 3388 3660 3716 3966 4208 4478 4792 4830 4892 5221 5562 5813 6057 6131 6374 6495 6655 6715 6987 7132 7445 7658 7777 7802 8081 8469 8731 8930 8996 9149 9497 9616 9829 9868 10110 10392 10685 10930 11175 11571 11730 12118 12334 12441 12586 12680 12880 12996 13212 13370 13501 13693 13774 13850 13971

51 53
184 203 369 408 552 679 741 783 933 1073 1117 1300 1336 1495 1532 1671 1864 1975 2001 2198 2216 2348 2540 2592 2681 2741 2926 2965 3112 3233 3317 3442 3568 3771 3883 3941 4091 4207 4329 4361 4509 4706 4880 5084 5285 5459 5644 5790 5889 6015 6109

60 21
11 87 140 145 162 222 284 345 374 426 467 525 583 656 682 707 782 865 932 985 1006 1040 1116 1180 1252 1278 1323 1389 1399 1460 1466 1515 1585 1645 1666 1734 1800 1862 1922 1980 2022 2102 2156 2231 2314 2394 2424 2442 2478 2551 2576 2638 2705 2721 2805 2829 2863 2907 2972 3024

27 82
141 326 429 522 609 737 1004 1154 1468 1786 2065 2321 2459 2761 2842 2891 2965 3239 3461 3768 3989 4163 4324 4502 4562 4783 4803

7 90
261 615 640 839 1167 1351 1644

58 13
11 33 36 39 74 112 123 140 165 184 209 235 253 294 307 325 343 377 406 420 434 481 491 499 529 546 562 578 614 644 656 700 743 764 805 837 879 916 948 987 992 1042 1073 1077 1123 1138 1180 1186 1189 1218 1264 1267 1290 1327 1352 1389 1427 1444

23 1
2 3 5 7 9 9 10 10 12 15 16 17 21 24 24 28 28 30 34 37 38 40 41

15 37
30 85 143 194 269 400 460 497 507 643 769 812 857 968 1018

8 93
133 375 705 1063 1115 1247 1479 1537

53 24
48 143 226 292 388 455 531 569 625 671 763 795 862 918 942 1013 1036 1132 1151 1160 1253 1334 1421 1517 1599 1620 1690 1764 1850 1863 1869 1899 1951 2042 2122 2185 2266 2326 2415 2423 2479 2532 2627 2654 2722 2795 2887 2914 3009 3029 3118 3186 3247

42 90
124 410 734 1060 1199 1304 1541 1676 1729 1980 2056 2413 2599 2624 2691 2758 3091 3327 3575 3614 3852 3979 4265 4623 4887 4958 5097 5429 5544 5698 5973 6222 6565 6846 7085 7165 7244 7423 7479 7634 7707 7855

24 30
111 230 331 343 441 480 581 682 754 813 845 875 911 989 1018 1054 1122 1229 1323 1333 1352 1397 1462 1552

99 101
367 538 668 1004 1375 1740 2043 2200 2406 2705 2986 3121 3485 3876 4178 4524 4618 4973 5367 5700 5802 5961 6229 6555 6908 7140 7429 7833 7892 8097 8184 8419 8788 9176 9493 9705 9948 10127 10526 10926 11274 11481 11860 12191 12483 12786 12849 13195 13345 13546 13936 14013 14132 14524 14835 15017 15393 15654 15741 15824 15852 15952 16252 16307 16498 16564 16768 17078 17394 17678 17718 18000 18078 18120 18512 18690 18969 19225 19363 19685 19961 20099 20257 20392 20667 20793 20844 20983 21028 21253 21286 21437 21616 21680 21831 22159 22247 22483 22627

8 67
206 447 537 693 744 929 1131 1207

35 48
80 151 219 237 404 489 557 675 688 753 894 1045 1145 1288 1420 1532 1644 1768 1922 1991 2048 2147 2307 2445 2502 2566 2715 2769 2872 3044 3113 3217 3273 3455 3535

97 70
238 399 433 583 659 685 955 1016 1187 1275 1315 1519 1756 1864 2089 2185 2387 2578 2695 2768 2974 3097 3175 3299 3485 3573 3844 3951 4176 4421 4469 4496 4554 4647 4826 4857 5119 5353 5456 5590 5673 5853 6126 6187 6419 6649 6838 7098 7121 7361 7444 7495 7659 7746 7802 7917 8025 8126 8303 8386 8653 8767 8789 8884 9055 9293 9478 9606 9847 9942 10165 10435 10574 10844 10947 11166 11428 11554 11711 11750 11970 12130 12300 12501 12719 12843 13080 13247 13509 13615 13784 13916 14078 14138 14217 14447 14663

48 22
48 62 127 201 238 316 350 358 409 495 577 590 628 669 737 804 865 893 941 987 1061 1142 1169 1244 1262 1314 1382 1411 1425 1458 1490 1533 1580 1636 1658 1670 1724 1801 1825 1844 1905 1934 2002 2087 2119 2163 2170 2176

58 34
39 93 110 237 265 380 500 621 748 851 968 978 1110 1187 1204 1237 1335 1380 1491 1576 1623 1672 1732 1826 1944 2049 2184 2314 2392 2499 2606 2714 2730 2780 2798 2887 2914 3006 3112 3163 3175 3252 3282 3381 3414 3465 3496 3582 3678 3787 3917 3955 4013 4089 4154 4257 4276 4332

16 95
43 99 354 734 893 1170 1280 1641 1935 2124 2451 2774 2963 3111 3372 3520

97 35
120 137 204 266 341 415 492 586 670 697 775 824 960 1015 1122 1169 1281 1410 1533 1668 1680 1743 1843 1891 1963 1989 2110 2216 2227 2291 2378 2433 2504 2643 2749 2851 2949 3068 3076 3185 3253 3384 3420 3495 3577 3644 3729 3739 3829 3926 4011 4114 4214 4337 4451 4487 4529 4636 4670 4682 4726 4847 4949 5009 5138 5245 5318 5367 5463 5576 5653 5743 5759 5784 5814 5949 5975 6008 6050 6094 6190 6227 6274 6318 6374 6417 6541 6680 6794 6883 6966 7056 7179 7311 7409 7523 7640

17 80
190 270 302 562 760 875 1139 1317 1487 1745 1925 2167 2418 2543 2803 3039 3179

38 26
15 56 124 222 244 282 360 445 465 569 629 659 690 717 727 828 845 930 950 1012 1099 1121 1142 1222 1292 1334 1431 1455 1533 1555 1638 1680 1726 1787 1879 1919 1960 1966

97 34
39 152 250 366 398 476 539 666 708 753 802 924 1002 1102 1121 1175 1260 1356 1369 1477 1580 1703 1739 1856 1920 1933 2030 2040 2169 2257 2365 2419 2550 2560 2648 2739 2795 2882 2959 3052 3087 3164 3230 3349 3477 3508 3524 3660 3792 3804 3856 3896 4010 4107 4115 4212 4302 4414 4481 4512 4543 4554 4615 4669 4789 4923 4971 4982 5026 5125 5169 5290 5317 5389 5450 5580 5638 5708 5730 5744 5860 5934 6002 6112 6233 6322 6436 6493 6531 6546 6603 6651 6743 6853 6868 6968 7077

11 39
101 180 198 272 309 387 433 570 649 803 937

47 47
99 262 277 457 504 515 565 701 712 867 889 1074 1248 1430 1554 1652 1825 1951 2080 2234 2345 2513 2670 2777 2927 2991 3078 3134 3300 3323 3359 3488 3645 3821 3839 3851 3999 4157 4177 4206 4298 4352 4471 4547 4665 4788 4933

83 40
60 173 316 388 469 516 632 685 754 826 970 1128 1266 1310 1395 1467 1590 1692 1748 1794 1808 1831 1934 2021 2112 2204 2331 2445 2573 2626 2749 2764 2906 3056 3085 3146 3175 3219 3314 3429 3511 3617 3748 3889 4026 4176 4259 4347 4367 4411 4480 4498 4618 4647 4677 4717 4834 4982 5048 5175 5258 5324 5444 5457 5604 5619 5664 5721 5845 5952 5969 6092 6204 6215 6370 6450 6481 6583 6672 6821 6831 6873 7012

91 3
13 25 28 28 40 46 52 54 66 77 86 86 93 100 102 114 124 127 131 132 133 137 137 148 156 167 174 174 177 187 192 198 209 220 228 228 236 236 240 249 257 257 258 269 279 291 298 308 312 316 326 330 339 347 350 362 364 369 375 381 389 395 400 401 403 404 407 414 425 433 443 453 462 466 472 473 482 487 493 503 514 520 532 537 539 548 548 555 562 562 566

