10
19 75
117 364 482 678 847 1079 1317 1567 1653 1852 1946 1979 2042 2162 2433 2706 2907 3206 3437

30 14
19 40 83 127 182 238 287 342 372 386 397 433 465 503 528 574 588 602 620 624 660 674 678 722 774 814 818 854 896 951

63 36
47 138 192 232 279 367 422 431 453 466 609 661 671 721 816 871 895 973 1106 1155 1271 1407 1448 1532 1603 1630 1764 1889 1978 2107 2162 2248 2311 2331 2424 2441 2577 2636 2752 2853 2897 2930 2966 3061 3103 3203 3347 3402 3482 3592 3689 3699 3724 3819 3935 3988 4036 4089 4146 4209 4339 4399 4517

15 10
34 58 61 85 97 105 112 138 140 142 152 166 197 208 217

41 95
339 682 890 1188 1419 1652 1961 2045 2233 2360 2412 2561 2937 3054 3144 3492 3668 3869 4161 4447 4531 4826 4939 5213 5367 5664 5735 5955 6121 6269 6501 6724 6940 7172 7213 7382 7724 7827 8086 8242 8276

40 50
99 129 157 299 399 565 716 759 959 1067 1239 1385 1533 1678 1764 1810 1985 2155 2277 2317 2421 2578 2724 2876 2989 3056 3237 3433 3621 3809 3849 3937 4135 4305 4457 4566 4762 4904 4992 5090

98 32
58 156 262 388 420 519 612 686 799 915 988 1097 1145 1161 1201 1249 1257 1359 1415 1529 1646 1750 1827 1853 1871 1934 2004 2065 2085 2122 2214 2275 2365 2409 2448 2468 2476 2556 2575 2621 2652 2725 2767 2880 2962 3013 3140 3239 3344 3468 3555 3662 3764 3876 3947 4064 4094 4149 4242 4306 4347 4391 4419 4437 4520 4630 4691 4793 4903 4976 5001 5024 5048 5174 5297 5312 5376 5424 5473 5519 5622 5701 5787 5849 5858 5936 5945 6040 6113 6224 6332 6403 6483 6546 6574 6591 6683 6800

25 77
256 374 533 574 636 829 1124 1418 1572 1855 2091 2206 2235 2292 2364 2442 2490 2638 2905 3071 3320 3370 3643 3769 3837

17 96
134 254 389 469 769 906 1208 1589 1704 1883 1919 2180 2552 2810 2888 3042 3358

12 85
112 373 523 809 838 963 998 1265 1481 1814 2037 2199

