17
66 93
79 224 513 596 656 798 907 955 1246 1309 1363 1671 1949 2153 2381 2564 2618 2849 2911 2983 3270 3361 3520 3753 4045 4319 4467 4560 4747 5019 5241 5489 5835 6128 6175 6220 6435 6726 7057 7231 7347 7616 7910 8154 8417 8775 8892 8963 9305 9613 9858 9904 10027 10285 10499 10558 10731 10947 11101 11138 11334 11406 11587 11825 12066 12219

80 46
16 52 228 360 518 570 683 865 997 1092 1267 1426 1452 1584 1665 1821 1926 2104 2278 2306 2436 2552 2727 2846 2866 2973 3119 3153 3305 3424 3515 3556 3577 3674 3794 3902 3959 4122 4276 4308 4396 4415 4477 4633 4765 4917 5093 5257 5419 5521 5614 5687 5841 6017 6037 6144 6316 6330 6472 6491 6545 6652 6732 6759 6828 6953 7101 7123 7286 7426 7517 7639 7690 7868 7949 7999 8080 8165 8205 8348

46 17
12 32 47 65 131 150 189 209 267 302 355 413 452 463 522 562 606 671 711 744 778 814 847 901 949 983 1027 1041 1095 1159 1182 1206 1244 1278 1345 1366 1416 1425 1484 1500 1506 1532 1575 1618 1646 1652

31 27
9 57 144 170 184 204 237 257 337 391 452 503 549 585 657 664 752 778 831 936 971 984 1037 1143 1163 1245 1292 1370 1418 1489 1510

5 42
88 108 137 206 322

62 7
21 40 46 67 95 101 112 139 156 173 183 206 221 244 263 279 300 315 335 360 382 398 416 436 446 457 481 491 504 530 545 550 575 588 597 619 640 656 682 702 714 735 739 744 754 764 782 802 822 827 838 852 870 889 906 908 911 936 952 962 970 972

72 9
37 72 87 97 129 132 151 157 178 204 234 268 274 289 294 314 317 347 358 370 381 413 437 455 483 485 489 512 534 558 566 583 606 635 638 642 664 677 696 706 720 743 751 766 802 832 852 876 889 891 925 946 961 967 980 985 993 1001 1027 1035 1044 1066 1092 1117 1153 1178 1192 1203 1222 1233 1239 1259

91 84
55 326 497 724 927 1131 1437 1695 1862 2061 2346 2669 2890 3028 3361 3475 3639 3677 3935 4242 4341 4677 4959 5097 5393 5621 5700 6032 6114 6355 6484 6760 6910 7205 7232 7480 7784 7886 8117 8350 8523 8598 8831 8913 9170 9215 9291 9329 9510 9846 10014 10145 10376 10453 10664 10692 10784 10991 11141 11425 11618 11847 12163 12222 12303 12586 12904 13166 13278 13586 13832 14115 14389 14575 14813 15130 15237 15542 15705 15917 16210 16435 16750 16788 16815 17039 17333 17370 17679 17818 18026

49 27
105 186 236 302 341 364 470 499 570 632 705 753 799 846 856 882 978 1060 1083 1128 1170 1254 1313 1376 1463 1480 1530 1561 1648 1734 1805 1832 1933 1949 1972 2072 2110 2138 2244 2263 2271 2375 2399 2472 2496 2572 2662 2694 2734

79 90
181 483 574 645 865 973 1272 1600 1941 2011 2164 2294 2470 2730 3038 3207 3258 3444 3587 3663 3745 3921 4072 4329 4446 4505 4835 5130 5318 5517 5622 5770 6038 6322 6579 6730 6759 6875 7049 7331 7677 7950 8046 8256 8451 8629 8655 8754 8820 9126 9404 9529 9811 9923 9977 10264 10471 10810 10916 11138 11334 11357 11436 11760 11909 12009 12300 12595 12717 12756 12905 13204 13301 13576 13826 14052 14378 14625 14707

60 64
118 338 477 583 673 705 768 996 1219 1271 1453 1553 1684 1701 1884 2119 2190 2425 2608 2804 2836 3092 3283 3457 3486 3542 3720 3818 3868 4022 4231 4260 4291 4390 4625 4789 4898 5126 5210 5301 5407 5462 5558 5794 5965 6169 6415 6632 6827 7016 7166 7392 7439 7644 7799 8027 8254 8331 8477 8538

7 92
243 377 556 619 772 1091 1349

81 53
71 95 279 334 435 466 519 579 642 848 879 965 1048 1115 1271 1469 1632 1657 1686 1831 1857 2056 2087 2246 2424 2518 2728 2895 2962 3130 3316 3341 3493 3568 3659 3759 3916 4036 4221 4307 4392 4529 4569 4699 4729 4926 5101 5146 5200 5293 5316 5363 5499 5644 5851 6036 6142 6162 6227 6378 6444 6524 6697 6904 6942 7071 7098 7310 7475 7506 7534 7627 7692 7744 7767 7971 8095 8145 8350 8407 8569

35 13
30 79 91 111 121 136 172 176 192 216 220 268 287 291 318 362 378 387 434 439 474 511 560 578 591 626 642 678 700 745 771 786 794 814 866

41 89
165 328 663 884 930 1268 1444 1542 1593 1643 1680 2001 2162 2343 2674 2888 2972 3305 3369 3703 3977 4161 4319 4533 4631 4797 4939 5066 5139 5392 5710 5875 6186 6413 6680 6890 7174 7291 7417 7584 7758

93 40
133 191 237 359 461 539 654 689 771 811 903 949 1063 1209 1356 1413 1482 1592 1604 1745 1879 1976 2046 2075 2149 2245 2398 2484 2532 2638 2684 2840 2928 3065 3173 3221 3297 3452 3605 3745 3877 3892 3983 4010 4149 4171 4250 4334 4408 4418 4479 4590 4748 4814 4939 5039 5170 5257 5275 5408 5419 5551 5651 5781 5854 6007 6160 6170 6278 6322 6398 6505 6519 6668 6821 6937 7069 7125 7228 7285 7310 7368 7514 7663 7800 7830 7910 8034 8191 8345 8416 8532 8691

25 15
42 80 86 134 149 171 208 266 307 323 374 387 435 447 465 477 508 518 532 552 609 625 644 687 731

