4
45 69
227 483 548 682 955 1083 1328 1456 1490 1748 1900 1981 2006 2129 2178 2418 2566 2692 2723 2868 2926 3115 3179 3252 3273 3435 3615 3790 3893 4126 4259 4319 4571 4598 4854 5083 5356 5590 5659 5866 5896 6152 6276 6519 6787

29 9
8 24 37 62 64 82 90 102 137 146 152 188 192 209 227 230 266 297 330 360 395 431 453 487 489 516 544 565 578

38 23
15 68 136 223 245 277 286 363 396 461 509 526 589 631 657 722 736 746 784 803 863 916 951 956 1019 1103 1138 1193 1227 1244 1334 1405 1464 1548 1560 1609 1688 1738

29 37
86 202 303 313 369 488 599 737 837 911 982 1033 1057 1137 1184 1275 1322 1361 1412 1440 1582 1669 1795 1903 2021 2142 2184 2232 2332

