48
2 27
11 71

30 9
33 67 84 95 125 159 171 186 199 216 234 263 270 305 322 349 379 407 416 419 442 453 485 520 533 548 575 596 601 630

34 9
31 51 70 74 88 106 108 144 173 187 221 227 231 240 269 298 334 354 367 398 425 427 455 482 501 505 534 562 581 585 613 632 655 680

95 37
62 167 276 368 392 415 461 606 678 760 874 909 921 1010 1029 1065 1141 1225 1249 1354 1391 1512 1629 1753 1882 1991 2122 2162 2215 2307 2324 2394 2536 2588 2679 2754 2826 2926 2939 3054 3200 3304 3362 3433 3558 3683 3804 3913 3995 4039 4067 4129 4141 4204 4338 4393 4532 4610 4712 4810 4880 5023 5110 5145 5280 5411 5503 5595 5616 5764 5807 5942 6039 6159 6175 6294 6320 6349 6420 6533 6669 6703 6759 6845 6905 7008 7052 7085 7145 7279 7337 7459 7579 7689 7756

20 15
21 47 95 152 163 207 243 301 339 358 374 383 406 441 449 452 461 469 521 533

57 57
156 239 449 624 719 892 949 1074 1173 1386 1569 1739 1832 2001 2048 2062 2222 2258 2385 2519 2643 2828 2888 3087 3102 3254 3451 3473 3567 3718 3879 3991 4106 4152 4346 4461 4561 4657 4680 4817 4917 5141 5283 5384 5451 5551 5760 5856 5993 6117 6229 6327 6493 6674 6859 6876 6899

55 68
94 127 286 483 643 877 1125 1164 1272 1325 1487 1671 1793 1972 2035 2191 2315 2561 2714 2760 2996 3194 3220 3443 3606 3684 3921 4103 4221 4391 4432 4629 4783 4832 4991 5257 5499 5641 5868 6076 6248 6458 6701 6895 7011 7267 7380 7545 7635 7707 7947 8203 8343 8611 8674

96 49
97 172 193 269 418 614 763 934 1051 1086 1256 1342 1359 1437 1612 1711 1743 1868 2037 2150 2312 2341 2400 2521 2676 2734 2832 2851 3022 3204 3358 3412 3482 3645 3751 3888 3925 4120 4208 4393 4577 4757 4941 4982 5067 5249 5373 5394 5565 5625 5762 5835 5909 5973 6126 6292 6340 6464 6483 6625 6797 6833 7015 7191 7358 7450 7527 7641 7728 7899 8019 8201 8261 8357 8390 8420 8526 8622 8719 8819 8833 9014 9200 9278 9319 9348 9444 9533 9621 9807 9951 9989 10150 10180 10234 10318

53 97
336 717 783 866 1185 1571 1681 1897 2054 2438 2484 2765 3128 3481 3730 4012 4061 4338 4420 4639 4926 4962 5308 5362 5637 5874 6054 6137 6492 6812 6856 7075 7463 7775 8116 8285 8459 8606 8947 8984 9219 9442 9702 9791 10072 10212 10372 10466 10729 10973 11322 11685 11956

7 11
28 38 40 71 99 111 116

23 98
71 104 219 382 501 638 915 1096 1365 1570 1816 2068 2342 2463 2751 2876 3133 3161 3198 3289 3358 3466 3661

30 45
92 170 337 414 533 605 650 788 917 967 1000 1026 1127 1254 1270 1332 1367 1495 1531 1590 1738 1899 2027 2098 2180 2356 2492 2596 2699 2866

92 27
100 172 261 316 411 513 586 613 650 747 821 870 895 958 1046 1054 1104 1192 1293 1393 1460 1487 1495 1521 1596 1626 1694 1770 1861 1917 1979 2060 2104 2193 2256 2355 2423 2486 2585 2593 2679 2736 2803 2818 2830 2884 2981 3029 3075 3108 3161 3189 3279 3377 3403 3496 3557 3647 3726 3831 3860 3967 3996 4084 4158 4252 4276 4372 4454 4487 4514 4543 4557 4650 4684 4696 4736 4842 4941 5045 5121 5229 5326 5366 5397 5491 5577 5656 5726 5751 5758 5777

52 48
87 194 261 317 388 470 578 695 849 1002 1018 1132 1321 1435 1550 1579 1763 1818 1850 1989 2021 2145 2297 2387 2524 2693 2842 2912 3012 3186 3300 3472 3536 3603 3616 3661 3794 3901 3929 3947 3988 4136 4190 4365 4554 4612 4772 4877 4926 5086 5187 5331

12 83
213 433 650 732 1004 1210 1406 1494 1553 1768 1877 2170

54 59
192 267 369 568 725 930 1121 1344 1561 1709 1828 2015 2109 2283 2349 2440 2546 2768 2936 3156 3207 3324 3423 3578 3725 3848 4072 4245 4442 4637 4855 5022 5232 5461 5586 5633 5814 5961 6053 6176 6310 6330 6344 6401 6567 6729 6876 7079 7144 7314 7518 7689 7732 7884

43 61
241 466 537 583 628 732 910 1093 1239 1314 1434 1523 1706 1771 1964 2168 2249 2282 2403 2629 2700 2931 3081 3257 3422 3481 3649 3696 3931 4021 4216 4282 4524 4604 4709 4733 4926 5151 5359 5486 5625 5776 5809

77 69
83 356 605 671 845 908 946 985 1171 1216 1354 1482 1559 1701 1840 2070 2200 2286 2530 2667 2706 2807 2943 2976 3008 3031 3257 3478 3712 3787 4032 4125 4204 4244 4490 4624 4814 4974 5198 5425 5480 5729 5821 5911 6065 6139 6304 6536 6602 6699 6818 6898 7017 7043 7178 7275 7494 7753 7866 7897 8065 8189 8426 8527 8644 8669 8860 9024 9102 9297 9557 9728 9868 10125 10398 10653 10823

26 91
279 409 720 810 891 1039 1345 1531 1582 1810 2024 2229 2402 2544 2713 3070 3381 3563 3811 4076 4369 4593 4793 4960 4991 5327

31 67
231 309 535 656 874 1135 1348 1478 1544 1715 1771 1949 2190 2341 2407 2561 2678 2837 3103 3124 3330 3545 3657 3700 3902 3963 4205 4402 4528 4631 4659

87 18
49 97 161 186 253 271 277 308 326 360 391 438 447 456 494 554 570 605 624 663 729 770 820 879 889 946 989 1006 1012 1035 1079 1127 1143 1186 1210 1234 1283 1313 1344 1394 1421 1451 1503 1542 1591 1662 1699 1748 1786 1830 1871 1905 1962 1987 2018 2080 2098 2157 2218 2274 2295 2364 2375 2435 2501 2528 2581 2636 2670 2682 2713 2725 2772 2835 2888 2893 2916 2975 3042 3056 3071 3108 3147 3193 3204 3219 3233

46 53
61 138 240 446 559 623 796 924 1076 1148 1332 1380 1449 1550 1695 1722 1906 2070 2261 2352 2411 2518 2709 2801 2865 3001 3163 3302 3359 3547 3681 3850 4046 4187 4328 4438 4635 4746 4904 4964 5085 5207 5402 5512 5613 5805

51 73
21 143 315 408 616 709 764 892 1145 1408 1513 1610 1636 1882 2062 2209 2434 2585 2738 2920 3045 3219 3266 3352 3598 3870 3928 4205 4328 4372 4621 4655 4747 4838 5081 5302 5497 5687 5939 6183 6423 6695 6966 7060 7239 7264 7475 7765 7786 7807 7931

89 37
52 105 171 273 310 393 469 533 680 732 879 1002 1114 1199 1269 1298 1408 1441 1528 1674 1792 1865 1919 1943 2013 2128 2249 2386 2457 2543 2593 2721 2839 2968 3043 3165 3309 3364 3427 3556 3688 3760 3864 3997 4016 4097 4191 4286 4370 4472 4509 4634 4690 4782 4923 4983 5094 5220 5327 5449 5534 5649 5696 5832 5866 5906 6011 6081 6219 6316 6331 6424 6523 6609 6650 6782 6798 6819 6959 7077 7107 7187 7230 7362 7402 7485 7495 7561 7662

87 53
50 216 371 519 647 767 884 1083 1213 1364 1426 1474 1505 1552 1627 1696 1759 1904 1980 2023 2092 2151 2276 2366 2382 2485 2636 2697 2875 2940 3110 3278 3369 3437 3630 3772 3821 3837 4007 4058 4145 4218 4320 4382 4466 4562 4654 4834 5019 5110 5238 5414 5617 5829 5960 6009 6173 6237 6327 6389 6459 6536 6661 6738 6929 7006 7201 7382 7543 7619 7675 7835 7903 8112 8288 8487 8509 8608 8759 8844 8931 9028 9041 9098 9172 9336 9408

63 93
285 613 919 988 1343 1683 1774 2032 2092 2251 2393 2735 3076 3107 3165 3421 3473 3700 3789 3980 4314 4442 4537 4622 4931 5222 5576 5729 5855 6046 6129 6406 6443 6683 6910 6988 7150 7195 7339 7381 7550 7707 7871 8093 8316 8426 8654 8831 9067 9319 9603 9860 10118 10231 10395 10580 10705 10764 10865 11163 11297 11416 11557

74 55
133 175 345 472 647 709 869 994 1163 1371 1428 1623 1748 1962 1984 2122 2323 2365 2458 2525 2736 2907 3123 3172 3250 3316 3524 3621 3651 3666 3871 3924 4072 4224 4422 4438 4658 4754 4961 5164 5344 5554 5598 5632 5692 5852 6050 6156 6266 6380 6399 6499 6553 6633 6786 6848 7001 7109 7253 7432 7608 7773 7958 8172 8310 8391 8580 8657 8676 8704 8854 8973 8998 9116

88 27
86 182 269 304 367 465 481 586 663 720 752 848 886 924 976 1003 1057 1117 1138 1214 1291 1347 1453 1522 1612 1675 1754 1798 1905 1921 1947 2018 2064 2172 2263 2297 2323 2373 2452 2505 2521 2541 2609 2636 2712 2808 2847 2919 2966 3009 3035 3052 3113 3120 3140 3187 3283 3305 3311 3320 3370 3433 3441 3448 3521 3547 3623 3655 3671 3768 3829 3902 3982 4069 4100 4205 4313 4371 4411 4503 4596 4703 4809 4842 4870 4926 4989 5091

74 98
332 405 570 826 1138 1175 1289 1333 1381 1481 1630 1981 2292 2341 2566 2834 2992 3173 3212 3447 3491 3594 3672 3878 4042 4090 4325 4705 4796 5147 5433 5536 5674 5746 6129 6365 6509 6671 6847 6995 7201 7583 7960 8289 8640 8679 8730 8990 9253 9595 9694 9779 9905 10010 10230 10615 10777 10807 11169 11451 11779 12107 12168 12434 12564 12787 12846 13178 13497 13777 14128 14375 14679 14785

73 56
69 124 340 362 421 640 742 916 1025 1220 1311 1397 1602 1682 1728 1948 2171 2292 2496 2654 2754 2924 3115 3166 3378 3474 3661 3732 3950 4115 4212 4414 4562 4663 4686 4758 4958 5132 5267 5387 5412 5426 5618 5769 5888 5992 6076 6177 6301 6342 6377 6411 6570 6669 6843 6887 7097 7209 7344 7506 7600 7766 7912 7990 8031 8089 8270 8420 8561 8620 8672 8841 8996

64 46
65 81 99 220 355 399 521 632 787 803 874 1042 1153 1297 1338 1467 1562 1696 1709 1857 1903 1929 2038 2114 2192 2231 2307 2488 2586 2713 2725 2781 2904 3041 3225 3242 3334 3387 3506 3663 3675 3786 3913 4019 4074 4247 4318 4401 4569 4673 4797 4908 5011 5056 5163 5259 5359 5504 5543 5557 5617 5750 5775 5823

42 33
71 185 309 392 449 483 556 661 770 901 961 1081 1169 1209 1246 1368 1416 1522 1540 1587 1709 1776 1863 1902 1978 2033 2090 2183 2227 2318 2369 2404 2509 2605 2630 2723 2810 2899 2934 2979 3067 3113

45 40
87 175 194 337 492 625 667 811 924 999 1020 1118 1273 1386 1462 1475 1550 1591 1714 1872 2026 2086 2205 2250 2317 2426 2462 2508 2643 2795 2832 2921 3039 3111 3254 3360 3452 3592 3642 3774 3929 3940 3990 4117 4182

78 29
68 82 182 230 332 445 506 622 730 818 858 912 927 1039 1105 1160 1254 1370 1409 1513 1604 1667 1775 1849 1880 1972 2066 2139 2244 2274 2304 2330 2393 2477 2527 2604 2720 2748 2796 2825 2874 2955 3062 3092 3103 3179 3247 3346 3360 3375 3396 3420 3427 3468 3521 3566 3673 3720 3792 3855 3954 4044 4154 4254 4274 4336 4392 4401 4424 4438 4549 4628 4639 4755 4832 4880 4929 5019

29 59
141 201 312 355 476 598 730 898 965 1176 1385 1570 1638 1668 1687 1867 2031 2171 2235 2351 2397 2528 2725 2863 2980 3035 3121 3348 3572

11 21
85 149 182 233 276 302 329 405 471 545 620

89 22
18 87 160 166 207 275 283 348 421 438 484 514 595 668 695 738 786 843 888 967 978 1058 1127 1150 1192 1254 1318 1350 1434 1481 1557 1593 1625 1688 1728 1747 1793 1823 1896 1907 1972 2020 2092 2150 2172 2224 2284 2320 2375 2410 2488 2553 2615 2657 2703 2734 2757 2834 2858 2876 2894 2904 2938 2944 2959 3001 3061 3103 3161 3249 3255 3287 3299 3321 3399 3419 3428 3437 3500 3565 3575 3655 3702 3721 3800 3831 3892 3980 4033

48 77
105 207 482 724 829 897 969 1204 1348 1443 1718 2014 2062 2343 2389 2513 2814 2973 3187 3415 3477 3703 3894 4014 4047 4229 4316 4538 4714 5001 5088 5246 5402 5474 5771 5845 5915 6046 6251 6412 6708 6784 7014 7215 7328 7566 7605 7903

93 62
123 246 469 568 810 847 896 1013 1160 1404 1477 1528 1644 1815 2029 2147 2332 2402 2460 2630 2693 2941 3155 3226 3375 3431 3615 3731 3865 4063 4083 4209 4295 4487 4730 4803 4913 5085 5173 5310 5327 5439 5674 5719 5909 6144 6316 6561 6803 7005 7096 7303 7328 7565 7709 7877 7896 8008 8187 8322 8559 8726 8857 9045 9237 9378 9430 9468 9501 9547 9689 9863 9901 10047 10277 10388 10499 10740 10910 11035 11069 11249 11466 11611 11706 11780 11879 11894 12002 12053 12232 12400 12593

24 37
133 151 282 309 319 442 502 600 695 805 871 996 1018 1079 1099 1230 1368 1406 1417 1556 1567 1615 1650 1796

40 34
103 188 238 330 431 466 600 644 677 788 833 915 1004 1113 1236 1290 1411 1500 1582 1635 1660 1764 1795 1844 1899 1967 1986 2072 2154 2225 2308 2382 2403 2439 2543 2585 2674 2731 2863 2943

79 17
57 88 138 167 217 244 312 380 400 455 516 548 614 680 686 737 754 778 821 886 897 915 947 951 1004 1059 1075 1095 1117 1125 1155 1197 1258 1270 1324 1352 1405 1425 1488 1495 1545 1573 1584 1618 1657 1673 1741 1800 1828 1865 1892 1905 1925 1945 1987 2037 2090 2157 2200 2227 2248 2291 2317 2362 2394 2441 2507 2541 2549 2615 2677 2744 2769 2827 2866 2909 2917 2933 2952

3 37
90 159 188

28 57
211 321 349 560 755 854 965 1189 1348 1514 1543 1719 1737 1881 2017 2086 2174 2365 2576 2775 2989 3073 3244 3378 3507 3718 3805 3936

22 64
217 325 470 598 651 715 838 1054 1220 1260 1358 1426 1495 1594 1731 1861 2106 2188 2346 2554 2625 2678

38 7
3 24 39 56 67 81 108 122 123 131 147 148 171 183 189 206 223 248 257 280 304 307 320 329 338 360 385 386 388 403 410 438 446 450 457 464 476 479

64 77
52 130 203 282 317 424 721 965 989 1159 1272 1443 1616 1806 1859 1975 2247 2310 2453 2621 2644 2881 3187 3376 3451 3587 3748 4039 4343 4573 4837 5144 5368 5491 5688 5738 6022 6278 6442 6524 6691 6920 7117 7226 7326 7575 7857 8019 8312 8561 8655 8893 8943 9220 9272 9449 9483 9613 9870 10116 10237 10339 10438 10531

49 83
142 249 413 523 618 844 922 965 1057 1378 1683 2005 2307 2402 2707 2894 3174 3212 3252 3283 3414 3533 3608 3868 3907 4064 4154 4435 4740 4766 5034 5169 5301 5408 5607 5703 5734 6046 6112 6342 6443 6743 6892 7127 7229 7484 7543 7735 7934

