41
22 71
42 292 562 807 974 1021 1118 1179 1285 1377 1590 1676 1838 2112 2364 2436 2490 2647 2689 2908 3087 3136

29 47
42 152 209 283 369 488 676 698 882 1014 1171 1290 1459 1610 1793 1854 1960 2074 2109 2210 2350 2376 2476 2596 2692 2741 2871 2885 3056

79 7
25 44 45 51 61 85 91 117 127 142 159 172 182 190 212 238 243 252 256 267 282 287 304 313 318 335 342 354 378 385 393 397 413 423 443 469 471 485 507 509 529 533 535 538 548 566 571 588 611 617 642 667 692 695 721 725 738 755 776 795 815 816 843 860 867 890 915 936 942 944 968 993 1020 1027 1044 1047 1065 1070 1080

51 9
32 66 98 105 127 153 179 210 237 252 254 271 293 312 317 339 369 382 414 446 454 468 495 518 521 556 563 589 609 629 647 670 678 705 718 727 740 750 758 775 808 818 854 884 891 917 936 948 964 994 1018

19 51
91 139 164 335 473 671 805 930 1114 1257 1394 1574 1728 1878 2005 2108 2218 2341 2421

34 97
239 383 601 886 995 1246 1472 1559 1887 2067 2334 2688 2939 3112 3361 3697 3811 4185 4235 4299 4338 4512 4793 5014 5235 5432 5689 5714 5776 5927 6314 6560 6670 7058

98 33
63 102 180 281 298 396 514 541 613 721 753 802 850 891 956 1013 1118 1230 1320 1337 1404 1461 1560 1669 1798 1872 1940 1979 2023 2145 2261 2356 2428 2502 2530 2567 2596 2704 2724 2844 2946 3078 3209 3333 3418 3434 3551 3653 3742 3868 3975 4024 4042 4091 4181 4299 4393 4427 4492 4624 4720 4827 4951 5004 5043 5121 5160 5222 5296 5394 5486 5520 5650 5753 5871 5993 6027 6080 6110 6126 6221 6264 6272 6343 6354 6481 6553 6569 6579 6664 6768 6889 6979 7014 7075 7100 7127 7236

9 54
196 368 543 593 754 851 976 1076 1141

46 101
215 572 727 775 824 1101 1425 1548 1884 2073 2475 2866 3026 3289 3606 3922 4001 4099 4337 4376 4639 4798 5088 5121 5183 5358 5581 5616 5689 5962 6176 6411 6576 6910 7249 7425 7460 7635 7998 8391 8484 8873 9019 9082 9159 9542

33 101
76 317 716 1097 1155 1286 1631 2000 2228 2463 2680 2785 2912 3202 3419 3524 3706 3741 3917 4070 4143 4336 4536 4889 5060 5195 5528 5791 5988 6242 6484 6808 6962

9 50
14 148 199 364 411 558 666 680 748

34 24
13 29 114 201 273 312 406 489 545 607 655 732 824 832 912 918 988 1056 1140 1216 1237 1260 1271 1309 1338 1347 1425 1513 1590 1678 1769 1830 1850 1939

63 99
231 487 536 608 827 939 1018 1369 1761 2151 2263 2495 2565 2954 3087 3349 3613 3648 3986 4273 4365 4658 4872 5187 5299 5333 5490 5803 6025 6200 6424 6474 6719 6954 6997 7150 7184 7242 7549 7898 7956 8128 8468 8597 8953 9185 9323 9469 9851 10091 10227 10495 10861 10977 11246 11507 11839 12135 12457 12753 13075 13148 13497

68 22
46 101 180 193 237 269 317 369 415 490 497 555 590 612 690 756 793 839 911 953 1004 1085 1156 1191 1253 1323 1328 1357 1398 1484 1531 1554 1560 1568 1617 1701 1770 1795 1847 1881 1913 1950 2019 2095 2177 2217 2223 2243 2320 2387 2448 2457 2520 2561 2590 2656 2707 2735 2788 2818 2841 2922 2930 3005 3076 3087 3144 3192

24 18
52 72 82 107 139 204 248 275 330 379 425 497 537 560 613 648 658 687 710 773 826 852 868 925

28 6
18 39 49 68 70 74 75 99 123 138 156 178 197 214 215 222 240 247 248 258 279 303 304 311 330 333 357 370

53 13
15 39 53 81 116 145 195 243 290 329 362 370 381 421 467 475 507 531 550 582 618 662 710 734 764 767 793 816 864 892 926 969 985 997 1036 1077 1085 1117 1127 1177 1202 1250 1262 1277 1290 1337 1386 1429 1432 1449 1452 1481 1492

31 36
83 96 196 252 317 365 473 600 698 780 893 1006 1138 1267 1300 1441 1496 1547 1616 1750 1765 1890 1962 2049 2160 2241 2284 2427 2532 2648 2680

46 89
336 359 433 783 832 1052 1269 1449 1743 1815 1862 2184 2468 2569 2816 2999 3261 3497 3529 3644 3936 4054 4104 4164 4495 4807 5066 5096 5275 5555 5585 5864 6097 6310 6553 6662 6865 7196 7390 7507 7713 7966 8223 8570 8823 9149

54 33
103 234 317 439 481 572 607 696 738 819 915 1046 1135 1230 1306 1389 1402 1507 1523 1619 1671 1734 1823 1889 1993 2118 2218 2320 2405 2535 2614 2665 2759 2833 2894 3008 3067 3083 3094 3174 3204 3261 3299 3355 3424 3441 3450 3476 3577 3638 3748 3844 3854 3908

81 62
239 468 672 884 1110 1262 1398 1454 1687 1907 2010 2124 2334 2496 2517 2615 2660 2823 2967 3125 3281 3314 3350 3496 3522 3666 3758 3936 4061 4291 4458 4599 4760 4941 5115 5355 5556 5610 5680 5714 5760 5826 5886 6026 6154 6363 6393 6486 6549 6684 6758 6928 7134 7272 7297 7541 7677 7732 7892 8061 8202 8261 8407 8461 8624 8861 8950 9079 9164 9347 9526 9644 9780 9976 10065 10218 10294 10412 10518 10537 10647

22 85
29 146 240 282 488 785 982 1313 1439 1497 1533 1685 1842 2178 2466 2720 3057 3172 3341 3678 3894 3928

92 2
3 4 5 11 11 12 18 23 30 35 38 45 50 56 63 69 76 80 80 84 91 91 91 95 98 98 98 98 99 103 104 111 117 125 128 133 141 147 149 156 156 163 166 168 174 180 181 189 195 201 203 208 210 213 213 213 217 224 232 234 235 237 245 251 259 261 267 274 281 284 290 297 298 305 312 313 317 324 332 338 344 349 354 360 363 371 374 375 377 384 392 396

75 22
33 85 147 191 226 300 308 389 430 452 537 625 681 761 787 793 851 902 931 976 1008 1034 1109 1130 1191 1257 1277 1287 1331 1378 1429 1450 1487 1574 1651 1736 1744 1831 1895 1902 1908 1984 2014 2046 2092 2104 2118 2151 2188 2193 2229 2234 2321 2392 2410 2497 2577 2616 2685 2767 2847 2909 2950 2963 2993 3062 3117 3188 3254 3280 3295 3319 3338 3373 3409

25 72
35 155 344 465 607 672 739 1026 1096 1300 1333 1601 1816 1941 2064 2315 2490 2540 2787 2956 3147 3239 3361 3520 3733

33 56
51 165 326 486 641 828 904 943 1092 1156 1368 1396 1477 1568 1716 1775 1977 2083 2138 2358 2562 2615 2783 2799 2970 3043 3229 3250 3401 3579 3792 3848 3954

87 38
80 128 254 278 347 493 599 655 664 758 791 839 910 931 991 1086 1095 1111 1236 1306 1327 1436 1497 1577 1601 1628 1729 1804 1912 1952 1975 2074 2213 2356 2439 2526 2596 2641 2749 2780 2815 2883 2924 3059 3201 3341 3380 3468 3520 3573 3692 3777 3814 3943 4027 4102 4252 4274 4300 4333 4399 4415 4428 4439 4552 4704 4731 4812 4925 5038 5142 5199 5346 5420 5443 5530 5614 5642 5715 5798 5944 6029 6123 6245 6327 6479 6591

47 4
13 15 18 23 28 40 50 64 70 72 84 85 95 99 112 114 126 140 141 152 154 161 169 175 188 191 199 213 215 224 233 248 256 270 281 286 295 300 308 322 332 345 352 360 365 374 381

80 10
35 65 90 123 129 150 190 206 226 247 283 295 330 367 390 408 434 474 507 524 527 567 586 606 642 678 711 735 767 807 829 860 896 927 950 955 980 1018 1022 1061 1070 1092 1126 1163 1176 1192 1225 1260 1262 1264 1297 1311 1327 1364 1384 1422 1427 1450 1460 1484 1523 1536 1540 1543 1552 1566 1588 1617 1632 1644 1661 1683 1697 1722 1740 1773 1794 1802 1820 1845

57 1
4 8 11 12 13 15 16 19 21 24 28 30 34 36 38 40 41 41 41 42 43 43 46 47 47 49 49 53 57 58 58 61 65 69 70 70 73 75 76 79 83 87 87 91 93 93 97 101 101 101 103 104 107 108 109 109 111

66 11
41 68 100 118 132 156 180 190 197 216 225 251 256 298 308 312 352 361 401 409 451 483 500 524 528 564 580 584 616 646 678 717 760 786 825 830 855 870 886 894 914 943 976 994 1034 1066 1089 1129 1170 1185 1221 1264 1279 1303 1335 1378 1422 1424 1435 1454 1498 1524 1562 1586 1598 1628

10 71
112 261 459 593 827 1004 1273 1425 1624 1882

11 4
9 25 32 36 45 48 54 59 62 77 90

70 33
108 214 277 325 340 435 451 498 508 570 596 674 784 913 929 1059 1084 1118 1197 1269 1373 1465 1546 1631 1726 1740 1871 1923 2035 2046 2087 2129 2233 2304 2324 2426 2458 2556 2687 2716 2725 2818 2927 3040 3141 3233 3315 3363 3493 3502 3602 3626 3678 3805 3822 3882 3962 4008 4112 4176 4278 4314 4429 4445 4503 4524 4571 4648 4739 4865

86 20
68 140 212 291 327 387 405 442 468 525 601 661 683 721 766 807 882 921 993 1067 1118 1166 1185 1213 1278 1333 1412 1423 1485 1495 1528 1544 1550 1624 1649 1714 1765 1781 1823 1869 1901 1970 2017 2033 2059 2076 2151 2162 2228 2286 2355 2430 2458 2527 2553 2607 2613 2692 2744 2795 2824 2852 2864 2891 2929 2959 3005 3036 3083 3130 3144 3151 3206 3223 3256 3286 3336 3399 3456 3507 3570 3610 3616 3670 3690 3743

53 59
73 126 256 460 623 775 926 950 1120 1199 1426 1577 1813 1844 2040 2227 2418 2597 2661 2795 2839 2881 2969 3063 3246 3282 3492 3544 3654 3747 3765 3973 4132 4230 4305 4468 4539 4652 4757 4879 5080 5108 5158 5325 5512 5698 5781 5974 6049 6245 6449 6509 6530

46 7
5 13 33 34 38 40 57 68 95 122 131 132 159 166 169 186 199 202 230 240 254 271 279 295 314 335 345 362 390 394 420 444 462 469 470 477 484 504 513 530 547 568 573 585 597 598

27 4
7 17 30 38 48 53 68 72 81 94 108 121 131 136 143 157 169 183 188 204 207 218 233 248 260 274 281

53 39
118 249 273 348 447 543 554 591 638 718 770 852 866 895 968 1012 1135 1186 1211 1232 1327 1427 1472 1501 1595 1743 1808 1954 2024 2149 2214 2260 2340 2378 2477 2605 2725 2801 2855 2970 3007 3130 3210 3329 3341 3394 3490 3598 3739 3878 3892 3905 3995

22 24
32 48 141 232 313 340 397 445 541 630 726 733 752 832 885 901 913 925 998 1014 1058 1102

10 18
46 85 130 169 205 274 323 363 367 429

