19
46 87
201 429 594 674 909 1246 1400 1506 1819 1987 2118 2342 2536 2652 2792 2813 2835 3102 3136 3259 3452 3705 3939 4183 4398 4650 4688 4733 4793 4934 5145 5187 5373 5709 5774 6117 6396 6434 6628 6866 7099 7154 7324 7620 7837 8007

76 8
26 42 69 97 119 139 149 152 164 166 174 188 192 205 221 225 254 276 303 325 357 383 398 425 442 464 494 510 527 539 556 576 582 590 598 620 634 661 678 685 695 701 709 719 724 732 762 785 810 839 852 854 884 910 935 941 970 997 1005 1025 1050 1069 1079 1104 1119 1127 1130 1147 1177 1195 1222 1254 1279 1307 1315 1333

50 69
106 379 609 857 1007 1075 1338 1548 1576 1694 1955 2022 2264 2490 2759 2999 3031 3173 3418 3476 3752 3870 3946 4217 4391 4600 4623 4789 4914 5012 5219 5466 5506 5637 5690 5921 6066 6315 6419 6437 6561 6835 6923 7182 7427 7662 7885 8007 8247 8484

88 47
169 291 466 497 641 716 769 906 1086 1102 1154 1206 1244 1320 1391 1553 1712 1730 1776 1941 2074 2174 2351 2379 2542 2677 2861 2900 2972 3149 3328 3438 3517 3655 3841 3915 3994 4138 4271 4352 4477 4542 4637 4711 4739 4845 4962 4983 5157 5296 5423 5517 5558 5640 5810 5901 6083 6194 6333 6415 6503 6571 6738 6892 6979 7030 7111 7174 7233 7280 7303 7320 7354 7495 7627 7648 7772 7804 7837 7970 8081 8202 8374 8433 8544 8688 8823 8861

43 60
181 412 548 620 693 925 1066 1211 1368 1425 1573 1774 1979 2149 2247 2473 2556 2680 2918 3025 3200 3219 3340 3442 3617 3734 3951 4089 4148 4387 4609 4801 4976 5009 5028 5057 5097 5212 5442 5460 5530 5632 5714

72 101
334 626 731 1117 1280 1466 1546 1643 1808 1914 1993 2319 2700 2949 3310 3678 3869 4115 4395 4757 4822 4851 5237 5567 5634 5811 5903 6262 6651 6697 6934 7172 7320 7534 7627 7794 7855 7914 8023 8360 8455 8782 9124 9413 9651 9749 9890 10014 10223 10337 10459 10750 11143 11361 11480 11732 11897 11974 12296 12694 12999 13077 13252 13425 13646 13786 14103 14465 14693 14851 15195 15527

87 43
19 133 202 237 371 413 577 682 740 816 828 875 1016 1122 1155 1191 1303 1432 1555 1655 1680 1714 1786 1800 1824 1977 2136 2235 2314 2424 2574 2650 2719 2882 3008 3098 3182 3211 3369 3393 3479 3517 3548 3604 3662 3708 3854 3876 3926 4010 4103 4260 4327 4343 4356 4409 4553 4604 4636 4773 4887 5019 5090 5205 5312 5460 5630 5778 5897 5914 5992 6121 6154 6324 6359 6522 6687 6824 6891 7036 7129 7206 7339 7371 7528 7618 7782

55 47
59 245 391 532 600 672 792 846 923 1079 1223 1244 1379 1445 1590 1765 1865 1911 1975 2161 2291 2428 2610 2786 2893 3043 3184 3299 3427 3550 3627 3793 3816 3976 4106 4168 4333 4367 4378 4447 4588 4742 4857 5002 5023 5198 5236 5358 5486 5618 5655 5759 5840 5855 5974

77 21
49 101 170 251 296 319 364 418 434 440 515 596 643 701 752 806 876 899 918 996 1066 1086 1146 1157 1233 1280 1311 1350 1419 1479 1492 1562 1643 1711 1726 1749 1776 1799 1877 1937 1974 2000 2008 2090 2157 2204 2244 2299 2344 2386 2416 2446 2489 2538 2587 2607 2614 2649 2726 2781 2832 2858 2868 2946 2990 3035 3087 3109 3148 3155 3233 3280 3302 3343 3397 3479 3537

92 57
63 77 166 189 307 340 405 493 649 751 905 1042 1206 1379 1469 1640 1702 1848 1968 2111 2132 2302 2428 2512 2627 2830 2960 3100 3225 3405 3601 3745 3915 4085 4194 4341 4451 4655 4824 4912 5128 5204 5316 5470 5632 5841 5901 5936 6123 6292 6324 6401 6613 6840 6869 6969 7028 7073 7213 7399 7518 7682 7722 7753 7946 8076 8220 8312 8400 8561 8775 8880 9060 9170 9394 9616 9840 9919 9942 10113 10188 10320 10391 10431 10639 10731 10948 11111 11246 11358 11562 11685

62 31
27 56 140 172 267 305 329 361 436 556 626 655 687 712 753 804 916 994 1071 1140 1238 1306 1314 1386 1429 1461 1498 1519 1587 1620 1685 1765 1867 1905 1971 2067 2136 2149 2248 2285 2304 2315 2357 2440 2490 2543 2603 2658 2689 2728 2808 2875 2975 3055 3065 3101 3181 3303 3408 3504 3575 3634

36 63
202 233 447 657 740 943 1186 1426 1661 1734 1840 1879 1949 1968 2072 2321 2399 2490 2627 2670 2816 3063 3204 3340 3411 3659 3838 4043 4137 4215 4232 4481 4611 4741 4867 4982

84 21
47 106 130 142 186 265 341 424 457 485 557 576 584 633 712 793 874 908 965 994 1020 1087 1161 1193 1262 1283 1357 1424 1454 1529 1600 1611 1634 1659 1731 1752 1827 1874 1936 1964 2018 2076 2100 2126 2137 2198 2270 2346 2368 2431 2449 2454 2511 2559 2630 2714 2753 2759 2765 2786 2806 2821 2903 2973 3024 3075 3128 3184 3194 3214 3290 3307 3335 3389 3465 3521 3586 3648 3690 3729 3766 3791 3839 3913

26 59
120 268 301 358 574 709 944 1052 1163 1279 1355 1423 1644 1691 1901 2086 2283 2423 2590 2699 2907 3045 3213 3329 3440 3589

44 35
92 150 285 339 464 515 650 667 807 922 1043 1152 1285 1385 1410 1455 1496 1534 1588 1675 1733 1826 1879 1898 1933 1963 2006 2124 2193 2310 2361 2387 2526 2644 2756 2775 2893 2913 2947 2972 2999 3080 3104 3204

16 51
198 244 274 407 540 719 880 998 1084 1147 1309 1483 1574 1683 1794 1996

26 27
16 64 80 98 205 285 295 315 367 469 575 581 610 646 702 803 854 957 1040 1061 1093 1166 1199 1238 1273 1375

49 87
189 436 691 873 1104 1313 1492 1660 1910 2150 2475 2504 2713 2809 3057 3142 3480 3703 3987 4137 4252 4589 4828 4891 5180 5424 5557 5693 5898 6005 6226 6332 6549 6870 6945 7173 7466 7725 8046 8246 8539 8872 9014 9358 9569 9789 9982 10098 10339

86 49
52 140 237 403 499 541 627 674 806 996 1164 1205 1341 1360 1443 1490 1612 1798 1974 2154 2223 2253 2278 2335 2500 2548 2641 2759 2946 3090 3230 3271 3388 3499 3548 3675 3727 3767 3853 4035 4117 4165 4319 4419 4497 4560 4625 4654 4815 4988 5041 5226 5341 5464 5498 5679 5701 5722 5865 5897 6056 6156 6259 6449 6615 6654 6782 6796 6835 6931 7101 7118 7210 7317 7394 7558 7726 7898 8085 8265 8296 8380 8416 8482 8634 8677

