20
70 33
77 142 159 269 299 349 402 517 568 643 739 853 944 995 1024 1100 1231 1347 1436 1518 1555 1594 1664 1705 1816 1857 1924 1951 1961 2011 2131 2199 2241 2358 2471 2584 2676 2719 2757 2845 2879 2945 3021 3049 3121 3141 3242 3283 3392 3513 3543 3654 3716 3754 3863 3895 3910 4010 4047 4103 4184 4249 4267 4390 4466 4494 4577 4665 4688 4786

31 20
73 99 115 157 188 251 257 273 338 374 385 452 495 532 579 617 637 714 736 754 762 821 855 890 925 956 1024 1092 1172 1203 1223

70 78
255 274 312 445 676 837 1092 1326 1462 1513 1637 1938 2147 2391 2696 2807 2982 3167 3362 3408 3632 3757 3991 4069 4368 4598 4889 5201 5243 5333 5358 5442 5659 5704 5730 5753 5891 6123 6178 6207 6273 6513 6544 6705 6985 7130 7382 7684 7750 7824 7986 8225 8512 8672 8850 9023 9193 9280 9338 9509 9615 9656 9851 9995 10245 10436 10516 10806 10856 11167

67 32
53 157 253 371 444 462 536 651 665 732 837 912 973 1006 1103 1226 1259 1367 1442 1487 1611 1683 1737 1865 1877 1974 2087 2180 2272 2324 2346 2387 2419 2433 2521 2602 2637 2689 2763 2865 2876 2887 2896 2949 2996 3108 3207 3323 3340 3423 3497 3579 3641 3703 3792 3806 3817 3914 3973 3994 4081 4103 4225 4288 4323 4372 4459

46 34
56 73 163 293 340 353 388 459 546 646 769 889 923 1039 1099 1125 1139 1231 1309 1329 1393 1436 1485 1621 1686 1812 1895 1990 2030 2102 2166 2222 2279 2389 2452 2509 2526 2592 2710 2836 2886 2923 2991 3083 3109 3128

5 65
261 420 604 672 914

38 22
36 123 181 222 288 309 375 426 482 512 549 563 645 671 755 819 888 934 1005 1084 1132 1158 1232 1264 1316 1347 1420 1486 1522 1577 1630 1638 1650 1694 1765 1772 1856 1867

56 71
22 97 326 509 723 799 853 916 1187 1249 1518 1802 1871 2028 2160 2182 2357 2589 2613 2781 2831 2931 3172 3206 3330 3419 3537 3647 3807 3917 4118 4352 4488 4771 4815 4837 4906 5173 5371 5516 5708 5983 6091 6199 6423 6694 6822 6937 7198 7293 7464 7595 7637 7798 7843 8054

39 5
17 33 50 54 69 70 87 105 107 118 136 147 162 168 170 173 193 203 222 228 248 265 279 288 291 298 310 330 344 359 372 380 384 386 389 400 407 420 426

96 33
127 204 300 428 494 612 675 725 809 904 994 1074 1178 1243 1262 1324 1355 1404 1432 1452 1540 1584 1702 1814 1935 1957 2031 2067 2159 2198 2322 2403 2458 2575 2680 2788 2824 2938 2956 3009 3137 3182 3229 3313 3339 3400 3434 3485 3510 3579 3608 3685 3815 3889 3950 4007 4089 4116 4133 4177 4266 4340 4415 4487 4532 4556 4600 4726 4779 4811 4825 4922 4948 5029 5130 5175 5221 5319 5428 5494 5537 5580 5647 5771 5830 5923 6029 6104 6133 6209 6320 6433 6555 6683 6691 6793

25 51
123 181 228 253 316 490 582 622 644 793 821 933 973 1054 1202 1383 1420 1594 1697 1762 1839 2038 2183 2221 2389

84 47
117 273 431 601 619 784 875 972 1142 1192 1260 1406 1511 1628 1762 1916 1979 2125 2269 2371 2483 2537 2562 2597 2751 2911 3069 3184 3309 3345 3489 3589 3703 3720 3834 3919 4068 4167 4227 4259 4338 4513 4547 4686 4872 5058 5104 5186 5214 5314 5500 5668 5750 5854 5979 6107 6256 6405 6530 6656 6738 6924 7103 7131 7284 7299 7438 7581 7599 7729 7803 7818 7841 7890 8061 8082 8225 8323 8343 8530 8708 8885 9066 9186

73 68
144 227 455 539 703 743 814 911 1038 1297 1486 1576 1612 1857 1942 2034 2150 2169 2233 2284 2446 2584 2654 2840 3084 3127 3173 3369 3626 3647 3727 3788 3962 4048 4144 4293 4439 4469 4490 4610 4779 4800 4822 5042 5248 5413 5432 5702 5924 6136 6236 6381 6483 6561 6716 6785 6978 7164 7225 7261 7403 7452 7618 7645 7848 7881 7924 7960 8046 8236 8507 8597 8634

30 58
129 245 344 474 606 646 808 857 879 1034 1084 1136 1287 1500 1664 1841 2010 2230 2330 2538 2554 2613 2687 2761 2894 3121 3141 3298 3369 3526

88 13
46 92 118 123 137 177 219 253 305 326 339 373 385 409 430 464 467 478 499 535 578 622 666 691 725 776 781 813 863 909 955 980 1003 1051 1100 1150 1179 1218 1261 1278 1302 1349 1363 1410 1459 1462 1485 1501 1534 1586 1593 1600 1637 1646 1657 1666 1672 1708 1743 1758 1787 1827 1868 1907 1941 1948 1987 2013 2030 2055 2092 2141 2190 2232 2271 2316 2360 2382 2387 2425 2466 2493 2514 2537 2559 2586 2608 2619

95 6
20 23 27 29 51 58 81 88 104 125 141 154 178 202 223 239 254 257 277 301 318 337 354 358 374 389 400 409 417 436 441 445 456 479 483 489 493 507 518 533 537 542 554 577 581 589 592 616 633 645 661 670 671 689 695 708 715 733 756 772 791 812 835 848 850 864 869 884 893 910 915 922 929 950 967 987 997 1018 1020 1039 1040 1064 1070 1094 1108 1132 1141 1161 1164 1169 1189 1204 1228 1235 1239

7 26
31 125 226 292 332 403 473

60 72
245 457 551 663 714 792 977 1113 1280 1516 1633 1728 1824 1961 2076 2169 2269 2346 2570 2610 2638 2832 2926 2988 3171 3426 3502 3713 3769 4012 4246 4438 4673 4778 5005 5220 5427 5489 5637 5771 5847 5886 6003 6281 6533 6642 6809 6834 6909 7126 7154 7437 7704 7946 8097 8382 8650 8927 9204 9412

26 62
78 292 467 634 649 670 886 1014 1086 1131 1165 1212 1258 1504 1594 1667 1864 2080 2148 2206 2250 2401 2606 2840 2904 2951

13 76
59 266 396 546 739 963 1153 1336 1358 1473 1508 1641 1801

