45
28 71
281 513 562 765 1038 1242 1415 1538 1745 2008 2144 2254 2428 2513 2562 2668 2824 2866 3079 3157 3424 3563 3780 3977 4002 4180 4297 4435

79 42
19 39 159 226 281 405 418 438 489 657 757 895 1047 1170 1213 1311 1463 1578 1733 1824 1987 2013 2064 2228 2361 2512 2642 2704 2746 2894 3002 3119 3139 3281 3377 3450 3500 3584 3682 3772 3937 4103 4161 4263 4302 4339 4385 4499 4639 4767 4794 4909 5024 5166 5195 5254 5401 5474 5534 5690 5851 6001 6158 6306 6344 6361 6388 6445 6517 6578 6667 6835 7002 7019 7031 7083 7133 7176 7339

66 88
282 478 603 852 910 964 1217 1245 1511 1760 1890 2121 2208 2266 2492 2725 2928 2973 3266 3433 3589 3941 4182 4460 4702 4913 5150 5421 5699 5722 5994 6297 6569 6806 7034 7228 7468 7699 7776 7898 8209 8384 8447 8746 8783 8944 9189 9377 9710 10060 10218 10496 10626 10840 10950 11299 11326 11519 11751 12096 12269 12523 12696 12742 12833 12939

81 62
114 193 433 550 602 676 822 925 966 997 1136 1215 1267 1454 1503 1748 1818 2005 2086 2268 2417 2596 2810 3017 3096 3312 3475 3601 3718 3861 3886 3989 4068 4198 4375 4555 4609 4647 4818 4984 5017 5192 5208 5431 5567 5737 5829 5927 5995 6210 6408 6530 6717 6865 6897 7016 7193 7400 7576 7812 7853 8082 8173 8250 8311 8554 8620 8696 8925 8991 9006 9181 9414 9631 9702 9936 10074 10142 10255 10494 10592

64 43
128 138 308 347 441 564 600 620 714 858 957 1064 1183 1249 1274 1308 1457 1479 1510 1549 1712 1877 2048 2132 2153 2268 2394 2552 2723 2890 3053 3146 3205 3322 3375 3424 3544 3652 3781 3890 4032 4185 4304 4378 4544 4639 4691 4719 4795 4882 5047 5191 5252 5414 5540 5650 5805 5954 6094 6189 6256 6357 6443 6496

93 100
394 433 466 615 989 1387 1488 1849 1928 2066 2278 2584 2769 2819 2859 3080 3112 3451 3613 3803 3926 4134 4513 4615 4746 4866 5011 5240 5434 5482 5706 5769 6127 6478 6533 6600 6702 7075 7145 7499 7571 7642 7787 7964 8011 8275 8390 8420 8724 8894 9085 9419 9728 10121 10399 10453 10773 10830 10865 11207 11504 11803 11911 12240 12371 12501 12742 13076 13410 13639 13811 14121 14372 14631 14858 14963 15138 15211 15593 15875 15952 16191 16304 16671 16754 16952 17043 17400 17789 18169 18546 18733 18791

64 17
25 29 61 77 111 144 207 244 249 269 300 304 308 317 327 341 400 422 481 502 535 571 631 692 696 750 754 811 821 883 926 988 1030 1066 1119 1124 1189 1218 1241 1274 1325 1387 1417 1476 1500 1546 1612 1678 1686 1710 1734 1802 1835 1850 1854 1903 1939 1972 1979 1990 2035 2080 2116 2137

65 55
212 397 583 713 909 965 1139 1242 1381 1405 1599 1623 1654 1689 1744 1802 1990 2058 2144 2347 2558 2571 2661 2767 2806 2932 3133 3265 3291 3431 3531 3579 3684 3891 4087 4207 4261 4382 4531 4608 4813 4997 5191 5271 5440 5593 5709 5884 6088 6245 6337 6523 6640 6736 6778 6881 6999 7152 7175 7207 7292 7418 7633 7840 7967

27 1
5 8 12 12 13 16 19 23 26 28 28 28 30 32 32 32 35 36 40 41 45 46 50 54 58 61 63

54 27
58 151 234 252 267 337 379 470 499 519 622 713 781 835 925 1014 1033 1085 1193 1293 1357 1411 1514 1586 1633 1650 1739 1838 1901 2009 2024 2111 2168 2252 2322 2370 2432 2506 2523 2583 2597 2636 2658 2759 2818 2872 2928 2970 3066 3087 3117 3159 3261 3316

63 80
170 205 413 612 915 1187 1286 1375 1687 1895 2084 2340 2611 2702 3015 3105 3211 3462 3671 3875 3989 4106 4192 4439 4686 4834 5038 5248 5403 5696 5905 5998 6243 6483 6734 6901 7074 7173 7375 7514 7658 7974 8135 8251 8372 8611 8904 8934 8999 9082 9288 9336 9513 9771 9898 9925 9980 10104 10372 10667 10954 11035 11184

13 85
32 151 397 557 849 878 916 1006 1150 1415 1440 1474 1552

27 30
16 49 139 187 254 347 444 564 591 705 816 872 902 946 1016 1035 1122 1237 1291 1371 1449 1490 1542 1637 1731 1792 1874

14 43
93 194 242 328 440 548 714 837 983 1120 1243 1402 1546 1574

7 84
310 417 449 566 841 866 1164

43 54
195 285 442 535 613 671 809 827 904 1008 1159 1224 1303 1463 1652 1813 1999 2096 2121 2199 2295 2369 2409 2440 2646 2670 2782 2938 3138 3175 3357 3479 3608 3682 3701 3791 3995 4176 4336 4506 4554 4768 4804

99 19
67 142 192 214 285 305 331 376 393 418 440 486 492 551 621 677 690 751 779 797 859 916 986 1043 1106 1164 1179 1221 1252 1276 1308 1318 1333 1366 1441 1488 1517 1552 1570 1635 1706 1730 1777 1817 1857 1871 1923 1987 1996 2070 2080 2129 2148 2194 2267 2309 2323 2358 2378 2446 2511 2563 2601 2610 2668 2709 2745 2771 2805 2826 2862 2903 2938 2944 3012 3082 3091 3122 3159 3184 3258 3294 3307 3369 3412 3438 3468 3473 3508 3550 3554 3596 3609 3638 3682 3714 3753 3791 3814

52 50
51 121 266 295 456 504 658 734 829 934 1026 1131 1265 1364 1451 1642 1791 1869 1955 2113 2231 2421 2472 2555 2709 2800 2816 2845 2982 3038 3210 3306 3419 3434 3549 3586 3782 3925 4028 4171 4344 4359 4399 4454 4633 4702 4830 4986 5091 5224 5399 5561

10 88
24 124 321 347 570 695 724 992 1081 1143

45 82
187 234 555 611 659 866 927 947 1223 1469 1494 1812 2051 2178 2327 2431 2722 2891 2951 3181 3329 3543 3719 3906 3986 4274 4436 4653 4970 5135 5370 5636 5739 5891 6172 6326 6348 6526 6681 6870 7083 7162 7232 7501 7814

16 34
122 149 160 279 291 337 417 538 642 722 799 838 900 926 996 1029

90 26
37 127 154 207 291 298 352 413 469 490 544 626 651 714 747 775 830 891 975 1044 1102 1156 1220 1277 1378 1434 1493 1558 1577 1590 1626 1665 1761 1767 1805 1845 1906 1939 1977 1993 2049 2097 2190 2252 2294 2350 2405 2439 2524 2610 2621 2655 2706 2740 2833 2858 2931 3021 3076 3146 3200 3264 3287 3378 3461 3558 3600 3653 3678 3698 3749 3837 3849 3917 3927 4029 4060 4083 4103 4189 4223 4236 4280 4326 4359 4435 4486 4527 4568 4599

64 50
110 153 207 241 275 382 455 502 674 765 826 939 1102 1122 1174 1258 1296 1362 1456 1656 1715 1882 1933 2118 2257 2393 2443 2623 2803 2884 2980 3115 3241 3275 3383 3490 3523 3717 3764 3789 3944 4082 4169 4344 4417 4551 4563 4753 4862 4970 5040 5152 5341 5432 5450 5602 5747 5902 6013 6212 6380 6487 6560 6582

61 78
310 572 762 924 1230 1479 1558 1744 1861 1929 1996 2142 2294 2330 2380 2610 2653 2950 3078 3354 3477 3637 3917 4012 4173 4205 4375 4459 4551 4734 4800 5057 5124 5231 5403 5594 5762 5830 6079 6324 6406 6682 6889 7013 7074 7211 7367 7649 7817 7897 8182 8429 8530 8815 9010 9142 9174 9357 9399 9491 9670

89 66
86 318 549 726 853 1023 1103 1231 1285 1435 1528 1723 1804 1970 2073 2226 2372 2551 2726 2818 2860 3005 3110 3343 3372 3572 3729 3846 3891 3999 4204 4466 4574 4648 4790 4929 4993 5107 5310 5331 5361 5408 5628 5799 5815 6006 6125 6195 6291 6377 6450 6479 6691 6777 6941 7021 7265 7440 7577 7817 7852 7985 8210 8287 8348 8608 8724 8844 8926 9059 9227 9310 9548 9775 9828 9906 10060 10208 10447 10589 10693 10878 10928 11130 11208 11441 11476 11600 11723

89 85
336 584 843 882 964 1066 1273 1476 1759 1998 2147 2455 2537 2809 2907 3016 3314 3526 3705 3759 3959 4094 4327 4457 4747 5003 5097 5243 5484 5643 5913 6172 6210 6330 6631 6694 7016 7052 7137 7457 7629 7781 7935 8106 8139 8193 8237 8264 8410 8559 8891 8985 9140 9388 9435 9609 9750 9951 10251 10323 10545 10713 10771 11053 11129 11261 11486 11580 11683 12008 12332 12582 12755 12944 13100 13287 13407 13546 13886 14003 14281 14304 14545 14570 14755 14828 15009 15167 15321

8 9
10 18 53 83 94 130 164 180

20 9
8 14 28 63 97 133 151 174 176 203 207 219 254 263 293 305 323 353 369 393

16 28
99 112 220 293 383 474 533 606 629 658 704 739 777 878 985 1044

73 89
143 343 687 755 832 913 1015 1093 1194 1219 1319 1343 1384 1597 1876 2146 2464 2603 2699 2747 2982 3168 3350 3453 3478 3632 3656 3739 3810 3978 4178 4463 4513 4595 4888 5041 5131 5382 5640 5888 6089 6200 6378 6541 6581 6846 7025 7352 7560 7801 8108 8159 8484 8632 8913 9075 9153 9249 9482 9634 9792 9831 9973 10118 10259 10585 10759 10879 11162 11486 11514 11838 11991

68 2
5 11 15 20 25 27 35 35 37 37 45 52 52 60 62 63 68 76 81 89 89 94 95 98 106 110 118 123 130 134 138 145 149 154 161 167 167 169 173 173 175 182 185 190 190 192 192 198 206 206 214 214 214 218 219 224 232 232 232 234 242 250 256 262 268 276 276 283

70 66
210 392 578 842 994 1250 1350 1521 1630 1692 1912 2158 2376 2451 2634 2721 2907 3051 3118 3354 3585 3626 3728 3824 4088 4282 4535 4624 4668 4928 5167 5395 5450 5570 5697 5858 5965 6055 6277 6505 6548 6707 6760 6827 7079 7130 7229 7374 7500 7650 7713 7755 7789 7962 8077 8304 8483 8640 8697 8803 8952 9021 9229 9246 9502 9691 9862 9906 10073 10250

79 84
297 396 566 691 789 869 1054 1323 1596 1820 1847 2048 2121 2375 2660 2749 2989 3269 3435 3461 3664 3754 3803 4112 4167 4218 4300 4339 4662 4964 5111 5410 5700 5843 5981 6008 6044 6068 6308 6607 6710 7015 7309 7562 7619 7863 7897 8010 8197 8321 8467 8637 8844 9173 9334 9364 9422 9752 10031 10222 10333 10626 10753 10969 11264 11371 11622 11831 11975 12078 12340 12605 12682 12825 12898 12992 13272 13370 13530

53 12
12 43 64 77 110 139 161 193 200 240 253 272 302 343 374 382 418 452 456 476 518 563 576 622 634 643 665 675 696 732 743 757 804 808 818 826 846 858 864 872 900 911 945 966 1006 1051 1090 1119 1128 1159 1172 1191 1195

62 93
327 486 819 1020 1122 1179 1484 1706 1786 1812 1865 2184 2235 2557 2863 3215 3243 3396 3581 3899 4198 4313 4374 4558 4669 4801 5106 5392 5473 5734 5993 6207 6318 6566 6620 6891 6972 7333 7424 7469 7763 7941 8140 8369 8708 8829 8863 9064 9155 9323 9360 9667 9910 10263 10396 10502 10811 10910 10948 11292 11366 11622

33 91
332 504 642 785 1117 1341 1473 1708 1761 1876 2014 2295 2344 2694 2750 3007 3309 3359 3684 4025 4087 4219 4294 4504 4713 4745 5041 5238 5310 5564 5664 5859 5966

18 98
40 298 504 683 992 1043 1093 1386 1593 1695 1895 2020 2213 2410 2540 2623 2778 3141

40 100
396 605 978 1157 1353 1401 1529 1731 2059 2381 2412 2607 2899 3147 3347 3644 4004 4376 4526 4752 5077 5224 5521 5713 5786 5992 6332 6521 6758 7139 7290 7429 7738 8120 8464 8497 8702 8894 8950 9056

47 6
12 13 30 35 59 82 92 98 106 115 126 140 161 185 187 211 229 231 236 247 259 268 279 301 309 323 331 336 343 366 379 384 389 391 400 407 418 424 432 433 435 455 466 490 491 502 526

52 9
26 42 44 48 63 91 123 145 174 208 213 218 230 249 260 280 287 317 326 333 367 403 435 455 469 496 513 515 529 563 591 604 608 644 646 662 675 686 698 730 743 766 796 828 852 862 892 924 936 946 978 987

84 64
216 351 530 566 676 775 988 1012 1028 1110 1234 1283 1499 1621 1741 1814 2052 2068 2237 2353 2457 2631 2691 2896 3066 3121 3214 3309 3430 3567 3635 3659 3860 3947 3989 4074 4309 4562 4665 4747 4961 5073 5195 5301 5523 5674 5870 5912 6165 6226 6404 6506 6584 6838 7058 7077 7276 7306 7486 7505 7649 7778 7798 8005 8121 8358 8495 8704 8910 9145 9287 9476 9610 9836 10079 10249 10437 10631 10658 10738 10789 10963 11214 11447

2 6
4 24

75 84
205 503 645 856 1029 1106 1403 1571 1905 1963 2180 2332 2666 2900 3172 3335 3476 3669 3777 4071 4313 4415 4561 4875 5195 5482 5757 5995 6124 6233 6405 6506 6645 6954 6992 7222 7373 7620 7827 8038 8135 8274 8332 8515 8590 8647 8786 9035 9286 9386 9709 9964 10248 10369 10510 10820 11032 11128 11455 11603 11876 12210 12440 12758 12959 13234 13373 13418 13453 13519 13559 13619 13741 13976 14266

48 22
49 78 86 127 169 187 268 333 395 400 425 502 530 613 684 771 788 812 828 875 914 989 1021 1092 1102 1146 1185 1227 1299 1368 1427 1509 1529 1565 1624 1657 1726 1747 1804 1874 1904 1917 1995 2073 2154 2177 2240 2315

35 3
3 10 11 20 29 39 39 50 59 61 72 74 82 90 98 108 120 123 128 129 139 143 151 151 156 157 162 162 170 177 179 187 191 195 205

