10
61 36
88 139 155 188 274 391 483 498 634 701 774 834 907 998 1080 1137 1234 1270 1413 1520 1530 1611 1740 1854 1925 2003 2101 2155 2299 2417 2506 2619 2671 2784 2923 2998 3107 3217 3359 3467 3598 3739 3815 3840 3905 3962 4053 4083 4166 4181 4222 4315 4423 4470 4508 4539 4667 4702 4826 4875 4933

81 33
34 126 238 345 423 446 492 505 595 668 700 825 863 872 902 1034 1152 1274 1347 1405 1490 1520 1605 1670 1783 1888 1930 1993 2111 2153 2233 2249 2348 2460 2470 2527 2636 2660 2773 2891 2957 3002 3027 3112 3184 3237 3333 3426 3465 3491 3533 3565 3611 3725 3806 3881 3924 4039 4070 4133 4242 4253 4377 4388 4466 4573 4590 4649 4703 4718 4823 4928 4950 5001 5078 5161 5242 5362 5480 5561 5632

24 94
54 275 439 703 819 1106 1422 1512 1668 1816 1893 2002 2037 2111 2227 2556 2601 2960 3072 3437 3475 3553 3598 3806

70 24
82 117 183 275 304 390 428 441 499 509 526 544 624 711 741 816 835 896 955 1001 1057 1111 1134 1229 1253 1282 1377 1423 1434 1523 1610 1628 1680 1711 1795 1877 1952 1986 2030 2102 2122 2177 2261 2288 2384 2454 2548 2622 2630 2681 2729 2782 2867 2958 2995 3071 3111 3183 3193 3254 3338 3416 3482 3555 3627 3667 3685 3768 3805 3879

2 58
142 254

33 22
59 101 139 156 193 255 325 403 445 487 492 557 641 707 794 806 854 896 974 1053 1081 1114 1130 1194 1219 1272 1285 1369 1454 1519 1560 1576 1641

36 100
209 584 929 1016 1170 1552 1721 1973 2316 2350 2509 2798 3011 3055 3103 3233 3398 3527 3692 3930 4297 4513 4783 5076 5412 5498 5574 5771 5807 6000 6227 6462 6760 6988 7157 7366

72 80
284 437 731 871 953 1220 1429 1633 1823 1848 2089 2248 2563 2801 3052 3219 3426 3719 3842 3949 4139 4285 4563 4629 4926 4985 5233 5462 5709 5870 6028 6310 6413 6536 6561 6819 6957 7068 7132 7289 7601 7884 8160 8458 8529 8620 8755 8971 9208 9257 9468 9570 9756 9940 10260 10508 10543 10852 11114 11250 11340 11394 11682 11966 12257 12291 12606 12845 13084 13363 13646 13840

27 18
73 78 91 149 158 162 190 210 218 225 289 360 393 410 459 481 509 546 555 623 672 731 790 848 883 927 979

49 40
32 186 258 353 479 522 581 613 640 775 899 1059 1209 1328 1425 1567 1648 1708 1823 1913 2016 2066 2157 2226 2290 2382 2474 2597 2735 2801 2936 3019 3051 3070 3138 3149 3275 3385 3418 3538 3693 3729 3879 4008 4052 4147 4288 4391 4509

