29
25 24
55 149 160 250 260 331 408 489 576 590 600 656 700 711 767 837 929 959 982 1072 1131 1182 1252 1298 1345

16 47
24 45 180 263 274 421 464 604 756 771 826 916 1093 1137 1224 1306

49 61
84 135 319 340 476 528 727 922 959 1034 1109 1152 1196 1282 1417 1555 1619 1779 1916 1995 2219 2418 2650 2879 3049 3065 3198 3384 3536 3696 3892 3959 4175 4395 4475 4612 4636 4701 4818 4945 5004 5174 5278 5403 5526 5666 5849 5968 5992

58 26
43 56 75 179 229 321 387 473 550 562 596 659 665 695 797 841 900 976 1019 1027 1067 1093 1146 1166 1197 1255 1265 1315 1338 1395 1402 1412 1503 1542 1609 1648 1703 1801 1873 1887 1971 2030 2121 2212 2227 2316 2340 2348 2449 2520 2623 2691 2701 2798 2817 2851 2917 2958

3 68
68 230 419

5 76
99 389 587 702 987

69 83
306 547 634 779 1083 1139 1302 1417 1468 1618 1874 2200 2490 2702 2753 2886 3044 3226 3513 3806 3968 4225 4485 4686 4773 4929 5001 5058 5177 5257 5518 5604 5755 6083 6132 6307 6546 6592 6655 6707 6970 7096 7288 7602 7808 8100 8266 8543 8824 8915 9042 9175 9349 9674 9962 10087 10282 10494 10624 10879 11195 11281 11588 11819 12118 12413 12525 12761 13056

58 18
6 58 65 120 138 150 160 207 228 285 325 395 433 442 459 523 539 567 636 701 764 821 832 869 941 1006 1026 1046 1055 1105 1125 1178 1223 1258 1292 1345 1375 1403 1421 1471 1519 1585 1629 1696 1756 1777 1795 1855 1906 1919 1955 1983 2051 2099 2107 2129 2168 2184

24 55
211 368 394 558 637 665 719 922 1100 1239 1317 1373 1564 1591 1620 1783 1864 1966 2182 2393 2556 2707 2920 3044

44 28
92 203 262 350 449 497 543 569 593 691 709 737 832 923 930 1027 1066 1088 1107 1152 1185 1199 1243 1277 1378 1472 1562 1648 1716 1794 1891 1943 1999 2035 2139 2222 2290 2392 2423 2527 2567 2643 2681 2733

77 58
113 331 523 740 852 949 1050 1262 1365 1384 1510 1738 1926 2067 2248 2430 2611 2781 2935 2968 3157 3354 3474 3617 3806 3992 4193 4326 4538 4568 4637 4728 4900 5063 5092 5299 5436 5476 5519 5561 5654 5677 5800 5963 6011 6100 6302 6429 6543 6660 6856 6888 6982 7087 7126 7248 7371 7500 7586 7600 7767 7836 8067 8091 8316 8465 8654 8693 8795 8913 8992 9129 9247 9445 9505 9652 9705

29 85
323 397 596 801 980 1076 1383 1601 1920 2191 2447 2561 2852 3069 3136 3303 3339 3501 3553 3883 4045 4143 4478 4633 4952 5036 5213 5373 5513

20 48
26 198 309 380 495 602 760 878 1028 1078 1270 1303 1434 1562 1602 1667 1745 1884 1994 2065

21 67
188 233 273 368 405 471 544 764 894 1019 1168 1267 1347 1409 1665 1779 1850 1885 2068 2331 2419

12 5
17 35 40 56 75 82 87 89 107 114 122 126

73 82
173 437 686 751 996 1085 1365 1595 1870 2052 2122 2444 2559 2647 2705 2860 2985 3275 3412 3698 3734 3810 3909 4080 4296 4600 4914 5101 5143 5365 5500 5684 5958 6239 6317 6379 6503 6725 6908 6970 7012 7131 7370 7606 7921 8060 8084 8295 8497 8796 8999 9165 9467 9768 9983 10266 10320 10474 10734 10999 11138 11243 11529 11717 11908 11958 12081 12374 12503 12773 12980 13083 13117

32 86
182 282 490 788 987 1268 1548 1634 1732 1886 2191 2450 2617 2917 3048 3340 3477 3608 3671 3701 4015 4341 4405 4615 4749 4934 4967 4995 5046 5100 5260 5331

67 64
189 405 655 910 940 1169 1243 1371 1609 1754 1904 2128 2206 2281 2452 2524 2588 2767 2799 2840 2981 3052 3194 3352 3499 3704 3848 4050 4289 4315 4393 4631 4724 4926 5040 5118 5225 5386 5480 5566 5693 5836 5925 5998 6075 6264 6281 6325 6395 6589 6664 6815 6946 7115 7174 7273 7501 7707 7825 7875 7991 8110 8143 8209 8233 8379 8487

2 22
85 116

71 29
99 191 209 281 290 351 440 526 600 669 768 867 969 1029 1041 1053 1150 1175 1197 1265 1293 1356 1463 1523 1584 1697 1787 1898 1928 1967 2046 2123 2232 2299 2389 2424 2469 2549 2639 2700 2793 2867 2949 3008 3081 3105 3112 3157 3257 3309 3405 3516 3548 3572 3590 3698 3726 3823 3888 3918 4023 4129 4153 4218 4333 4419 4453 4550 4638 4710 4779

37 80
210 422 691 1003 1242 1461 1546 1863 1935 2243 2421 2692 2964 3091 3369 3482 3541 3728 3768 3866 4127 4171 4296 4516 4589 4616 4890 5127 5376 5486 5784 5930 5954 6154 6389 6581 6619

1 76
297

65 67
194 375 558 772 909 978 1091 1325 1365 1535 1758 1808 1825 1860 1945 2189 2382 2439 2483 2710 2731 2856 3119 3197 3353 3481 3638 3802 3911 4094 4222 4385 4638 4767 4893 5016 5057 5317 5459 5727 5921 5996 6128 6159 6365 6548 6721 6818 6956 7148 7411 7518 7709 7874 7994 8147 8391 8657 8767 8973 9239 9416 9640 9795 9985

61 64
52 267 297 506 542 669 775 923 970 1103 1134 1231 1457 1543 1626 1878 1908 2041 2247 2502 2575 2661 2875 3093 3333 3487 3640 3831 4037 4260 4290 4497 4551 4716 4941 5094 5310 5489 5693 5718 5791 5875 6040 6206 6261 6456 6680 6853 7030 7089 7119 7239 7473 7662 7918 7960 7990 8059 8292 8339 8509

74 31
69 89 180 250 283 326 359 473 502 586 623 699 782 876 930 986 1107 1179 1285 1346 1368 1459 1503 1623 1633 1744 1843 1946 1960 1985 2029 2104 2208 2308 2420 2474 2590 2618 2663 2766 2828 2859 2948 2971 3092 3206 3252 3298 3421 3483 3503 3545 3569 3622 3731 3817 3825 3948 4030 4062 4155 4254 4363 4377 4450 4567 4644 4746 4868 4922 5004 5048 5147 5193

65 94
89 145 260 493 605 946 1146 1461 1653 1771 2065 2090 2264 2416 2580 2612 2955 3328 3597 3889 4103 4307 4535 4753 5021 5218 5585 5929 6193 6254 6603 6966 6997 7143 7258 7558 7834 7998 8115 8473 8835 9135 9411 9523 9874 10112 10160 10408 10754 10886 10970 11151 11415 11576 11738 11987 12232 12561 12752 13008 13121 13254 13420 13595 13778

74 96
44 149 482 568 669 879 1184 1453 1565 1622 1712 2081 2240 2478 2598 2758 2887 3049 3123 3352 3467 3519 3851 4075 4349 4520 4730 4832 5186 5563 5865 6246 6420 6646 6718 6767 6918 6950 7206 7432 7556 7750 8096 8332 8698 8930 9312 9614 9853 10056 10090 10417 10667 10778 10871 11090 11199 11466 11716 11854 11997 12305 12650 12969 13036 13303 13487 13555 13921 14097 14169 14346 14503 14759

27 24
65 141 153 177 230 270 354 370 456 526 561 571 656 741 812 829 840 882 977 1033 1088 1104 1189 1215 1284 1335 1354

52 89
166 495 780 1060 1368 1545 1854 1922 1949 2164 2344 2599 2894 2945 3051 3313 3650 3729 3898 4108 4164 4482 4664 4718 4803 4927 5195 5443 5603 5637 5661 5821 6125 6255 6444 6783 6988 7111 7309 7437 7659 7766 7991 8300 8600 8827 8960 9105 9295 9509 9651 9999

