49
54 35
34 141 280 371 429 523 600 694 759 818 925 1036 1044 1147 1283 1423 1440 1524 1567 1607 1655 1795 1853 1939 1985 2061 2139 2241 2372 2427 2500 2533 2567 2667 2773 2904 2958 3054 3185 3218 3356 3469 3577 3698 3724 3858 3946 3958 4000 4091 4207 4248 4358 4368

47 90
290 375 650 727 965 1156 1224 1335 1624 1886 2076 2098 2345 2578 2720 2974 3204 3346 3401 3631 3675 3779 4058 4416 4623 4928 4973 5201 5286 5453 5776 5974 6239 6524 6812 7056 7411 7565 7722 7933 8228 8291 8451 8510 8603 8906 9050

24 4
13 19 30 42 55 66 76 81 87 101 108 122 133 141 157 172 179 185 199 200 204 217 220 224

54 88
307 413 731 957 1303 1393 1680 1877 1954 2221 2473 2805 2945 3012 3192 3294 3457 3490 3710 4057 4246 4328 4394 4487 4759 4794 4931 4958 5106 5282 5306 5480 5675 5852 6086 6214 6310 6533 6622 6800 7110 7160 7471 7746 7803 7839 8085 8145 8174 8421 8630 8758 9032 9187

55 47
71 218 357 508 610 651 753 858 898 939 972 1126 1194 1303 1490 1536 1607 1740 1914 1959 1984 2155 2297 2378 2563 2694 2839 2957 3061 3208 3309 3412 3463 3579 3680 3760 3809 3866 4043 4063 4095 4242 4366 4390 4498 4624 4770 4787 4837 4964 5148 5190 5237 5280 5361

77 13
23 36 57 97 110 115 128 171 196 203 237 244 250 255 299 319 365 416 461 505 531 574 611 625 643 666 701 747 775 800 837 868 877 925 938 962 978 1027 1050 1096 1103 1152 1194 1225 1252 1277 1299 1329 1344 1378 1393 1424 1432 1477 1494 1498 1533 1544 1559 1562 1604 1631 1669 1700 1731 1753 1770 1808 1815 1855 1869 1887 1898 1941 1952 1955 1993

57 44
105 154 178 227 293 420 593 627 748 830 935 978 1053 1140 1151 1326 1427 1507 1608 1741 1816 1979 2061 2093 2259 2318 2381 2421 2555 2616 2738 2751 2807 2907 2962 3062 3145 3182 3306 3364 3459 3477 3514 3582 3612 3657 3779 3880 3921 4074 4231 4365 4487 4575 4718 4811 4874

75 55
118 231 441 583 634 761 947 1134 1263 1324 1443 1558 1642 1777 1959 1986 2008 2089 2104 2252 2437 2601 2625 2808 2969 3097 3281 3465 3578 3709 3869 4007 4220 4253 4444 4625 4745 4828 4864 4884 4949 5102 5234 5309 5423 5459 5497 5567 5754 5951 6037 6229 6310 6342 6364 6511 6610 6808 7007 7030 7097 7140 7238 7327 7382 7508 7670 7697 7762 7865 8012 8215 8250 8374 8396

75 23
15 70 100 126 141 174 255 283 289 367 409 425 472 516 525 557 637 646 651 684 693 739 767 777 854 902 950 980 1008 1039 1048 1089 1153 1192 1281 1291 1319 1358 1410 1434 1501 1544 1559 1651 1693 1739 1782 1836 1852 1904 1976 2037 2127 2172 2242 2252 2306 2362 2439 2448 2478 2569 2619 2679 2704 2779 2866 2920 2975 3061 3087 3108 3195 3270 3347

22 74
39 80 113 286 415 436 720 920 977 1165 1449 1517 1597 1771 2046 2258 2314 2560 2726 3020 3079 3285

82 76
20 88 116 226 415 652 766 1054 1150 1172 1276 1575 1811 1927 2080 2154 2238 2472 2518 2785 3050 3319 3567 3853 4151 4368 4462 4696 4941 5130 5228 5424 5703 5846 6089 6112 6175 6462 6695 6964 7193 7303 7418 7561 7716 8016 8172 8402 8561 8809 8918 9194 9396 9640 9784 10064 10111 10296 10388 10441 10523 10677 10734 10776 10817 10870 10932 11222 11491 11560 11658 11906 11941 12123 12247 12335 12562 12844 12994 13193 13302 13411

22 75
208 251 447 680 766 992 1080 1286 1515 1627 1757 1934 2095 2334 2506 2769 2879 3064 3343 3428 3511 3701

93 90
165 488 800 916 955 1162 1204 1465 1610 1887 2097 2152 2507 2537 2848 3048 3352 3535 3764 4028 4243 4310 4628 4796 5154 5361 5445 5671 5796 6111 6350 6564 6907 6943 7287 7490 7555 7827 8042 8256 8314 8595 8896 9138 9283 9563 9777 9965 10319 10410 10527 10884 11157 11483 11509 11788 12034 12126 12284 12582 12752 12869 13191 13379 13705 14035 14083 14150 14353 14485 14779 15126 15314 15384 15607 15800 15987 16030 16388 16479 16584 16618 16800 16998 17074 17237 17504 17815 18173 18225 18300 18465 18510

75 34
131 225 360 444 564 600 672 764 883 947 1035 1170 1290 1300 1403 1512 1561 1643 1754 1883 1979 2049 2068 2094 2156 2253 2350 2399 2454 2549 2614 2704 2787 2807 2908 2993 3023 3040 3052 3179 3225 3310 3407 3511 3551 3621 3690 3726 3824 3935 4007 4023 4095 4181 4295 4314 4340 4387 4486 4545 4651 4683 4710 4838 4871 4944 4984 5109 5201 5331 5434 5516 5597 5673 5744

97 4
16 26 40 54 67 79 93 96 101 105 118 121 136 138 151 157 173 180 193 208 214 215 216 230 240 242 251 252 255 270 285 287 303 310 316 330 332 337 344 349 364 376 383 399 410 416 428 436 441 442 454 469 476 483 494 509 517 529 535 544 553 556 559 562 573 583 596 607 623 636 649 653 656 662 674 680 684 691 692 696 699 708 724 731 745 759 775 791 803 805 806 817 825 834 846 853 860

95 12
46 68 85 133 159 204 226 256 288 296 310 353 361 375 406 424 450 495 530 543 583 594 631 637 653 670 711 717 765 776 800 817 838 845 893 915 961 1007 1046 1079 1104 1133 1167 1197 1205 1231 1243 1267 1277 1305 1314 1351 1387 1396 1426 1455 1474 1493 1523 1526 1561 1580 1627 1667 1710 1734 1757 1794 1823 1857 1863 1900 1920 1959 1966 2014 2035 2073 2101 2114 2158 2188 2223 2243 2286 2304 2320 2348 2366 2397 2423 2455 2485 2505 2522

13 15
40 74 80 87 105 132 177 182 210 258 305 312 367

12 88
108 454 545 658 938 1130 1239 1295 1321 1603 1877 1936

36 61
149 184 317 419 507 530 758 925 1083 1317 1469 1630 1849 1957 1997 2179 2396 2560 2595 2810 2948 3072 3162 3369 3499 3582 3760 3824 3987 4011 4090 4221 4271 4321 4375 4505

51 82
46 95 377 575 739 952 1057 1097 1404 1433 1725 1826 1959 2051 2106 2351 2666 2794 3117 3410 3472 3589 3669 3917 4123 4386 4431 4755 4849 5040 5176 5271 5507 5805 6109 6426 6573 6687 6840 6988 7124 7440 7532 7558 7585 7649 7754 7782 7918 7961 8001

14 1
3 3 7 7 8 12 14 14 17 20 24 25 27 27

66 74
29 291 476 737 776 932 1151 1263 1353 1634 1831 1895 1976 2258 2541 2570 2692 2774 2802 2994 3026 3205 3290 3407 3563 3582 3772 4032 4061 4279 4361 4401 4473 4649 4673 4918 5152 5302 5523 5640 5839 5889 5985 6185 6371 6568 6642 6769 7063 7214 7349 7524 7790 8037 8171 8425 8570 8638 8790 8911 8974 9036 9145 9183 9436 9496

41 28
17 86 116 161 238 278 367 423 532 608 646 730 823 882 920 966 1018 1070 1090 1104 1187 1267 1331 1423 1487 1533 1552 1614 1718 1727 1749 1834 1881 1965 2027 2067 2096 2134 2154 2165 2255

82 19
15 55 125 147 220 290 336 354 395 414 426 496 571 607 659 728 796 831 877 924 935 963 968 978 1048 1078 1116 1143 1183 1249 1263 1275 1286 1332 1378 1435 1471 1491 1513 1551 1623 1637 1651 1676 1748 1818 1872 1901 1964 2019 2057 2103 2115 2191 2260 2278 2293 2316 2328 2379 2424 2447 2490 2507 2574 2619 2692 2738 2765 2785 2851 2924 2962 3028 3064 3103 3174 3202 3242 3257 3317 3322

38 38
31 176 198 327 399 448 459 562 712 836 854 940 1001 1148 1292 1346 1364 1441 1545 1619 1670 1723 1849 1994 2112 2177 2259 2278 2380 2447 2470 2490 2562 2630 2659 2758 2794 2914

38 64
121 372 579 672 889 1064 1127 1257 1344 1545 1616 1679 1853 2098 2238 2414 2536 2709 2875 2984 3088 3218 3369 3570 3680 3744 3874 4059 4291 4310 4343 4410 4631 4781 4920 5146 5227 5418

38 6
24 47 52 54 64 83 97 121 122 127 142 156 166 175 195 219 227 245 264 265 280 294 301 317 331 343 365 368 379 396 407 408 424 442 458 477 490 506

38 1
3 6 6 6 9 13 15 15 15 15 15 19 22 22 24 27 30 34 34 34 38 42 45 45 45 46 46 46 47 47 49 52 56 59 61 64 68 68

95 78
97 312 474 781 942 1019 1106 1156 1381 1540 1836 1881 2139 2293 2340 2615 2779 3063 3280 3439 3581 3636 3779 3882 4031 4153 4240 4470 4750 4980 5054 5084 5248 5274 5352 5384 5574 5618 5642 5817 5886 6124 6429 6622 6670 6910 7077 7149 7413 7621 7848 7884 8147 8277 8490 8761 8838 8946 9241 9307 9400 9693 9800 9820 10131 10323 10578 10743 10932 11211 11518 11700 12001 12178 12486 12787 13071 13117 13423 13527 13570 13872 14031 14274 14403 14442 14540 14749 14814 14853 14901 15088 15227 15468 15701

11 41
43 91 135 236 335 451 527 575 630 722 786

70 69
237 377 408 450 675 692 900 1171 1366 1473 1746 1863 1959 2142 2173 2365 2619 2755 2982 3243 3264 3437 3712 3917 4155 4258 4512 4690 4942 5217 5379 5601 5706 5751 5784 5859 6130 6224 6430 6501 6695 6774 6942 7059 7313 7553 7809 7844 7983 8148 8238 8354 8582 8792 9023 9143 9353 9540 9771 9903 9969 10096 10309 10483 10724 10836 11041 11096 11133 11350

92 27
66 154 175 260 356 440 446 485 548 554 563 605 695 763 769 841 855 878 895 968 1019 1034 1096 1140 1160 1224 1281 1329 1342 1414 1431 1445 1483 1508 1521 1600 1652 1738 1844 1947 1975 2042 2116 2137 2149 2211 2259 2271 2298 2365 2448 2456 2547 2624 2649 2707 2761 2823 2851 2882 2956 2980 3081 3187 3248 3312 3377 3435 3492 3529 3591 3617 3636 3704 3776 3796 3899 3943 4035 4071 4146 4219 4314 4328 4355 4402 4431 4460 4529 4579 4657 4713

77 67
130 198 437 457 655 829 903 1105 1305 1474 1687 1782 1914 2170 2205 2469 2701 2904 3038 3221 3357 3545 3597 3759 3955 4158 4220 4382 4468 4689 4921 5116 5207 5347 5494 5510 5554 5724 5992 6133 6172 6312 6498 6621 6709 6783 6976 7143 7160 7372 7388 7523 7611 7648 7721 7942 8093 8249 8308 8570 8712 8944 9161 9426 9596 9853 9897 10000 10189 10457 10584 10736 10985 11017 11075 11106 11326

86 20
16 72 148 165 191 241 298 307 360 369 422 475 528 537 592 642 688 731 752 770 847 884 912 940 988 1004 1053 1065 1116 1132 1138 1188 1260 1269 1291 1306 1376 1397 1419 1443 1502 1561 1601 1641 1702 1710 1769 1846 1877 1916 1988 2063 2078 2152 2183 2202 2241 2311 2352 2411 2448 2516 2589 2664 2733 2740 2758 2833 2885 2952 2968 3047 3113 3138 3177 3221 3282 3355 3379 3458 3503 3520 3589 3620 3700 3723

53 58
60 292 339 353 495 636 681 881 1086 1245 1259 1312 1371 1529 1731 1800 1963 2068 2091 2117 2286 2425 2585 2613 2805 2902 3038 3254 3326 3389 3460 3527 3714 3816 3992 4198 4358 4434 4609 4660 4754 4823 4973 5011 5115 5241 5262 5311 5427 5507 5639 5737 5814

87 84
175 322 460 569 623 789 865 1171 1202 1281 1396 1583 1860 1957 2124 2436 2617 2688 2981 3220 3458 3682 3716 3879 4172 4228 4274 4312 4628 4899 5187 5460 5791 5946 5989 6193 6421 6459 6612 6851 7040 7143 7381 7430 7631 7833 7995 8290 8411 8623 8857 8968 9097 9170 9369 9670 9736 9792 10124 10389 10614 10881 11009 11293 11430 11580 11728 11883 12170 12501 12717 12914 13086 13114 13411 13729 13828 14127 14343 14545 14777 15016 15281 15458 15769 16105 16133

90 28
19 97 158 177 275 283 379 459 545 566 582 663 756 829 906 1000 1009 1069 1082 1115 1134 1143 1214 1243 1257 1294 1398 1492 1504 1597 1702 1731 1760 1839 1910 1951 2026 2056 2154 2230 2311 2388 2500 2557 2623 2700 2763 2831 2867 2929 3035 3101 3193 3295 3336 3353 3452 3468 3515 3545 3654 3744 3758 3809 3829 3861 3883 3903 3928 4017 4070 4086 4144 4206 4277 4382 4433 4521 4594 4705 4805 4912 4996 5106 5196 5229 5281 5386 5470 5569

51 77
87 153 183 339 519 712 779 953 1102 1360 1384 1470 1678 1897 2131 2365 2430 2558 2847 3005 3182 3207 3505 3593 3821 3910 3965 4021 4210 4324 4601 4813 5088 5199 5368 5597 5894 6104 6256 6320 6568 6798 7095 7292 7471 7505 7758 7958 8083 8123 8416

6 79
275 493 737 923 1074 1244

29 76
127 244 285 474 698 770 1005 1060 1211 1416 1466 1761 2056 2158 2450 2725 2911 3167 3457 3663 3941 4114 4343 4369 4600 4821 5103 5373 5579

89 67
70 110 199 425 579 821 920 1013 1073 1224 1327 1427 1688 1726 1821 1909 2054 2155 2374 2405 2491 2552 2595 2773 2955 3022 3153 3347 3578 3677 3904 4057 4202 4466 4668 4906 4967 5181 5347 5592 5737 5948 6146 6293 6492 6577 6603 6767 6822 6890 7101 7289 7550 7652 7885 8126 8253 8355 8471 8667 8890 9106 9363 9456 9538 9642 9749 9920 10011 10264 10373 10423 10506 10631 10785 11053 11130 11377 11544 11669 11759 11957 12156 12409 12508 12563 12779 12822 12924

36 12
33 41 76 91 138 156 195 224 230 254 281 315 349 360 385 394 407 435 462 508 520 526 564 606 609 649 667 681 703 741 770 817 842 850 895 907

99 85
66 330 581 818 1140 1196 1484 1594 1701 1805 1945 2249 2400 2684 2835 3170 3414 3705 4034 4074 4391 4471 4550 4770 4955 5016 5133 5266 5309 5435 5495 5634 5680 5835 6067 6192 6452 6498 6654 6735 6866 7114 7153 7197 7485 7783 7904 8101 8171 8319 8578 8628 8768 8849 9094 9351 9445 9534 9632 9948 10132 10208 10413 10663 10905 10979 11291 11555 11774 11936 12100 12401 12527 12864 13125 13186 13342 13439 13721 14036 14226 14529 14821 14888 15212 15279 15465 15697 15918 16119 16168 16279 16367 16492 16554 16692 16723 16795 16854

89 26
59 66 116 192 232 246 266 336 388 474 534 550 624 670 757 841 897 950 1046 1069 1159 1206 1245 1266 1286 1363 1380 1388 1476 1578 1668 1723 1798 1811 1863 1874 1883 1953 2054 2145 2191 2252 2268 2284 2313 2372 2454 2553 2595 2653 2681 2691 2765 2809 2855 2907 2928 2960 3041 3129 3159 3184 3245 3316 3381 3459 3550 3623 3709 3797 3807 3819 3905 3948 3993 4083 4162 4209 4263 4315 4366 4388 4452 4534 4548 4609 4652 4666 4687

27 12
24 29 38 75 92 115 162 180 213 241 271 308 355 387 397 445 454 501 506 534 578 585 596 624 657 699 703

61 25
71 143 199 206 285 355 429 520 610 686 726 769 838 885 916 1006 1099 1114 1185 1283 1357 1421 1488 1521 1609 1685 1697 1756 1764 1790 1840 1903 1921 2016 2024 2100 2122 2158 2203 2286 2327 2418 2443 2519 2533 2628 2675 2705 2785 2843 2934 2968 3067 3098 3177 3229 3327 3360 3429 3440 3538

97 71
113 387 521 741 892 971 1113 1183 1216 1453 1612 1801 2030 2087 2144 2299 2567 2668 2933 3103 3192 3258 3311 3435 3539 3660 3761 3948 3978 4256 4460 4494 4536 4731 4968 5112 5396 5614 5672 5693 5967 5985 6229 6343 6403 6680 6878 7105 7143 7195 7456 7599 7655 7686 7952 8156 8402 8510 8775 8915 9069 9140 9415 9659 9920 10195 10220 10343 10585 10762 10801 10986 11018 11277 11397 11484 11582 11656 11748 11829 11885 12132 12265 12467 12563 12676 12791 12814 12899 13000 13216 13415 13471 13663 13944 14123 14268

72 28
103 125 231 291 305 394 471 548 655 677 744 832 853 956 1064 1175 1230 1256 1286 1325 1371 1444 1503 1520 1629 1642 1731 1762 1842 1933 1967 1993 2096 2148 2252 2314 2408 2469 2581 2604 2687 2733 2819 2919 2970 2994 3100 3205 3244 3301 3323 3425 3483 3555 3630 3684 3768 3858 3953 4004 4015 4071 4176 4288 4339 4443 4468 4484 4522 4621 4704 4728

96 37
122 220 262 315 462 524 644 670 702 779 825 853 876 945 1052 1155 1276 1342 1401 1428 1495 1556 1633 1778 1883 2009 2121 2215 2342 2434 2546 2683 2818 2935 2999 3077 3211 3282 3323 3405 3491 3633 3703 3821 3965 4053 4062 4087 4196 4257 4382 4429 4518 4618 4743 4841 4923 5024 5164 5271 5395 5496 5562 5594 5704 5786 5853 5917 6016 6128 6177 6224 6323 6420 6553 6625 6676 6775 6901 6911 7037 7168 7299 7325 7422 7484 7544 7560 7604 7662 7780 7892 8034 8149 8187 8315

