28
52 96
204 499 536 693 781 890 1043 1245 1497 1771 1826 1924 2182 2479 2659 2776 3093 3131 3253 3499 3679 3769 3814 4096 4184 4287 4669 4893 5202 5538 5786 5937 6284 6443 6802 7135 7231 7419 7485 7537 7626 7758 7972 8127 8479 8601 8878 9107 9252 9561 9795 10121

81 69
272 481 592 673 871 1005 1157 1252 1381 1536 1794 1993 2257 2526 2632 2863 3048 3247 3340 3560 3752 3994 4073 4301 4374 4515 4698 4735 4881 5055 5159 5373 5570 5731 5787 5977 6202 6321 6561 6688 6730 6880 6899 7084 7140 7199 7390 7484 7736 7961 8229 8443 8705 8876 8925 8999 9100 9228 9488 9604 9689 9884 10022 10257 10433 10599 10739 10937 11006 11238 11456 11619 11650 11732 11762 11863 12066 12326 12589 12677 12881

81 24
8 35 108 135 219 228 296 330 365 440 496 526 550 606 684 698 770 788 869 881 915 921 935 1017 1090 1098 1140 1194 1271 1303 1364 1381 1436 1504 1569 1611 1700 1713 1721 1789 1848 1923 1955 1999 2038 2104 2170 2264 2345 2376 2403 2422 2514 2608 2699 2794 2856 2944 2972 2978 3070 3104 3121 3190 3208 3261 3327 3356 3394 3403 3438 3513 3608 3678 3699 3788 3848 3903 3933 3994 4007

101 99
200 449 692 1084 1372 1666 1756 1983 2325 2585 2777 2941 3117 3380 3740 4002 4032 4364 4696 4790 4937 5090 5256 5428 5513 5728 6123 6390 6683 6998 7343 7368 7437 7606 7829 8139 8221 8337 8389 8551 8674 9020 9186 9521 9592 9970 10297 10509 10737 11023 11379 11490 11631 11685 11785 11933 12285 12313 12672 13064 13123 13205 13361 13424 13663 14041 14192 14552 14631 14779 14913 15100 15374 15585 15746 16007 16388 16736 16988 17040 17343 17575 17646 17849 18130 18394 18739 19043 19140 19350 19401 19447 19522 19565 19925 19990 20153 20446 20773 21151 21420

9 17
37 101 142 172 183 214 228 244 252

35 63
228 370 567 718 916 1026 1233 1404 1525 1691 1773 1801 1855 2036 2081 2216 2287 2535 2585 2804 2864 2975 3214 3296 3450 3557 3578 3735 3768 3887 3969 4213 4332 4528 4697

35 51
28 176 294 371 515 677 792 982 1174 1294 1341 1476 1680 1771 1901 2013 2031 2149 2207 2329 2484 2510 2635 2750 2859 3042 3217 3334 3502 3518 3650 3713 3756 3859 3953

80 87
324 450 567 786 914 1038 1229 1351 1548 1745 1869 1993 2286 2492 2521 2626 2709 2895 3156 3292 3451 3638 3795 3993 4027 4146 4447 4767 5032 5262 5383 5452 5482 5549 5644 5917 5946 5984 6117 6243 6410 6746 6841 6969 7107 7153 7458 7561 7761 7830 8169 8453 8619 8864 8956 9265 9472 9641 9984 10308 10439 10611 10714 10933 11071 11235 11473 11812 11910 12124 12461 12603 12712 12966 13221 13446 13783 13964 14059 14183

56 65
32 256 369 429 502 723 959 1202 1385 1432 1540 1679 1874 2010 2027 2055 2122 2223 2258 2517 2590 2729 2989 3119 3235 3373 3609 3636 3755 3970 4045 4134 4300 4475 4547 4643 4882 5053 5274 5457 5709 5856 6047 6102 6260 6390 6650 6714 6749 6903 7053 7298 7401 7600 7671 7860

74 101
132 456 804 1146 1361 1422 1628 1702 1990 2313 2683 3051 3313 3688 3888 4096 4171 4220 4615 4745 4947 5140 5244 5348 5570 5677 5894 6237 6503 6828 7215 7508 7731 7821 7929 8063 8459 8583 8702 8872 9023 9321 9444 9501 9767 9989 10248 10328 10449 10682 10770 11088 11399 11631 11930 12129 12216 12452 12801 12984 13113 13415 13617 13963 14251 14550 14655 14861 15157 15303 15470 15843 16036 16308

28 54
147 240 287 371 414 600 695 828 885 995 1184 1339 1466 1489 1513 1702 1846 1927 2036 2110 2195 2397 2490 2511 2533 2669 2855 2935

69 9
20 47 76 86 97 99 116 143 151 166 177 204 225 240 263 276 297 306 333 362 389 418 448 481 505 529 539 569 584 618 642 662 673 703 724 728 747 766 777 813 842 865 876 894 910 920 955 975 999 1027 1053 1089 1110 1127 1149 1185 1200 1228 1253 1282 1286 1316 1346 1377 1403 1415 1432 1445 1473

54 96
202 233 383 440 795 1114 1251 1367 1532 1889 2252 2347 2445 2719 2785 2816 3133 3388 3418 3758 4001 4371 4550 4644 4995 5364 5559 5760 5943 6192 6330 6505 6610 6847 6963 7199 7543 7848 7986 8325 8572 8804 8855 9125 9425 9654 9838 9960 10294 10396 10716 10958 11141 11235

31 15
20 66 96 100 135 174 206 236 281 301 346 359 388 444 494 533 570 592 632 690 746 754 797 804 860 893 920 951 1011 1059 1065

20 1
3 6 6 6 10 14 16 16 17 19 22 24 26 26 30 34 37 37 41 41

25 91
75 384 590 856 1207 1363 1422 1739 1768 1884 2160 2193 2323 2624 2970 3108 3359 3678 3838 3888 3935 4116 4210 4364 4712

80 86
92 178 408 554 682 1023 1088 1109 1399 1570 1786 1945 2143 2471 2806 2884 3001 3066 3271 3491 3550 3681 3925 4000 4039 4160 4297 4320 4635 4706 4877 5140 5183 5239 5420 5484 5674 5705 5899 5958 6239 6549 6765 7057 7138 7233 7287 7488 7738 7959 8000 8117 8424 8557 8888 9133 9289 9338 9432 9731 10036 10335 10533 10650 10822 11132 11334 11574 11918 12105 12224 12506 12821 13101 13162 13329 13404 13449 13664 13875

5 31
41 150 170 194 275

25 99
375 755 810 852 1077 1365 1636 1937 1974 2007 2396 2640 2845 3148 3525 3665 3821 3906 3990 4143 4175 4528 4880 5098 5185

95 62
128 180 408 565 642 664 889 1103 1216 1382 1465 1568 1623 1750 1800 1888 1985 2149 2254 2284 2492 2508 2670 2859 2876 3065 3244 3292 3393 3437 3536 3721 3897 4051 4158 4285 4336 4486 4687 4852 4958 5020 5076 5300 5400 5584 5701 5938 6136 6362 6540 6769 7013 7222 7372 7603 7665 7853 8046 8241 8262 8362 8519 8635 8677 8884 9044 9124 9208 9324 9530 9560 9783 9958 10177 10379 10427 10476 10655 10773 10888 11014 11130 11285 11400 11442 11555 11617 11633 11716 11862 11911 12077 12321 12500

24 3
13 24 25 27 31 36 38 43 47 54 62 66 77 86 94 100 102 102 105 107 108 114 115 122

77 66
48 206 244 466 613 869 1120 1384 1423 1666 1732 1908 2066 2253 2344 2545 2625 2832 2933 3129 3385 3597 3707 3812 3841 4000 4074 4104 4171 4363 4411 4627 4850 4894 4923 5010 5172 5260 5416 5663 5898 5919 6007 6187 6296 6477 6535 6575 6766 6993 7190 7292 7478 7729 7811 8000 8115 8181 8431 8637 8770 8901 9030 9207 9427 9541 9603 9665 9851 9930 9965 10174 10236 10407 10446 10555 10781

69 67
141 290 323 518 566 815 931 994 1190 1273 1367 1564 1619 1769 1992 2077 2228 2295 2400 2574 2701 2866 2921 3076 3133 3270 3346 3543 3811 3982 4154 4186 4245 4370 4489 4731 4981 5015 5112 5276 5319 5544 5696 5882 5901 5945 6209 6247 6509 6655 6821 7065 7287 7371 7450 7559 7817 7937 8018 8284 8528 8750 8788 8826 8916 9110 9272 9288 9492

86 2
7 11 19 25 27 30 37 38 40 42 45 47 47 50 51 57 59 64 66 71 76 77 80 86 89 97 103 111 118 118 120 123 128 128 133 139 146 152 153 153 158 166 170 176 179 186 192 195 198 201 202 205 209 217 220 224 228 235 236 243 250 253 258 259 264 269 275 280 284 289 293 296 304 308 310 318 322 323 331 331 334 339 343 351 355 359

74 28
37 126 173 207 266 343 383 396 420 436 499 548 604 685 711 741 807 909 942 1022 1119 1178 1220 1247 1300 1407 1496 1576 1590 1600 1635 1677 1730 1739 1786 1818 1921 2003 2062 2119 2182 2269 2309 2349 2417 2444 2508 2552 2614 2685 2787 2879 2990 3069 3119 3191 3201 3267 3331 3426 3473 3502 3600 3608 3699 3807 3910 3986 4055 4150 4252 4296 4370 4395

85 15
42 73 119 167 182 198 229 252 294 334 377 414 432 461 492 532 561 603 643 674 729 742 756 808 833 853 873 887 941 964 1002 1016 1050 1072 1120 1130 1187 1207 1253 1287 1331 1353 1379 1392 1422 1445 1474 1492 1546 1601 1634 1681 1714 1769 1819 1845 1903 1940 1958 2004 2038 2078 2101 2104 2158 2203 2213 2264 2301 2345 2367 2370 2395 2431 2464 2505 2538 2559 2590 2637 2696 2717 2729 2779 2791

8 70
215 390 479 652 689 812 958 1203

65 12
6 27 40 74 95 140 186 219 240 253 298 318 366 405 442 483 513 542 573 579 603 616 621 635 671 719 759 779 826 856 875 884 888 933 973 1012 1036 1062 1085 1117 1133 1163 1201 1222 1238 1274 1322 1326 1373 1382 1397 1401 1407 1442 1486 1499 1541 1551 1581 1629 1662 1696 1732 1745 1785

