48
76 58
79 270 480 670 685 797 1005 1173 1350 1517 1544 1695 1763 1840 1890 1920 2075 2122 2183 2273 2380 2455 2577 2731 2937 3116 3186 3338 3432 3480 3678 3730 3881 4089 4141 4231 4422 4541 4570 4728 4960 5138 5196 5332 5519 5707 5864 5898 6093 6285 6311 6517 6539 6609 6791 6871 6932 7164 7341 7369 7599 7677 7883 7986 8175 8243 8424 8531 8545 8713 8729 8941 9011 9101 9184 9394

94 23
45 78 113 125 211 273 361 427 497 521 552 643 710 740 793 866 899 911 948 1013 1089 1094 1107 1184 1225 1266 1306 1386 1449 1467 1543 1576 1656 1666 1726 1798 1878 1970 2035 2118 2139 2222 2296 2365 2436 2499 2532 2544 2636 2713 2737 2754 2770 2793 2817 2856 2886 2973 2990 3038 3048 3109 3165 3230 3269 3313 3333 3338 3407 3449 3509 3542 3621 3708 3772 3827 3864 3872 3964 4033 4118 4205 4228 4256 4275 4308 4371 4425 4498 4579 4585 4646 4698 4742

65 42
47 61 142 218 269 313 396 414 556 701 772 892 1012 1073 1102 1266 1388 1536 1605 1753 1780 1827 1913 2025 2039 2144 2221 2231 2281 2359 2471 2626 2650 2811 2923 3053 3082 3115 3233 3366 3403 3462 3492 3603 3768 3906 3942 4064 4160 4248 4280 4424 4521 4541 4560 4579 4713 4866 4910 5067 5121 5184 5286 5383 5551

33 85
234 441 723 938 1071 1233 1293 1327 1522 1701 1890 2228 2336 2645 2806 2936 3274 3556 3640 3873 3995 4230 4346 4583 4672 4786 5050 5182 5337 5495 5820 5877 6167

49 51
32 234 424 479 608 626 821 929 1082 1241 1258 1393 1423 1564 1724 1759 1896 1910 1994 2183 2272 2335 2413 2600 2720 2768 2971 3152 3287 3446 3629 3656 3715 3860 4037 4211 4323 4398 4457 4548 4719 4873 5046 5227 5304 5357 5419 5493 5622

63 23
46 137 150 187 194 223 287 337 357 425 458 466 477 503 594 626 711 792 843 863 886 913 921 957 1010 1096 1172 1217 1302 1336 1376 1405 1413 1497 1510 1560 1618 1644 1661 1710 1738 1768 1858 1932 1939 2030 2079 2110 2200 2244 2289 2306 2365 2386 2414 2445 2478 2504 2539 2556 2601 2620 2675

12 21
35 76 104 131 145 160 187 231 300 308 383 422

99 93
279 484 851 1048 1256 1489 1720 1768 1834 2135 2484 2764 3034 3157 3409 3621 3902 4113 4448 4475 4630 4815 5156 5350 5397 5737 5812 6056 6343 6616 6900 6982 7045 7309 7597 7876 8222 8544 8824 9109 9463 9671 9816 9900 9930 10040 10144 10396 10648 10870 10903 10953 11021 11219 11372 11499 11766 11927 12172 12472 12791 13135 13264 13601 13875 14060 14171 14441 14515 14677 14871 15099 15277 15417 15640 16006 16079 16173 16205 16371 16413 16767 16908 17018 17276 17314 17498 17723 17880 18186 18456 18592 18641 18694 18739 19046 19226 19564 19593

67 20
68 137 200 219 297 372 428 436 513 533 582 621 653 687 721 777 815 887 955 1011 1053 1090 1121 1177 1250 1256 1311 1382 1406 1411 1477 1505 1579 1597 1638 1716 1775 1838 1871 1894 1905 1945 1978 2033 2111 2131 2204 2212 2238 2299 2376 2413 2453 2464 2489 2558 2594 2633 2678 2695 2744 2759 2783 2812 2892 2912 2919

53 55
213 329 514 594 798 901 935 1015 1120 1177 1278 1423 1487 1619 1764 1964 2135 2179 2238 2404 2424 2616 2717 2750 2844 3044 3154 3222 3267 3483 3649 3826 3841 3893 3925 4129 4148 4360 4563 4603 4747 4893 4932 5106 5207 5418 5537 5633 5690 5870 5979 6179 6356

17 55
78 194 293 412 585 680 746 802 882 1075 1215 1330 1369 1417 1453 1551 1643

80 44
165 335 347 366 534 604 633 763 910 1005 1165 1207 1371 1543 1664 1714 1875 2036 2067 2211 2301 2476 2513 2662 2822 2950 2963 3004 3041 3206 3225 3254 3319 3483 3500 3616 3720 3794 3872 3934 4061 4142 4157 4235 4257 4337 4412 4557 4585 4721 4847 4917 4966 5116 5141 5245 5347 5395 5415 5482 5623 5723 5771 5850 5875 5972 6119 6274 6317 6378 6435 6591 6624 6664 6777 6800 6914 7035 7079 7242

43 43
170 214 351 482 614 770 909 1081 1192 1239 1336 1443 1597 1627 1740 1909 2048 2160 2290 2393 2428 2470 2585 2656 2673 2722 2758 2865 3001 3038 3141 3308 3344 3478 3566 3611 3629 3767 3866 4038 4120 4189 4348

74 21
18 54 91 122 200 257 305 322 395 425 487 539 547 575 637 711 721 793 824 907 933 1016 1051 1134 1159 1236 1274 1327 1364 1371 1397 1480 1522 1558 1592 1656 1666 1735 1804 1887 1922 1986 1997 2059 2106 2149 2172 2213 2291 2298 2357 2392 2419 2463 2502 2518 2570 2604 2651 2658 2733 2817 2845 2927 2968 3013 3038 3094 3161 3240 3267 3286 3340 3411

56 93
24 98 171 491 619 754 840 870 1211 1442 1485 1697 1995 2241 2386 2741 2881 2994 3352 3713 4044 4195 4391 4469 4740 5079 5364 5437 5609 5943 6013 6255 6294 6361 6530 6655 6938 7000 7247 7612 7668 7737 7889 8248 8282 8419 8751 8975 9051 9089 9255 9439 9707 9856 9965 10094

27 25
70 76 163 173 185 257 341 356 423 499 586 677 687 728 763 813 853 946 1043 1102 1127 1215 1266 1293 1322 1421 1485

36 40
153 292 343 481 544 641 721 776 799 847 888 1044 1202 1351 1397 1438 1553 1587 1608 1649 1677 1772 1821 1874 1926 2018 2057 2182 2339 2453 2536 2683 2696 2821 2920 3027

29 35
76 154 246 308 416 448 521 592 670 679 767 826 880 922 977 1024 1141 1221 1360 1413 1524 1663 1687 1812 1911 1993 2096 2179 2256

88 100
100 149 197 303 368 449 556 905 1276 1605 1948 2269 2435 2746 3048 3134 3266 3548 3599 3926 4011 4257 4557 4873 5057 5402 5500 5870 6048 6120 6241 6497 6616 6961 7047 7272 7380 7472 7625 7677 7903 8030 8089 8164 8234 8394 8692 8789 8991 9315 9543 9613 9951 10070 10214 10292 10402 10777 11090 11403 11600 11843 12221 12432 12755 12804 12909 13261 13427 13664 13977 14064 14260 14471 14616 14797 14910 15019 15172 15244 15465 15715 15907 16162 16547 16875 16908 16965

39 60
114 220 446 560 582 706 942 1065 1080 1265 1496 1676 1781 1897 1967 2006 2076 2264 2382 2484 2548 2628 2837 3060 3139 3216 3397 3499 3690 3928 4038 4260 4302 4438 4626 4691 4733 4891 5025

71 22
51 116 184 208 286 351 378 395 422 472 505 550 605 646 664 696 782 792 845 907 932 958 995 1060 1075 1145 1198 1256 1303 1362 1438 1452 1501 1572 1630 1718 1762 1774 1780 1814 1888 1912 1985 2000 2016 2050 2101 2164 2248 2285 2361 2390 2478 2524 2589 2614 2641 2721 2785 2801 2864 2902 2986 3039 3059 3093 3175 3255 3336 3424 3441

101 50
46 182 376 506 631 650 774 832 906 1016 1051 1159 1346 1429 1556 1680 1702 1803 1962 1977 2159 2244 2309 2358 2522 2586 2601 2639 2769 2933 3106 3121 3195 3263 3367 3429 3503 3688 3835 3889 3949 4046 4063 4227 4369 4421 4470 4514 4575 4678 4784 4953 5103 5256 5325 5423 5462 5592 5745 5923 6009 6129 6278 6364 6480 6633 6692 6788 6842 6942 7052 7108 7246 7327 7430 7569 7583 7737 7907 7953 8117 8217 8389 8417 8502 8592 8704 8838 8893 9067 9240 9348 9466 9584 9639 9702 9869 9982 10154 10330 10443

67 66
91 235 377 563 600 746 839 1033 1277 1472 1623 1711 1806 1919 2120 2349 2477 2536 2635 2749 2871 3002 3068 3188 3251 3318 3358 3519 3644 3745 4007 4102 4353 4460 4498 4604 4697 4784 4805 4967 5185 5268 5293 5320 5466 5719 5846 5929 6081 6240 6268 6399 6566 6783 6996 7037 7171 7271 7478 7559 7690 7837 7900 7955 8168 8247 8426

93 80
132 323 465 748 915 1092 1251 1521 1564 1796 2046 2149 2246 2537 2701 2988 3136 3267 3502 3684 3885 3914 4200 4463 4574 4823 5110 5403 5534 5662 5854 6170 6436 6690 6944 7157 7388 7444 7603 7815 8134 8369 8674 8914 8980 9241 9290 9551 9840 10029 10138 10202 10492 10657 10689 10807 10879 11036 11214 11387 11631 11674 11785 12104 12384 12495 12747 12832 13050 13151 13181 13330 13546 13716 13832 14115 14387 14707 14863 14971 15011 15132 15346 15544 15661 15704 15946 16220 16387 16459 16578 16766 16918

67 40
25 133 279 307 360 514 530 608 669 776 909 997 1099 1204 1339 1359 1420 1540 1559 1583 1715 1840 1879 1967 1996 2030 2136 2169 2233 2322 2423 2440 2582 2684 2843 2876 2988 3004 3138 3254 3352 3411 3450 3526 3640 3701 3759 3778 3879 3904 3930 4018 4086 4228 4279 4384 4523 4536 4665 4684 4785 4942 4985 5052 5091 5118 5263

18 54
70 139 163 345 392 503 604 747 875 909 942 1018 1145 1186 1215 1281 1488 1612

1 64
70

84 2
7 9 14 18 21 25 25 28 31 31 35 36 38 45 49 53 60 62 65 67 70 74 75 83 90 91 93 101 102 109 117 118 123 126 127 128 133 141 148 153 155 163 171 175 176 183 191 193 197 200 206 207 211 216 224 227 228 229 229 233 238 239 241 244 247 254 256 261 264 269 272 279 280 284 289 297 299 302 309 314 314 319 319 327

62 84
23 281 305 457 525 573 820 1093 1376 1649 1867 1911 1971 2037 2081 2143 2447 2507 2652 2831 3151 3188 3271 3395 3441 3725 3860 4183 4481 4778 4943 5092 5388 5626 5918 5981 6218 6367 6571 6657 6770 7032 7217 7533 7587 7852 8106 8365 8400 8723 8796 8820 8954 9125 9392 9526 9617 9952 10070 10324 10349 10436

93 65
160 206 434 484 629 832 879 956 1093 1294 1375 1423 1458 1632 1726 1799 1942 2017 2173 2295 2423 2664 2830 3047 3264 3491 3740 3940 4188 4357 4523 4620 4653 4910 5097 5141 5303 5517 5533 5647 5737 5848 5951 6068 6152 6248 6268 6443 6684 6718 6874 6999 7180 7223 7308 7477 7731 7965 8140 8212 8399 8651 8846 8987 9192 9238 9475 9521 9620 9834 9957 10157 10383 10459 10498 10623 10668 10910 11083 11186 11293 11329 11549 11761 11865 12033 12072 12196 12443 12558 12595 12686 12809

64 68
247 323 592 849 1043 1231 1382 1519 1598 1733 1981 2095 2233 2481 2668 2691 2867 2919 3064 3152 3268 3419 3439 3559 3705 3884 4091 4335 4545 4688 4932 5103 5203 5354 5384 5599 5680 5894 6079 6323 6461 6538 6733 7001 7237 7288 7553 7764 7980 8127 8370 8601 8825 8851 9084 9276 9332 9555 9770 9812 9853 9933 10168 10210

101 27
107 168 195 243 306 359 365 391 436 469 542 617 719 793 810 876 901 916 929 998 1060 1072 1161 1200 1237 1263 1358 1374 1438 1520 1615 1711 1758 1864 1892 1901 1947 1958 2002 2035 2048 2133 2177 2188 2216 2282 2325 2422 2512 2584 2652 2723 2827 2922 2986 3088 3158 3261 3350 3458 3552 3581 3663 3765 3807 3824 3876 3954 4013 4108 4139 4169 4231 4247 4269 4335 4384 4418 4440 4504 4563 4622 4687 4783 4833 4941 4980 4999 5054 5079 5151 5180 5200 5220 5314 5385 5426 5451 5507 5566 5673

99 15
57 72 83 123 151 157 189 198 244 289 334 362 389 425 455 506 566 616 666 723 738 768 795 830 838 883 917 946 970 988 999 1040 1072 1077 1107 1150 1185 1197 1216 1250 1261 1315 1361 1370 1389 1419 1472 1476 1522 1542 1546 1605 1646 1653 1676 1722 1750 1781 1828 1873 1923 1941 1986 2016 2067 2120 2156 2176 2212 2228 2256 2281 2284 2339 2377 2420 2434 2459 2476 2510 2568 2592 2645 2704 2717 2746 2802 2845 2850 2874 2884 2921 2925 2928 2952 3011 3017 3035 3058

96 38
81 231 264 399 493 523 540 656 706 745 796 850 870 1007 1017 1126 1216 1329 1420 1533 1624 1665 1747 1787 1918 2024 2100 2217 2240 2275 2398 2443 2531 2540 2598 2688 2754 2897 2976 2987 3038 3051 3159 3168 3182 3209 3291 3373 3504 3541 3676 3766 3787 3842 3955 3998 4099 4226 4370 4433 4510 4558 4610 4670 4730 4864 4928 5045 5082 5217 5272 5344 5356 5481 5511 5636 5659 5697 5718 5860 5948 6005 6029 6091 6217 6353 6443 6582 6601 6753 6895 6967 7008 7039 7079 7173

7 84
51 134 187 441 574 609 910

97 4
4 16 21 37 41 50 52 61 73 76 83 99 102 118 128 137 151 159 160 169 178 184 194 197 202 211 215 229 242 247 257 258 262 268 272 280 292 296 309 317 320 329 336 346 352 361 369 381 390 404 407 408 409 418 432 439 448 461 472 488 502 517 530 532 548 560 564 574 580 592 595 611 622 628 631 641 652 666 681 688 701 710 725 726 741 751 757 760 775 781 784 787 792 801 815 819 821

85 91
206 297 375 637 837 999 1108 1224 1495 1710 1769 1807 1921 2116 2400 2745 2941 2964 3210 3554 3636 3984 4085 4415 4749 5021 5065 5201 5238 5340 5426 5565 5714 5759 6012 6305 6548 6799 7156 7214 7523 7581 7902 8091 8237 8459 8543 8680 8862 9028 9178 9224 9267 9305 9507 9603 9700 9809 9862 10061 10309 10387 10663 10940 11025 11307 11383 11650 11932 12082 12210 12259 12419 12755 12827 12900 13038 13398 13537 13836 13965 14262 14473 14563 14919

42 3
9 9 15 20 32 37 43 55 65 73 81 86 88 89 95 104 110 114 126 135 138 149 155 165 174 181 181 182 183 188 193 193 205 209 212 224 227 230 240 245 251 259

33 45
99 181 193 254 412 583 596 734 888 915 1034 1118 1294 1352 1432 1518 1557 1662 1697 1864 2003 2095 2124 2169 2263 2381 2548 2616 2768 2780 2898 3067 3081

68 23
69 87 157 195 214 278 291 326 346 429 502 581 649 707 779 824 835 905 989 1062 1146 1193 1202 1229 1318 1350 1427 1487 1514 1606 1684 1727 1756 1776 1787 1827 1846 1891 1964 2007 2096 2126 2153 2176 2221 2294 2356 2439 2531 2552 2642 2727 2766 2807 2864 2929 2972 3050 3055 3136 3207 3217 3289 3359 3434 3526 3552 3558

59 89
216 256 348 498 668 734 958 1083 1343 1697 2048 2198 2418 2726 2985 3207 3437 3603 3804 4038 4284 4307 4536 4734 4851 5102 5386 5570 5681 5987 6282 6357 6587 6801 6961 7208 7540 7792 7989 8137 8295 8456 8691 8893 9048 9097 9176 9225 9475 9622 9720 9785 10121 10284 10626 10746 11010 11149 11343

72 12
45 55 74 115 148 196 209 250 297 342 350 371 386 395 441 455 496 543 565 582 610 645 659 669 687 722 769 795 814 853 859 898 904 918 946 986 1028 1049 1076 1110 1144 1187 1204 1210 1228 1239 1287 1295 1310 1347 1394 1400 1406 1451 1477 1518 1548 1568 1588 1618 1664 1695 1698 1710 1729 1746 1784 1803 1811 1824 1830 1875

58 71
274 440 718 784 846 949 1036 1275 1316 1559 1707 1911 1964 2013 2095 2303 2502 2658 2796 2916 2984 3156 3246 3453 3544 3768 3849 3970 4246 4277 4480 4657 4857 5092 5128 5187 5380 5599 5750 5910 6037 6145 6394 6465 6527 6591 6834 7000 7169 7203 7262 7364 7550 7671 7832 7991 8268 8395

7 66
36 180 238 484 676 749 989

91 81
317 458 582 680 720 946 1269 1495 1555 1793 2090 2370 2557 2638 2763 2956 2983 3226 3462 3563 3666 3723 4002 4173 4469 4587 4688 4747 4872 5102 5407 5479 5502 5766 5892 6110 6354 6649 6710 6778 6961 7038 7292 7335 7506 7780 8075 8097 8351 8660 8788 8947 9248 9497 9804 9904 9928 10083 10328 10642 10768 11081 11359 11477 11764 11999 12157 12447 12519 12769 12966 13185 13230 13428 13536 13661 13871 14151 14318 14466 14516 14750 14981 15295 15533 15583 15647 15858 16029 16280 16311

77 25
32 78 93 142 178 242 252 265 305 397 461 483 534 618 636 676 728 815 896 959 996 1062 1077 1085 1185 1260 1342 1389 1448 1536 1620 1694 1722 1811 1819 1850 1880 1961 1989 2062 2104 2119 2156 2228 2303 2351 2430 2520 2544 2628 2650 2732 2822 2913 3010 3035 3068 3159 3238 3304 3381 3424 3502 3512 3550 3606 3632 3652 3666 3749 3786 3811 3877 3967 3985 4056 4066

33 31
101 215 321 340 348 450 556 587 652 664 704 761 826 860 930 1032 1155 1245 1353 1419 1494 1504 1558 1600 1622 1638 1664 1707 1738 1816 1911 1982 2008

45 93
84 170 198 434 679 891 1126 1268 1404 1567 1730 1869 2063 2109 2430 2543 2753 2938 3079 3401 3636 3889 3963 4334 4537 4589 4777 4938 5148 5309 5424 5663 5913 5966 6127 6419 6668 6872 6947 7029 7117 7478 7543 7589 7834

