44
2 36
93 118

25 68
181 287 460 481 589 825 1092 1339 1374 1534 1792 1881 1995 2048 2229 2335 2384 2481 2513 2658 2843 3011 3228 3364 3553

73 25
42 69 160 244 335 422 462 486 522 586 677 715 759 840 894 913 955 1005 1083 1114 1184 1269 1334 1404 1479 1549 1629 1727 1812 1865 1911 1950 2001 2019 2075 2134 2202 2269 2337 2363 2380 2447 2482 2492 2543 2564 2607 2632 2725 2766 2793 2873 2884 2902 2964 3033 3060 3107 3117 3185 3207 3253 3337 3356 3405 3477 3561 3597 3630 3684 3778 3855 3941

21 13
15 22 25 75 120 123 147 194 210 255 302 318 345 387 415 435 441 447 480 510 530

32 69
201 302 436 565 650 808 849 1012 1196 1362 1502 1719 1815 2049 2279 2303 2555 2645 2793 2929 3007 3092 3211 3447 3493 3633 3786 3849 3986 4117 4278 4450

67 61
124 148 384 522 577 601 787 974 1055 1119 1172 1230 1277 1310 1330 1380 1512 1656 1823 1888 1929 2142 2355 2507 2709 2803 3022 3257 3422 3490 3622 3779 3839 4011 4118 4351 4462 4634 4714 4800 5008 5027 5191 5217 5257 5426 5616 5655 5710 5731 5835 6002 6147 6343 6493 6579 6662 6751 6957 7134 7209 7443 7496 7534 7563 7689 7785

8 22
35 118 159 240 261 289 356 394

96 21
65 147 219 243 254 265 322 369 383 440 466 526 570 629 700 707 757 765 776 856 923 929 991 1054 1105 1122 1169 1191 1200 1241 1307 1318 1378 1457 1476 1557 1598 1622 1674 1719 1775 1797 1847 1861 1895 1916 1926 1953 1970 2000 2061 2102 2162 2222 2294 2318 2378 2396 2434 2504 2556 2635 2702 2753 2763 2842 2891 2912 2974 2996 3020 3093 3128 3196 3213 3269 3278 3320 3386 3405 3467 3512 3552 3588 3647 3717 3734 3783 3814 3825 3908 3918 3999 4023 4028 4045

101 101
173 290 523 841 1132 1192 1412 1733 1811 1919 2101 2289 2592 2701 2870 3165 3525 3699 3926 4168 4558 4884 4914 5247 5371 5449 5742 5992 6170 6451 6497 6830 6992 7077 7251 7298 7409 7483 7678 7815 8034 8064 8399 8785 9152 9223 9366 9732 9989 10338 10449 10478 10527 10592 10649 10925 11239 11442 11720 11768 11965 12082 12415 12674 13015 13040 13400 13458 13838 13999 14398 14789 14832 15077 15458 15809 15973 15998 16043 16143 16280 16325 16436 16623 16932 17203 17316 17644 17951 18316 18441 18757 19145 19275 19552 19929 20270 20420 20632 20670 20786

36 81
198 307 540 617 852 973 1214 1412 1509 1787 1958 2065 2120 2169 2380 2406 2514 2783 2919 3072 3342 3648 3850 4110 4183 4452 4645 4666 4836 4900 5081 5304 5368 5429 5614 5695

60 54
132 332 491 622 729 877 1008 1179 1207 1389 1461 1483 1672 1775 1796 1820 1931 2110 2140 2265 2348 2518 2584 2633 2711 2871 2982 3119 3209 3332 3452 3476 3546 3569 3741 3827 3844 3937 4127 4148 4308 4511 4538 4733 4776 4806 4887 4977 5028 5053 5085 5145 5297 5495 5668 5815 6016 6044 6182 6364

84 7
15 42 66 90 116 126 148 175 182 186 192 200 207 220 239 267 269 294 311 339 354 373 394 419 429 444 454 469 481 486 492 509 518 528 534 542 551 571 576 581 602 612 613 621 642 660 679 707 720 745 767 788 813 814 834 856 881 906 930 949 976 979 1002 1007 1031 1050 1069 1093 1104 1128 1147 1172 1194 1210 1224 1247 1270 1286 1307 1315 1325 1342 1346 1350

39 83
35 311 635 855 1151 1457 1752 1833 1921 2031 2263 2486 2580 2838 3148 3349 3504 3630 3867 3930 4076 4136 4289 4325 4542 4642 4700 4885 5093 5316 5636 5844 6030 6304 6548 6877 7035 7123 7159

81 32
14 109 135 183 298 327 442 525 545 561 630 644 724 844 903 922 1000 1079 1143 1164 1273 1347 1417 1497 1540 1577 1596 1619 1664 1772 1894 2004 2070 2123 2194 2205 2252 2370 2446 2564 2592 2700 2724 2758 2770 2858 2941 2969 3042 3095 3164 3175 3238 3247 3308 3349 3376 3483 3495 3549 3623 3750 3776 3842 3919 3962 4011 4051 4162 4170 4254 4372 4493 4556 4568 4616 4642 4654 4696 4823 4875

30 38
126 275 393 432 449 589 734 793 895 916 931 1039 1143 1275 1390 1491 1524 1611 1645 1676 1725 1822 1875 1936 2018 2039 2064 2207 2243 2265

31 95
25 72 278 631 668 982 1186 1381 1517 1707 1928 2279 2399 2745 3020 3060 3135 3458 3702 4052 4095 4420 4639 4876 5003 5113 5329 5578 5640 5798 5914

13 43
59 186 288 328 387 401 461 561 621 673 772 828 849

42 96
311 560 774 1088 1175 1422 1742 1799 1828 2070 2342 2386 2727 2969 3298 3454 3613 3699 4028 4286 4339 4365 4570 4721 5011 5352 5433 5572 5912 6276 6446 6646 6861 7034 7167 7502 7622 7839 7936 8071 8160 8244

63 87
340 513 705 1033 1341 1373 1684 1738 1759 1892 1985 2221 2402 2710 3050 3144 3231 3423 3730 3888 3925 4149 4467 4578 4633 4726 4978 5259 5480 5574 5609 5892 6179 6398 6631 6740 7025 7053 7110 7293 7619 7822 7957 8276 8315 8396 8639 8844 8933 9267 9602 9887 10049 10310 10423 10639 10715 10966 11298 11630 11738 11993 12051

90 25
86 185 228 304 374 443 454 485 546 589 639 666 713 735 789 817 825 914 985 1077 1141 1207 1293 1331 1395 1426 1462 1540 1637 1648 1725 1797 1867 1967 2046 2108 2202 2221 2288 2313 2395 2480 2521 2599 2619 2650 2672 2766 2828 2896 2944 3032 3107 3127 3202 3260 3281 3329 3412 3506 3536 3547 3623 3716 3792 3826 3872 3930 3991 4054 4153 4210 4225 4241 4276 4360 4371 4436 4502 4526 4606 4680 4723 4804 4887 4900 4940 4970 5062 5147

18 57
43 263 433 538 753 834 994 1081 1210 1367 1492 1707 1801 1820 1867 2023 2115 2185

66 1
3 3 6 8 8 11 13 17 17 18 19 21 25 28 30 31 31 35 37 40 41 44 46 50 52 56 56 59 61 63 67 68 72 73 76 76 80 81 84 86 87 90 92 93 96 100 104 105 105 108 112 115 117 118 118 120 123 127 127 130 133 133 137 139 140 143

90 37
118 205 272 366 375 413 523 663 803 949 1019 1033 1055 1188 1310 1354 1384 1398 1472 1605 1695 1761 1797 1913 2034 2130 2157 2233 2338 2360 2446 2496 2523 2617 2667 2740 2865 3001 3036 3116 3256 3294 3327 3345 3417 3500 3601 3736 3782 3806 3821 3950 4038 4067 4202 4330 4416 4524 4600 4710 4847 4935 4988 5126 5208 5246 5352 5408 5457 5535 5673 5702 5791 5833 5862 6004 6021 6036 6111 6128 6180 6204 6275 6347 6435 6462 6474 6508 6570 6638

61 55
190 314 506 629 720 866 934 1076 1241 1317 1485 1515 1584 1723 1824 2035 2061 2233 2339 2543 2752 2935 3070 3214 3278 3339 3354 3380 3561 3583 3730 3918 4027 4043 4062 4139 4326 4393 4560 4607 4727 4923 5127 5270 5461 5502 5545 5700 5737 5802 5893 5943 6152 6183 6203 6226 6428 6502 6540 6684 6762

78 40
80 164 243 312 382 504 660 680 764 796 814 912 1068 1109 1259 1353 1434 1489 1626 1716 1769 1808 1853 1914 2010 2073 2231 2359 2508 2595 2617 2643 2715 2797 2947 3100 3205 3313 3434 3479 3604 3624 3770 3818 3848 3985 4069 4083 4226 4371 4399 4478 4538 4650 4774 4912 5053 5204 5304 5375 5479 5518 5565 5712 5839 5979 6080 6179 6249 6296 6345 6493 6556 6634 6687 6789 6836 6846

79 12
26 48 66 69 107 124 133 149 181 217 241 245 254 278 297 328 362 373 400 433 466 481 492 503 519 564 585 606 654 662 699 702 741 770 806 809 821 827 864 868 909 944 975 980 1013 1059 1078 1109 1135 1154 1173 1183 1231 1247 1255 1258 1274 1311 1348 1359 1384 1389 1428 1443 1478 1507 1532 1565 1584 1627 1630 1654 1695 1713 1751 1756 1759 1763 1774

57 27
32 98 197 215 228 333 410 494 565 629 685 729 801 842 868 882 963 1061 1136 1193 1237 1267 1308 1357 1455 1525 1628 1708 1734 1759 1824 1927 1974 2020 2037 2107 2191 2296 2317 2404 2484 2557 2601 2704 2728 2826 2874 2937 3021 3117 3163 3173 3243 3280 3288 3341 3380

11 24
38 122 180 250 337 381 434 488 567 637 726

19 61
224 435 634 709 726 894 966 1136 1183 1367 1486 1578 1597 1810 2038 2146 2324 2400 2474

71 48
22 184 327 349 467 602 625 782 928 1027 1056 1204 1352 1440 1466 1653 1711 1848 1985 2172 2346 2500 2555 2612 2683 2738 2760 2886 3047 3213 3405 3513 3600 3704 3760 3839 4027 4143 4270 4441 4618 4761 4895 5000 5061 5102 5167 5295 5343 5405 5589 5616 5805 5905 6006 6019 6210 6341 6501 6515 6560 6684 6776 6792 6885 7041 7097 7173 7192 7261 7407

87 87
335 408 598 676 957 1277 1378 1434 1775 1975 2284 2423 2460 2735 3083 3130 3285 3314 3421 3661 3762 3798 4048 4327 4355 4688 4955 5235 5457 5743 5859 6030 6215 6289 6382 6428 6703 6932 7133 7277 7586 7655 7855 8095 8210 8355 8477 8523 8721 9005 9317 9570 9768 10056 10225 10422 10478 10581 10901 11193 11454 11673 11729 11937 12141 12187 12465 12705 13007 13085 13137 13232 13402 13499 13798 13856 13895 13937 14265 14360 14461 14625 14769 14878 14980 15061 15109

61 15
51 93 110 127 149 166 181 198 227 251 290 341 386 444 496 520 550 581 618 626 629 662 695 712 741 779 818 844 892 895 921 935 978 987 1043 1090 1124 1174 1203 1213 1255 1299 1311 1362 1381 1395 1452 1457 1488 1507 1511 1566 1590 1593 1613 1632 1655 1711 1753 1797 1830

92 1
2 3 5 6 10 10 13 16 19 21 22 24 24 25 25 26 26 27 29 31 32 34 37 39 39 43 46 47 50 52 54 57 59 61 61 62 63 63 64 67 67 71 75 77 78 79 83 86 87 90 91 94 96 99 103 106 110 111 111 115 116 119 120 120 123 123 126 129 129 131 131 131 132 136 137 141 142 145 147 149 153 153 153 157 161 165 168 171 171 175 178 179

6 15
47 82 113 166 200 212

11 58
41 157 354 381 434 608 733 912 1133 1192 1382

36 101
140 358 742 1072 1439 1735 1906 2299 2564 2652 2965 3317 3418 3731 3828 4011 4095 4386 4477 4530 4667 4871 5141 5487 5856 6022 6215 6388 6483 6834 7088 7322 7364 7753 8109 8317

80 23
92 121 165 189 204 224 290 332 383 469 506 528 544 551 606 627 677 743 794 847 914 993 1044 1090 1096 1107 1196 1217 1223 1257 1302 1325 1406 1411 1481 1503 1558 1605 1686 1704 1783 1871 1922 1949 1962 1999 2006 2040 2084 2140 2176 2248 2282 2355 2411 2438 2449 2528 2608 2621 2694 2713 2743 2780 2820 2878 2893 2971 3063 3069 3117 3174 3225 3317 3358 3448 3511 3584 3653 3705

59 87
223 306 454 597 824 960 1154 1235 1356 1545 1571 1736 2032 2241 2430 2760 3003 3305 3493 3650 3848 3973 4214 4426 4496 4842 4968 5257 5571 5649 5835 6166 6306 6570 6861 6891 7190 7389 7446 7609 7630 7748 7835 8133 8427 8517 8766 9114 9346 9518 9818 10121 10462 10708 10848 11163 11373 11455 11556

97 10
17 55 87 93 106 142 173 212 234 246 267 298 301 317 343 346 379 403 441 481 520 531 545 575 614 650 653 689 697 706 743 756 795 824 861 889 914 923 961 997 1037 1076 1112 1144 1182 1217 1234 1262 1289 1315 1341 1374 1411 1451 1476 1492 1497 1524 1562 1566 1595 1615 1653 1686 1694 1721 1755 1782 1805 1843 1845 1847 1871 1911 1927 1964 1996 2000 2029 2042 2081 2121 2150 2154 2180 2185 2201 2230 2239 2271 2282 2310 2319 2332 2363 2369 2409

78 30
78 152 264 312 357 421 486 599 639 653 680 771 794 880 986 1036 1107 1188 1254 1333 1441 1493 1610 1717 1766 1781 1867 1875 1960 2057 2076 2175 2204 2301 2358 2437 2555 2631 2669 2767 2884 2997 3030 3044 3059 3085 3133 3192 3282 3334 3449 3463 3504 3575 3593 3616 3723 3835 3931 4030 4058 4084 4133 4153 4271 4367 4406 4413 4460 4526 4558 4621 4714 4762 4787 4800 4849 4861

46 4
5 16 19 31 38 46 53 58 68 79 90 91 95 111 120 124 129 130 136 142 147 160 167 176 177 179 185 195 206 210 218 231 233 248 250 266 268 276 288 295 309 325 326 331 335 350

84 35
119 159 220 337 394 498 537 613 747 765 845 939 993 1048 1108 1189 1325 1391 1447 1487 1498 1532 1586 1608 1643 1656 1773 1837 1878 2000 2133 2237 2376 2434 2536 2637 2714 2761 2839 2938 2954 2988 3110 3169 3258 3347 3382 3508 3593 3636 3648 3656 3671 3734 3852 3978 4095 4195 4300 4325 4446 4502 4543 4606 4670 4699 4796 4820 4917 4925 4990 5057 5134 5145 5284 5326 5437 5517 5642 5707 5788 5849 5865 5888

40 45
163 338 427 541 659 743 897 1071 1137 1313 1332 1478 1553 1690 1863 1979 2144 2215 2302 2316 2393 2549 2573 2632 2692 2773 2874 3017 3169 3270 3293 3442 3507 3687 3836 3984 4049 4064 4101 4225

86 66
123 312 330 546 668 685 846 876 1054 1254 1516 1777 1858 2087 2157 2229 2348 2458 2704 2934 2985 3196 3306 3363 3589 3656 3896 4084 4290 4415 4472 4606 4860 4898 5134 5245 5359 5550 5627 5733 5937 6004 6256 6310 6538 6562 6612 6710 6965 7066 7307 7516 7567 7795 7912 8160 8393 8529 8550 8624 8701 8717 8927 9110 9339 9543 9797 10001 10050 10093 10110 10141 10336 10357 10604 10753 10915 10931 11053 11174 11384 11485 11660 11922 12015 12109

