28
18 13
46 51 64 101 129 167 199 235 246 281 298 301 317 369 383 387 400 415

99 2
4 11 18 23 24 25 27 35 41 49 51 57 61 62 69 69 71 78 83 84 88 90 91 99 104 111 112 115 122 127 130 136 138 142 146 146 153 159 159 165 171 176 177 178 183 186 188 193 200 200 201 208 211 219 222 223 225 227 231 234 236 243 247 251 258 264 265 269 269 273 274 275 281 286 292 295 301 301 307 312 317 322 326 326 330 331 337 343 351 354 354 356 357 364 371 376 383 383 384

89 33
19 29 88 118 213 259 306 419 439 471 548 618 731 831 883 987 1100 1142 1269 1321 1352 1396 1508 1541 1607 1687 1701 1803 1836 1860 1965 2058 2161 2243 2277 2295 2424 2548 2580 2697 2802 2904 2956 3030 3071 3139 3163 3215 3287 3379 3405 3460 3498 3561 3687 3704 3770 3838 3922 4008 4124 4206 4249 4263 4354 4433 4495 4524 4551 4559 4661 4694 4723 4750 4870 4971 5049 5099 5200 5222 5291 5402 5413 5475 5514 5543 5630 5751 5808

68 39
101 123 159 202 241 379 425 483 534 600 632 741 752 817 951 1060 1154 1211 1263 1319 1444 1485 1539 1557 1711 1812 1919 1964 2090 2159 2237 2389 2519 2614 2723 2794 2915 3015 3134 3152 3176 3332 3484 3552 3635 3741 3831 3851 3934 4024 4055 4100 4158 4293 4442 4462 4568 4601 4678 4767 4889 4912 4960 5032 5122 5155 5249 5306

24 71
236 263 447 549 661 734 793 1064 1261 1336 1510 1554 1809 1939 2121 2213 2431 2622 2690 2945 3202 3340 3603 3775

71 2
8 15 19 19 20 20 20 27 34 35 38 44 49 51 57 64 67 67 68 73 77 78 81 82 84 88 95 101 109 114 122 124 127 133 141 146 147 148 154 157 160 163 166 174 178 185 192 195 201 209 212 213 218 218 221 221 228 236 242 245 253 256 257 262 270 271 274 280 282 284 286

99 51
145 224 263 424 549 605 781 912 1007 1039 1232 1246 1335 1509 1608 1767 1881 1999 2195 2345 2373 2539 2565 2726 2748 2951 3130 3243 3429 3495 3689 3772 3831 3872 3972 4103 4171 4240 4336 4482 4574 4634 4681 4844 4876 4953 4985 5184 5255 5415 5499 5598 5718 5731 5864 6027 6081 6268 6445 6472 6522 6630 6833 6990 7117 7253 7416 7482 7647 7728 7889 7913 8107 8298 8477 8600 8693 8777 8894 8983 9086 9281 9391 9579 9783 9879 9955 10087 10156 10349 10447 10626 10816 10911 10934 11035 11158 11333 11537

69 70
186 359 488 762 981 1166 1337 1375 1527 1564 1689 1802 2053 2150 2387 2461 2525 2725 2811 2917 3111 3192 3394 3459 3638 3692 3784 3886 4044 4087 4359 4610 4845 4959 5185 5408 5554 5645 5758 5947 6183 6396 6457 6541 6791 6940 7155 7403 7679 7858 7939 8080 8183 8308 8411 8472 8533 8702 8963 9179 9209 9481 9621 9863 10102 10213 10245 10495 10669

56 34
124 201 310 413 435 469 564 650 723 751 832 907 969 993 1066 1178 1255 1377 1453 1489 1567 1626 1649 1760 1789 1919 1929 1997 2022 2095 2107 2216 2301 2320 2353 2435 2458 2533 2616 2724 2776 2799 2826 2959 3022 3080 3090 3209 3279 3383 3418 3478 3579 3666 3778 3786

38 77
124 391 613 793 822 1120 1378 1537 1768 1868 2092 2233 2344 2473 2565 2846 3122 3412 3535 3835 4063 4254 4274 4511 4742 4902 5037 5150 5238 5350 5443 5501 5534 5775 5798 5869 5966 6270

82 9
10 46 68 88 90 93 123 157 159 189 201 231 237 242 253 270 306 332 363 388 410 419 453 463 469 471 488 495 516 531 555 563 592 626 636 656 674 707 734 749 785 795 831 837 849 872 895 930 940 944 948 980 986 1018 1046 1070 1074 1102 1127 1141 1159 1164 1173 1193 1221 1229 1265 1295 1310 1344 1374 1390 1424 1434 1464 1491 1507 1523 1542 1553 1562 1582

17 91
41 155 494 644 937 961 1272 1421 1632 1982 2142 2424 2706 2872 3127 3401 3520

100 3
5 10 21 28 28 39 40 43 51 55 59 59 69 74 80 82 90 99 105 112 121 132 140 140 149 156 160 164 171 183 186 197 208 220 231 233 244 255 265 271 276 278 289 298 303 310 321 333 335 341 342 352 356 362 369 376 376 383 392 397 406 416 418 423 426 426 430 430 442 450 457 465 471 472 478 486 490 499 509 518 528 532 541 541 544 548 549 550 561 572 578 584 586 591 603 610 614 614 624 634

1 2
9

25 51
146 174 296 335 464 656 807 869 899 1029 1065 1102 1189 1301 1401 1434 1526 1640 1759 1896 1983 2106 2231 2321 2363

39 2
4 12 19 24 31 39 47 54 57 59 67 73 77 81 87 92 98 100 106 113 121 125 133 133 133 138 140 147 153 154 162 170 174 176 181 184 184 189 190

39 40
142 295 318 470 625 746 827 887 1044 1148 1276 1408 1423 1524 1537 1643 1772 1805 1859 1887 2032 2150 2202 2269 2319 2363 2468 2526 2635 2770 2924 2943 2979 3105 3241 3267 3307 3462 3526

44 38
103 164 216 237 376 479 525 565 705 804 816 853 881 1015 1078 1202 1256 1378 1472 1531 1670 1698 1837 1898 1922 1955 2012 2053 2094 2191 2209 2268 2387 2503 2610 2703 2735 2809 2925 2948 3070 3181 3255 3361

55 22
89 144 154 212 246 301 328 399 472 481 544 605 614 659 683 721 769 811 874 887 924 1002 1073 1137 1168 1177 1239 1287 1370 1453 1516 1599 1663 1741 1789 1864 1925 2006 2093 2145 2233 2239 2320 2337 2425 2433 2438 2474 2494 2536 2602 2637 2702 2783 2821

26 20
30 48 63 114 154 205 257 289 335 380 390 437 475 513 577 611 669 722 736 799 827 851 878 885 964 1000

30 14
31 39 67 114 158 165 170 193 209 230 279 306 346 399 442 483 534 538 547 577 596 623 676 689 698 727 774 830 867 898

35 21
41 105 187 259 323 374 432 448 473 545 606 672 743 820 862 936 971 983 1016 1021 1041 1076 1149 1166 1171 1186 1260 1269 1274 1295 1342 1350 1431 1491 1547

22 12
44 48 75 118 149 163 190 228 263 300 347 354 393 396 421 457 488 529 576 619 639 651

11 7
11 22 31 41 62 64 69 73 90 114 125

91 88
255 546 578 827 1169 1246 1297 1349 1604 1800 2100 2126 2283 2346 2499 2825 3034 3282 3631 3727 4051 4207 4524 4848 5146 5459 5491 5658 5979 6284 6466 6642 6687 6958 7061 7324 7619 7654 7869 8048 8296 8533 8709 8733 8793 8973 9122 9327 9675 9742 9773 9970 10274 10299 10592 10824 11046 11233 11448 11754 11859 12136 12467 12538 12726 13042 13369 13493 13666 13821 13987 14127 14300 14499 14799 14979 15292 15351 15430 15564 15746 16008 16049 16249 16427 16596 16826 16932 17172 17328 17361

43 59
235 278 456 657 812 958 1091 1108 1157 1358 1435 1567 1644 1826 1962 2150 2383 2564 2618 2822 3047 3238 3279 3306 3356 3417 3613 3692 3771 3850 3901 3995 4064 4083 4193 4360 4545 4567 4728 4955 5181 5342 5433

99 73
118 218 403 649 679 759 865 1101 1370 1641 1705 1748 1778 1802 1892 1930 2163 2441 2587 2786 2865 2933 2985 3098 3138 3335 3369 3543 3817 3885 4151 4249 4295 4496 4732 4983 5068 5234 5411 5516 5636 5869 6034 6237 6322 6379 6643 6762 6913 7129 7211 7232 7274 7317 7452 7537 7634 7777 7855 8127 8182 8218 8238 8488 8597 8667 8959 9150 9210 9327 9601 9680 9754 9875 10084 10181 10225 10372 10532 10679 10870 11107 11204 11314 11580 11652 11797 12010 12173 12230 12444 12497 12576 12823 12845 13046 13144 13356 13532

17 50
54 214 331 377 397 532 612 802 941 1034 1150 1225 1350 1404 1437 1548 1713

