31
15 53
165 270 395 506 670 814 844 995 1162 1182 1203 1299 1509 1717 1792

19 62
48 224 338 422 591 684 804 1026 1070 1240 1389 1448 1605 1745 1780 2003 2038 2259 2313

41 93
313 397 649 945 1163 1217 1377 1670 1734 1947 2049 2291 2390 2742 2941 3247 3349 3714 3911 4274 4380 4529 4648 4725 5003 5303 5484 5659 5846 6060 6307 6617 6753 6829 7073 7124 7401 7471 7534 7611 7856

74 52
209 309 398 494 639 825 972 1119 1313 1518 1596 1642 1751 1821 1904 1990 2150 2273 2446 2488 2686 2826 2976 3140 3180 3367 3514 3670 3736 3777 3927 3959 3988 4017 4178 4333 4420 4574 4741 4883 4924 5127 5192 5273 5407 5585 5601 5731 5793 5905 5970 6064 6187 6295 6443 6617 6693 6790 6914 7075 7202 7327 7368 7473 7561 7762 7872 7929 7992 8094 8196 8234 8284 8359

10 81
289 510 729 843 938 982 1250 1321 1437 1743

69 1
1 4 5 9 11 15 19 20 21 21 21 25 25 26 26 26 29 30 30 33 34 35 38 41 43 44 45 45 49 53 54 58 59 61 65 67 69 73 77 78 80 83 86 90 93 93 97 98 99 103 103 106 107 107 107 110 114 115 117 118 122 122 123 124 126 129 131 131 134

9 11
32 53 64 75 101 144 174 190 223

51 63
82 302 544 661 721 825 941 1059 1232 1257 1468 1612 1631 1825 1873 2124 2155 2358 2407 2562 2693 2881 3053 3080 3183 3284 3317 3553 3755 3804 4042 4168 4221 4434 4671 4691 4815 4946 5079 5156 5353 5540 5771 5842 6090 6290 6331 6489 6599 6815 6948

9 96
43 295 376 429 656 876 916 994 1040

98 72
274 455 571 611 785 1024 1147 1229 1328 1507 1760 1821 2016 2130 2170 2217 2432 2690 2899 3177 3210 3370 3493 3517 3611 3673 3914 4050 4214 4281 4539 4764 5001 5212 5308 5347 5365 5419 5442 5512 5573 5769 5909 5986 6193 6297 6324 6608 6757 6881 7146 7235 7425 7487 7667 7767 7878 8006 8076 8290 8470 8525 8787 8971 9210 9322 9494 9548 9763 9863 9919 10195 10416 10532 10669 10698 10772 10942 11074 11171 11320 11360 11475 11583 11724 11872 11970 12220 12429 12711 12760 13025 13197 13394 13667 13852 13979 14237

99 33
97 175 281 324 430 532 633 650 709 783 883 955 970 1030 1116 1144 1173 1267 1285 1296 1342 1355 1433 1461 1501 1626 1685 1708 1745 1787 1886 1944 1998 2128 2160 2188 2204 2271 2373 2411 2503 2580 2656 2734 2752 2841 2887 2926 3042 3135 3224 3354 3441 3555 3575 3651 3747 3772 3834 3851 3960 4045 4079 4123 4242 4327 4367 4474 4546 4555 4657 4700 4795 4846 4928 5007 5088 5211 5268 5314 5394 5509 5547 5611 5734 5757 5858 5989 6005 6136 6268 6382 6504 6600 6624 6660 6778 6884 6947

42 67
213 457 716 877 1084 1129 1226 1307 1549 1716 1928 2170 2295 2430 2451 2596 2749 2940 3071 3127 3386 3615 3661 3781 3989 4108 4348 4483 4624 4790 4898 5093 5293 5396 5557 5729 5965 6090 6127 6201 6299 6327

28 38
144 235 275 406 508 627 732 767 855 986 1109 1201 1240 1391 1534 1578 1589 1606 1701 1741 1856 1971 2054 2094 2186 2335 2413 2447

41 79
95 386 535 655 835 922 1183 1264 1370 1449 1656 1875 2107 2191 2226 2265 2567 2599 2814 3030 3097 3272 3345 3650 3721 3830 4127 4309 4587 4696 4974 5059 5168 5377 5649 5687 5937 5985 6193 6457 6608

69 49
140 185 344 358 471 510 678 857 1016 1140 1202 1326 1408 1433 1598 1638 1734 1897 1936 2060 2236 2308 2437 2601 2765 2867 3047 3236 3416 3543 3621 3672 3827 3937 4105 4177 4351 4415 4592 4669 4719 4897 5043 5239 5348 5482 5531 5573 5752 5779 5867 5972 6005 6075 6138 6154 6237 6424 6604 6711 6887 6979 7161 7262 7277 7352 7484 7588 7773

3 38
111 200 258

99 17
31 37 103 127 179 226 256 273 293 350 378 412 422 442 454 489 523 549 586 653 685 734 744 805 830 884 940 961 999 1060 1086 1097 1127 1163 1223 1241 1308 1355 1398 1449 1481 1526 1554 1594 1654 1693 1745 1777 1822 1854 1885 1913 1928 1959 2023 2088 2109 2161 2194 2232 2262 2280 2344 2387 2436 2493 2506 2548 2610 2655 2680 2730 2798 2816 2877 2903 2918 2954 3015 3044 3076 3136 3201 3217 3279 3298 3353 3363 3407 3462 3478 3521 3550 3554 3606 3647 3667 3690 3702

80 6
10 32 33 36 47 64 85 99 110 119 142 151 155 164 171 193 201 213 230 237 252 258 271 288 291 300 310 319 331 346 368 383 403 412 424 439 443 460 474 485 500 508 525 537 560 574 589 608 620 631 646 655 667 674 694 710 720 742 763 767 788 800 805 825 829 838 859 883 887 891 907 914 926 935 940 960 983 984 994 1000

48 87
297 410 634 683 764 993 1050 1301 1340 1648 1847 1913 1970 2251 2582 2741 2933 3141 3211 3291 3396 3627 3906 4000 4343 4649 4937 5048 5370 5572 5812 6004 6222 6411 6730 6874 7033 7319 7520 7593 7638 7888 7912 7943 7967 8157 8224 8339

7 62
208 419 535 550 739 987 1230

36 1
5 6 10 13 14 14 14 15 18 21 24 28 32 32 32 36 40 43 46 49 53 57 59 60 60 62 65 66 68 69 70 74 76 76 79 79

46 79
247 452 583 868 989 1053 1199 1472 1503 1769 2023 2143 2454 2680 2968 3272 3390 3693 3922 4155 4364 4621 4823 4888 5113 5247 5502 5623 5807 5906 5943 6047 6073 6337 6595 6653 6810 7095 7246 7352 7528 7816 7951 8034 8345 8455

80 30
27 101 189 239 346 398 470 581 591 697 723 767 885 949 1062 1083 1166 1235 1286 1386 1399 1433 1458 1562 1615 1639 1734 1772 1873 1905 2025 2117 2224 2280 2336 2436 2474 2576 2597 2702 2741 2840 2928 2990 3009 3111 3230 3324 3413 3477 3550 3628 3714 3829 3848 3916 4034 4090 4119 4160 4180 4224 4338 4389 4500 4556 4588 4682 4787 4895 5008 5121 5232 5242 5314 5415 5479 5500 5607 5614

26 6
19 22 26 36 45 64 66 72 87 90 93 111 124 143 145 165 178 192 198 213 219 226 242 257 271 284

11 14
43 48 88 97 136 156 191 211 227 260 286

80 61
156 264 394 631 660 792 840 938 1092 1260 1337 1357 1534 1560 1735 1937 2134 2224 2273 2514 2598 2690 2705 2907 2986 3133 3332 3386 3550 3592 3755 3822 4035 4215 4246 4346 4381 4512 4726 4846 5000 5138 5231 5258 5362 5489 5723 5918 6060 6249 6459 6516 6531 6549 6727 6766 6789 7011 7209 7363 7520 7618 7824 7970 8034 8203 8303 8526 8577 8594 8694 8893 9066 9105 9137 9325 9401 9467 9664 9810

90 3
13 23 29 33 35 45 52 55 56 58 66 67 79 90 94 103 111 120 131 142 144 148 150 162 170 172 182 191 196 206 217 229 236 238 240 251 253 265 277 287 298 306 316 325 327 335 337 337 342 344 354 364 365 376 378 379 388 399 403 407 418 424 432 440 448 453 454 455 457 461 470 471 473 483 490 493 496 496 507 519 528 539 539 541 541 544 551 559 560 560

51 34
112 187 259 325 440 489 525 549 576 586 600 728 764 798 835 928 948 1031 1156 1169 1187 1255 1385 1489 1524 1612 1735 1861 1975 2061 2158 2168 2286 2377 2507 2527 2583 2662 2670 2758 2883 2892 2978 3067 3090 3166 3245 3342 3449 3522 3635

52 78
307 357 655 680 763 1024 1196 1470 1635 1727 1909 1956 2048 2302 2377 2524 2722 2782 3013 3118 3140 3174 3317 3617 3864 3936 4054 4350 4389 4639 4886 5037 5057 5108 5297 5551 5703 5834 5877 5968 6160 6368 6523 6636 6794 6815 7123 7363 7548 7570 7805 7925

9 62
195 331 566 644 793 993 1210 1314 1404

4 34
119 246 360 387

