24
24 77
240 379 681 733 881 1005 1275 1527 1667 1952 2097 2126 2315 2590 2695 2869 3167 3395 3543 3650 3872 3975 4169 4410

62 35
88 161 286 401 514 637 684 705 803 876 986 1072 1157 1239 1286 1313 1418 1550 1623 1723 1741 1767 1802 1875 1908 2004 2095 2151 2242 2350 2416 2474 2538 2611 2744 2802 2916 3045 3147 3192 3230 3354 3490 3543 3570 3676 3779 3799 3918 4035 4174 4282 4343 4411 4421 4517 4611 4666 4780 4888 4979 5096

82 46
89 119 218 361 385 457 477 595 765 777 943 1073 1236 1264 1339 1457 1561 1715 1884 1919 2103 2114 2162 2315 2446 2476 2518 2541 2716 2727 2885 2916 2961 3011 3155 3180 3295 3309 3441 3601 3681 3767 3906 3939 4103 4151 4213 4295 4343 4498 4610 4630 4810 4954 5087 5239 5285 5458 5567 5606 5739 5901 5978 6102 6156 6238 6387 6501 6518 6678 6744 6895 7030 7104 7134 7301 7352 7476 7658 7729 7804 7825

97 8
9 39 45 71 75 98 117 127 147 157 168 190 213 220 252 264 290 293 307 312 330 338 351 383 397 428 441 457 472 479 485 515 544 573 582 592 610 619 639 665 692 718 735 753 770 785 789 792 824 838 861 888 907 912 940 962 972 979 989 998 1026 1028 1048 1075 1098 1107 1134 1143 1155 1172 1190 1193 1220 1236 1238 1240 1269 1292 1316 1320 1351 1367 1399 1424 1427 1440 1447 1475 1497 1512 1533 1551 1563 1570 1589 1608 1630

13 71
171 284 490 558 578 807 855 982 1265 1358 1554 1628 1701

91 58
194 312 414 610 661 683 834 873 921 1021 1180 1234 1424 1504 1632 1763 1865 2040 2105 2334 2515 2662 2696 2756 2777 2917 3077 3261 3435 3523 3555 3582 3765 3957 4129 4196 4371 4550 4587 4761 4892 4962 5086 5142 5315 5472 5549 5682 5809 5870 6051 6185 6313 6517 6550 6777 6846 7020 7135 7202 7410 7519 7616 7829 7847 7896 8036 8067 8152 8224 8294 8363 8434 8559 8647 8690 8756 8903 9023 9077 9151 9176 9262 9369 9528 9608 9835 9956 9980 10015 10080

95 77
300 530 717 907 1013 1228 1484 1526 1562 1658 1944 2122 2367 2651 2806 2969 3212 3398 3435 3680 3733 3881 4147 4208 4370 4518 4545 4719 4823 5115 5412 5584 5863 5931 6141 6211 6424 6594 6863 7102 7384 7464 7557 7749 7851 8104 8307 8560 8599 8777 8908 8947 9049 9206 9469 9499 9696 9783 9818 10088 10164 10364 10664 10809 10948 11081 11139 11379 11687 11951 12251 12322 12351 12616 12893 13149 13208 13232 13420 13501 13759 13873 14150 14246 14271 14363 14472 14727 14819 14979 15069 15266 15316 15590 15745

1 37
14

87 12
33 56 71 95 104 121 141 167 191 234 256 277 323 328 367 402 439 447 454 471 508 534 574 587 600 610 652 698 711 750 772 786 797 831 850 854 883 892 896 906 911 945 975 1002 1013 1043 1057 1084 1113 1161 1178 1190 1206 1224 1261 1307 1341 1344 1385 1424 1471 1478 1518 1551 1557 1600 1629 1635 1671 1713 1742 1772 1820 1836 1867 1875 1913 1922 1957 1976 1999 2022 2053 2094 2108 2136 2172

98 46
75 188 219 278 311 468 625 741 891 963 1001 1104 1227 1318 1441 1624 1755 1899 1957 2008 2030 2125 2249 2402 2549 2667 2783 2895 3042 3162 3190 3265 3294 3458 3586 3654 3734 3901 4068 4212 4294 4435 4525 4665 4800 4910 4979 5019 5087 5181 5313 5362 5483 5650 5713 5886 5999 6012 6068 6106 6229 6282 6377 6560 6592 6757 6848 6916 6939 6952 7028 7051 7174 7309 7373 7406 7449 7483 7606 7664 7765 7811 7868 7888 8047 8150 8319 8458 8595 8721 8822 8897 8989 9037 9193 9222 9337 9498

78 49
83 221 322 338 515 653 741 759 908 1098 1275 1439 1485 1531 1624 1748 1936 2045 2057 2175 2331 2415 2523 2592 2640 2701 2887 2937 2991 3136 3321 3450 3588 3729 3824 3915 4017 4207 4297 4410 4428 4571 4680 4765 4881 4902 5066 5130 5211 5319 5437 5526 5702 5823 5950 5969 6026 6076 6139 6306 6365 6527 6676 6827 6921 7019 7191 7349 7486 7604 7643 7727 7884 7997 8133 8305 8396 8418

33 54
151 290 475 489 689 735 786 868 1064 1264 1313 1482 1517 1704 1907 2084 2211 2234 2329 2476 2679 2816 2849 2888 2925 2940 2970 3133 3169 3205 3332 3456 3481

78 62
47 211 317 405 452 699 734 967 1016 1233 1258 1287 1457 1574 1716 1882 1911 2066 2212 2396 2627 2723 2914 2992 3215 3381 3433 3545 3564 3693 3812 3836 3958 4026 4196 4349 4369 4493 4673 4903 5021 5131 5283 5317 5419 5602 5630 5657 5802 5826 5974 6124 6367 6548 6665 6889 6904 7084 7220 7240 7345 7521 7636 7695 7939 8048 8201 8349 8398 8452 8665 8870 8992 9092 9313 9433 9680 9815

44 13
23 59 111 133 160 176 191 199 236 279 308 326 371 390 413 440 460 474 517 530 550 573 578 623 661 681 722 762 767 770 785 837 889 912 919 955 959 989 999 1004 1041 1088 1116 1156

73 21
43 126 203 233 276 342 356 433 498 523 584 617 669 697 741 768 805 846 890 967 978 986 1009 1021 1102 1138 1180 1193 1272 1325 1406 1438 1461 1514 1559 1585 1628 1644 1693 1769 1776 1840 1893 1899 1979 2023 2041 2097 2110 2130 2200 2236 2269 2336 2345 2377 2443 2466 2527 2547 2581 2655 2713 2747 2808 2831 2892 2900 2949 2972 3048 3079 3105

63 88
206 251 534 741 976 1195 1288 1321 1452 1587 1831 1974 2013 2219 2302 2409 2655 2885 2992 3157 3477 3519 3727 3768 3990 4073 4232 4296 4350 4387 4651 4801 5072 5134 5478 5531 5570 5701 5962 6070 6179 6247 6272 6400 6572 6859 7109 7289 7406 7707 7759 8028 8136 8367 8626 8729 8898 9093 9424 9619 9671 9748 9980

61 54
147 170 255 354 478 516 533 589 765 880 1029 1172 1386 1505 1601 1780 1965 2051 2222 2342 2395 2565 2699 2826 2850 2931 3067 3160 3195 3362 3520 3685 3743 3954 4150 4323 4413 4474 4538 4674 4743 4873 4979 5046 5208 5259 5328 5435 5619 5795 5927 5957 6091 6193 6315 6346 6463 6600 6729 6841 6960

46 11
13 30 43 81 95 126 156 171 185 190 231 256 268 301 316 358 393 427 430 462 489 502 539 550 571 574 597 626 655 663 667 705 739 741 771 777 809 846 885 900 905 916 960 966 1000 1040

14 30
77 152 167 178 278 352 394 409 493 537 589 673 755 804

23 70
46 195 402 576 810 1057 1145 1200 1420 1649 1846 1999 2279 2441 2510 2743 3005 3192 3345 3613 3744 3981 4051

90 11
25 38 55 89 120 161 183 192 221 244 261 288 330 335 369 385 396 439 482 510 518 534 559 561 572 589 628 631 641 653 681 689 725 739 782 787 805 821 824 837 868 883 916 942 960 975 986 1012 1047 1059 1067 1077 1101 1121 1134 1173 1214 1216 1258 1293 1323 1348 1377 1404 1412 1435 1468 1497 1515 1533 1573 1614 1636 1666 1695 1700 1727 1733 1776 1797 1805 1827 1859 1881 1922 1926 1961 1964 1970 1991

1 22
76

73 78
312 366 556 868 1176 1457 1753 1994 2066 2352 2393 2687 2998 3141 3447 3583 3620 3809 4003 4188 4226 4441 4526 4809 5101 5257 5542 5675 5961 6082 6229 6362 6402 6539 6612 6838 7029 7260 7495 7516 7725 7886 7985 8202 8309 8507 8627 8651 8702 8870 9063 9142 9327 9497 9699 9898 10162 10474 10520 10701 10788 10870 11077 11388 11627 11920 11987 12092 12140 12361 12564 12738 12763

25 21
14 73 106 114 142 163 215 264 283 346 392 412 450 520 561 619 669 701 737 750 806 873 904 946 967

