26
57 15
31 91 141 176 233 242 259 300 356 378 408 413 436 466 474 512 533 585 622 648 653 694 708 741 763 790 843 876 908 913 916 926 974 993 1042 1099 1111 1171 1208 1253 1310 1353 1387 1424 1458 1485 1535 1538 1564 1581 1592 1603 1613 1666 1696 1731 1739

93 11
20 50 79 98 101 120 136 154 156 159 187 192 213 241 255 299 328 362 369 383 390 422 440 454 481 496 533 563 587 602 618 629 648 658 678 713 751 789 796 819 825 868 892 925 937 971 973 996 999 1029 1071 1079 1090 1130 1140 1143 1157 1174 1194 1228 1268 1297 1311 1333 1354 1379 1422 1433 1435 1466 1470 1477 1488 1498 1516 1560 1565 1593 1626 1662 1688 1704 1748 1777 1796 1825 1849 1878 1922 1926 1940 1955 1983

72 63
121 334 357 579 782 882 1107 1316 1366 1453 1473 1507 1705 1817 1946 2116 2287 2480 2506 2643 2857 2984 3194 3249 3501 3617 3725 3790 4035 4139 4251 4306 4363 4411 4578 4748 4811 5027 5145 5368 5556 5761 5991 6159 6356 6438 6540 6784 6962 7150 7345 7382 7560 7694 7932 8167 8190 8334 8370 8586 8739 8844 9083 9202 9297 9362 9608 9650 9729 9849 10018 10152

11 2
4 11 15 19 22 22 28 33 41 47 52

38 68
191 293 448 699 756 861 1100 1204 1361 1577 1749 1767 1791 1918 2073 2171 2400 2539 2695 2716 2857 3117 3199 3415 3606 3803 3828 4083 4223 4399 4559 4621 4700 4831 4854 5055 5176 5202

42 96
191 375 470 537 646 795 869 1238 1315 1548 1778 2127 2289 2405 2774 2917 3189 3365 3617 3706 3959 4232 4385 4454 4814 5169 5438 5596 5911 6291 6359 6526 6579 6726 6988 7200 7513 7893 8166 8527 8791 8955

20 101
235 439 557 806 1074 1106 1288 1473 1541 1765 1872 2191 2297 2675 2982 3021 3083 3122 3490 3516

55 73
50 313 416 700 924 1130 1188 1249 1500 1751 1976 2027 2149 2186 2456 2564 2640 2840 3093 3312 3496 3585 3742 3902 3939 3965 4004 4131 4414 4521 4737 4996 5180 5350 5392 5467 5565 5677 5871 5978 6032 6225 6466 6568 6693 6911 7154 7217 7299 7437 7466 7707 7816 8105 8182

26 33
67 151 242 348 471 589 623 670 700 713 745 859 967 1049 1098 1136 1264 1372 1485 1569 1623 1751 1812 1926 1951 2073

49 23
24 54 118 125 175 195 226 266 357 376 445 474 493 582 658 707 771 795 872 909 986 1027 1110 1130 1207 1276 1298 1340 1415 1430 1456 1504 1527 1562 1599 1665 1733 1801 1826 1834 1839 1916 2007 2082 2112 2204 2215 2253 2337

52 25
46 52 87 148 158 239 277 317 360 369 442 484 528 607 681 763 833 882 969 1003 1028 1078 1086 1129 1221 1271 1347 1434 1447 1527 1565 1613 1680 1719 1727 1736 1744 1796 1806 1844 1937 1978 2049 2073 2127 2201 2285 2334 2389 2424 2495 2559

13 43
133 298 454 505 568 740 848 989 1100 1206 1352 1493 1510

51 26
65 85 103 194 256 344 380 395 439 511 592 667 734 761 832 933 988 1036 1065 1122 1191 1279 1286 1377 1403 1453 1488 1502 1599 1692 1752 1829 1932 1962 2011 2051 2125 2208 2237 2338 2365 2377 2448 2480 2553 2657 2749 2771 2808 2852 2903

82 50
142 292 373 409 564 582 674 836 909 1034 1180 1334 1390 1499 1580 1773 1838 1871 2011 2150 2327 2371 2455 2626 2757 2776 2886 3061 3187 3370 3480 3599 3743 3861 3890 4069 4210 4319 4503 4568 4590 4663 4761 4906 5106 5145 5205 5394 5438 5598 5785 5810 5876 6051 6194 6348 6512 6595 6756 6788 6860 6905 7093 7225 7252 7325 7524 7669 7733 7871 8022 8183 8249 8408 8507 8524 8660 8684 8831 8936 8970 8982

30 31
57 176 277 351 373 416 525 544 590 666 758 770 855 878 895 904 924 1039 1063 1105 1142 1244 1297 1308 1333 1400 1522 1601 1645 1656

71 100
163 262 584 779 1034 1167 1492 1839 2176 2212 2308 2348 2540 2874 2908 3152 3537 3907 4188 4296 4399 4566 4706 4826 5014 5278 5548 5858 5977 6375 6492 6691 6737 6941 7131 7369 7690 7922 8265 8546 8652 8977 9175 9505 9775 9956 10167 10267 10595 10669 10844 10960 11063 11348 11577 11625 11677 11864 11986 12154 12484 12768 13087 13191 13473 13854 14215 14441 14730 14886 15104

5 3
7 11 17 25 27

18 26
78 154 198 277 352 379 419 438 464 490 573 603 669 689 697 728 740 807

80 71
253 479 653 763 918 1199 1292 1315 1584 1801 1959 2192 2375 2541 2734 2930 3074 3331 3457 3660 3940 4140 4299 4393 4582 4638 4682 4760 4903 5154 5391 5623 5654 5690 5802 5981 6046 6281 6326 6518 6678 6951 7064 7098 7171 7392 7592 7735 7792 7839 8123 8373 8534 8777 8913 8980 9197 9265 9282 9530 9699 9954 9980 10001 10097 10291 10498 10641 10761 10793 10827 11030 11265 11291 11461 11594 11791 12037 12308 12367

67 52
84 261 331 412 541 730 836 1037 1107 1202 1245 1300 1334 1495 1695 1843 1896 2060 2224 2402 2458 2515 2672 2737 2910 2994 3102 3195 3291 3499 3606 3790 3981 4169 4319 4446 4551 4649 4788 4994 5155 5321 5470 5635 5752 5779 5851 5983 6119 6158 6299 6366 6391 6471 6533 6723 6862 7008 7159 7243 7332 7523 7711 7846 7880 7986 8105

60 57
124 233 375 572 628 794 1019 1231 1400 1583 1675 1763 1876 1902 1966 2009 2187 2410 2567 2646 2671 2818 2835 2870 3045 3084 3108 3277 3307 3516 3555 3765 3867 4044 4128 4336 4534 4649 4722 4819 5023 5068 5086 5271 5474 5568 5638 5661 5886 5959 6179 6318 6445 6509 6625 6806 6964 7140 7219 7408

64 99
162 231 598 781 969 1212 1352 1713 1939 2214 2456 2496 2844 3208 3235 3504 3686 3757 4091 4126 4403 4527 4800 4952 5062 5415 5693 5877 6215 6406 6610 6685 7040 7152 7374 7603 7778 7851 8118 8336 8662 9044 9393 9505 9657 9997 10148 10517 10896 11286 11542 11799 11951 12165 12249 12575 12816 12866 12909 12969 13346 13525 13769 13998

87 21
65 117 165 181 201 271 301 370 430 481 537 599 638 697 763 812 841 902 970 1015 1097 1116 1196 1274 1296 1357 1368 1434 1465 1503 1585 1602 1616 1689 1750 1781 1787 1828 1883 1899 1914 1946 2002 2069 2115 2175 2234 2268 2350 2401 2431 2452 2476 2550 2556 2563 2633 2678 2701 2711 2766 2776 2842 2874 2896 2924 2991 3034 3090 3144 3180 3188 3194 3268 3342 3395 3428 3509 3537 3612 3625 3672 3684 3729 3743 3750 3826

49 54
40 105 228 382 481 591 695 789 870 1008 1093 1109 1167 1313 1345 1441 1464 1637 1851 1951 2122 2192 2372 2549 2579 2598 2709 2734 2924 3133 3264 3305 3426 3468 3599 3724 3762 3869 4052 4179 4294 4457 4548 4587 4634 4669 4827 5023 5215

54 65
26 102 188 225 429 664 737 913 1135 1223 1376 1580 1723 1804 1889 2111 2250 2319 2529 2656 2718 2977 3015 3248 3294 3331 3553 3738 3796 3840 3973 4007 4097 4175 4367 4519 4633 4758 4975 5107 5123 5167 5267 5378 5399 5585 5687 5856 6054 6155 6233 6351 6514 6563

35 16
41 55 105 163 212 271 293 319 350 368 380 385 395 408 420 445 456 470 483 489 503 566 628 673 730 772 796 813 851 880 908 936 955 1011 1030

