38
78 28
88 126 191 283 382 396 486 530 569 651 737 746 801 845 900 976 1075 1117 1150 1157 1243 1303 1375 1439 1509 1526 1551 1637 1660 1754 1813 1878 1938 1953 1993 2083 2191 2255 2307 2413 2439 2488 2522 2536 2615 2626 2655 2736 2750 2799 2829 2933 3034 3058 3146 3180 3210 3270 3282 3358 3467 3542 3572 3620 3658 3683 3794 3906 3927 4029 4049 4065 4089 4112 4213 4234 4342 4364

41 49
116 272 419 502 606 631 661 690 851 866 926 939 1018 1056 1075 1182 1222 1238 1316 1353 1528 1685 1777 1953 2089 2149 2335 2458 2651 2793 2969 3137 3226 3307 3331 3436 3460 3506 3661 3747 3859

53 71
166 228 453 563 635 816 972 1246 1416 1512 1785 1879 1975 2183 2414 2610 2787 2926 3035 3166 3319 3350 3554 3748 3811 3889 4112 4228 4321 4605 4720 4794 4909 5063 5239 5288 5469 5486 5523 5649 5679 5935 6031 6095 6199 6256 6442 6478 6600 6837 6989 7126 7312

59 84
267 594 677 832 874 1003 1060 1319 1354 1483 1616 1863 1929 2110 2429 2556 2776 3006 3120 3244 3375 3527 3569 3665 3698 3740 3942 4226 4324 4488 4790 5084 5251 5548 5812 5839 5940 6047 6162 6461 6658 6879 6953 7150 7369 7544 7777 8005 8285 8443 8681 8824 9004 9288 9424 9445 9603 9839 9868

30 68
227 436 530 801 976 1195 1242 1338 1526 1554 1658 1681 1894 1965 2096 2300 2554 2579 2721 2866 3039 3139 3225 3465 3717 3946 4008 4253 4288 4367

65 35
120 131 187 197 249 272 355 455 522 571 587 721 823 883 971 1055 1167 1277 1328 1365 1499 1540 1627 1664 1735 1746 1794 1912 2052 2162 2290 2392 2521 2638 2740 2780 2874 2999 3070 3144 3279 3414 3486 3613 3722 3765 3847 3985 4056 4177 4226 4263 4359 4382 4451 4489 4561 4633 4765 4874 5007 5120 5194 5221 5231

47 99
52 151 400 618 678 858 1030 1162 1270 1616 1648 1739 2073 2461 2616 2928 3274 3510 3553 3683 3880 4142 4183 4514 4864 5135 5174 5306 5402 5685 6076 6250 6602 6789 6890 7201 7594 7966 8315 8454 8561 8819 8968 9150 9223 9529 9684

9 44
171 252 335 437 527 547 721 834 973

74 64
133 202 349 573 631 847 932 1096 1235 1479 1497 1642 1843 2032 2070 2301 2552 2645 2823 2872 3004 3154 3241 3311 3377 3605 3649 3733 3761 3994 4115 4134 4337 4439 4531 4681 4715 4861 5016 5129 5295 5364 5510 5704 5891 6133 6371 6624 6656 6838 6964 7199 7275 7377 7597 7814 8062 8303 8390 8428 8643 8666 8683 8702 8727 8979 9037 9074 9238 9381 9485 9566 9628 9822

9 51
23 65 130 165 311 328 341 395 425

60 88
60 230 427 620 692 732 979 1235 1492 1535 1675 1850 2110 2336 2540 2691 2992 3017 3207 3393 3542 3703 4032 4084 4281 4550 4747 5006 5189 5399 5481 5509 5719 5757 5847 5989 6261 6424 6731 6924 7086 7232 7381 7635 7743 8052 8230 8430 8504 8737 8916 8966 9289 9558 9657 9902 10073 10240 10322 10399

75 84
246 488 764 828 1055 1193 1392 1723 1784 1940 1983 2155 2320 2512 2578 2602 2937 3036 3316 3565 3599 3783 4007 4266 4463 4558 4779 4816 5088 5183 5457 5481 5618 5833 6123 6346 6489 6770 6923 7184 7498 7649 7914 8186 8317 8418 8466 8604 8716 8755 9034 9259 9589 9709 9986 10045 10293 10341 10632 10701 10732 10945 11138 11226 11535 11787 11835 11913 12005 12176 12282 12449 12485 12737 12823

52 38
101 208 322 370 507 548 588 723 846 893 1001 1059 1122 1188 1268 1350 1454 1529 1560 1666 1732 1824 1960 2109 2176 2187 2323 2343 2427 2489 2595 2655 2673 2778 2874 2938 2963 2982 3124 3211 3271 3327 3385 3450 3579 3639 3664 3737 3881 3903 4017 4147

101 87
46 103 222 546 776 1099 1299 1344 1493 1784 1896 2028 2182 2492 2582 2606 2639 2696 2982 3314 3577 3765 3864 3926 4112 4179 4488 4836 5053 5156 5470 5672 5812 5833 6048 6082 6285 6386 6587 6839 6866 7044 7381 7511 7674 7972 8070 8190 8521 8865 9059 9228 9377 9716 10037 10330 10453 10620 10803 11125 11265 11463 11756 11825 12132 12452 12534 12692 12817 13094 13228 13544 13829 14082 14392 14438 14544 14569 14911 15037 15114 15415 15745 15857 15927 16272 16470 16656 16859 17042 17165 17405 17622 17760 17951 18222 18522 18647 18798 18872 18928

87 30
35 86 143 237 253 359 457 513 523 604 627 731 806 835 948 1013 1049 1056 1136 1201 1209 1265 1299 1338 1410 1476 1543 1585 1615 1670 1683 1708 1730 1818 1922 2012 2062 2127 2229 2288 2361 2380 2448 2465 2536 2632 2686 2765 2785 2852 2901 2915 3014 3114 3194 3233 3343 3393 3508 3540 3569 3623 3650 3696 3757 3848 3920 4006 4055 4096 4110 4169 4202 4297 4326 4399 4447 4530 4635 4706 4722 4831 4939 4952 4966 5035 5116

82 22
44 121 153 180 187 273 301 361 381 463 538 608 689 757 833 860 933 960 970 1009 1053 1073 1089 1117 1122 1208 1254 1335 1382 1422 1507 1513 1572 1643 1682 1690 1777 1788 1800 1867 1929 1977 1999 2054 2069 2077 2163 2219 2233 2293 2373 2393 2449 2461 2472 2519 2528 2574 2624 2674 2714 2724 2775 2839 2851 2880 2928 2970 3052 3080 3168 3255 3329 3408 3454 3538 3575 3654 3733 3791 3817 3842

32 48
55 72 195 294 368 401 572 638 701 887 920 983 1173 1353 1464 1565 1696 1727 1851 2025 2185 2345 2383 2557 2636 2655 2710 2857 2890 2923 3046 3104

39 70
45 65 201 405 663 926 959 1181 1271 1524 1570 1605 1874 1974 2198 2217 2236 2377 2448 2707 2780 2887 3062 3342 3369 3554 3695 3939 4119 4175 4241 4399 4594 4787 4805 4847 4883 5039 5181

43 50
69 164 307 421 464 603 774 920 1046 1233 1415 1549 1600 1671 1718 1845 2031 2187 2347 2386 2487 2536 2550 2718 2769 2884 3072 3194 3296 3405 3474 3653 3835 3894 3951 3975 4078 4115 4227 4252 4423 4548 4709

3 67
89 120 240

66 95
279 445 740 798 840 1166 1354 1651 1900 2257 2406 2453 2516 2555 2804 3027 3391 3758 4023 4312 4523 4838 4929 4972 5060 5083 5251 5448 5604 5830 5974 6345 6701 6995 7043 7107 7356 7622 7803 7986 8062 8085 8460 8831 8912 9243 9308 9607 9766 10047 10353 10523 10745 10985 11088 11188 11475 11828 11877 12130 12178 12418 12698 13024 13183 13514

10 40
128 213 291 396 521 574 668 685 722 832

94 86
166 469 756 922 976 1196 1313 1335 1572 1686 1842 1922 2047 2362 2577 2872 2971 3092 3240 3384 3585 3927 4127 4464 4662 4795 5138 5320 5408 5440 5557 5733 5772 5932 6042 6112 6453 6653 6729 7055 7143 7354 7418 7509 7853 8067 8299 8574 8635 8828 8907 9230 9251 9579 9709 9976 10289 10357 10663 10715 11008 11150 11458 11799 12141 12266 12564 12885 12940 13164 13279 13565 13860 14019 14130 14441 14702 14995 15194 15517 15763 15872 16198 16304 16636 16929 16990 17179 17412 17509 17845 17950 18261 18460

68 14
13 34 53 88 100 109 136 183 224 247 297 321 345 388 407 416 425 476 517 572 583 604 613 643 692 731 770 776 806 848 897 941 974 993 998 1018 1050 1106 1139 1170 1181 1218 1238 1281 1333 1344 1347 1400 1427 1465 1492 1540 1555 1595 1601 1613 1628 1651 1673 1719 1760 1776 1811 1826 1851 1859 1894 1915

92 92
192 322 599 883 939 1198 1264 1445 1472 1556 1593 1835 2140 2341 2536 2829 2997 3027 3388 3610 3811 4113 4274 4359 4501 4806 5044 5397 5678 5822 6047 6214 6490 6717 6867 6992 7121 7420 7621 7901 8133 8336 8595 8850 8989 9282 9568 9802 9875 10242 10290 10433 10588 10953 11138 11307 11666 11753 11941 11972 12310 12344 12520 12708 12776 13023 13179 13299 13602 13892 14073 14369 14449 14637 14997 15301 15601 15799 16164 16417 16708 16770 17129 17478 17578 17908 17995 18165 18404 18482 18514 18540

71 69
168 242 432 492 598 684 744 943 1145 1351 1492 1611 1844 1963 2135 2313 2420 2570 2637 2743 2821 3005 3160 3412 3602 3870 4032 4192 4279 4470 4673 4702 4720 4909 5100 5272 5532 5734 5953 6076 6228 6338 6605 6757 6954 7025 7255 7406 7518 7650 7703 7974 8155 8206 8311 8581 8663 8853 8941 9198 9429 9473 9523 9611 9630 9717 9797 9888 9970 10097 10223

30 50
201 299 379 501 612 726 807 870 935 1001 1114 1262 1346 1437 1587 1752 1948 2009 2087 2175 2270 2438 2631 2809 2853 2991 3067 3105 3209 3340

67 13
20 44 86 127 169 181 210 216 232 283 321 363 383 427 457 481 513 520 546 580 611 640 658 695 735 766 775 800 822 850 868 878 905 941 956 995 1004 1040 1088 1099 1133 1159 1165 1175 1181 1200 1223 1261 1295 1313 1322 1337 1374 1390 1402 1442 1472 1491 1527 1543 1595 1644 1684 1730 1746 1762 1809

24 40
78 223 271 393 422 466 626 657 751 897 999 1065 1113 1245 1334 1361 1462 1514 1574 1669 1692 1744 1849 1928

90 54
164 253 420 546 625 752 769 942 1015 1094 1193 1237 1389 1480 1520 1673 1719 1808 1895 2018 2200 2230 2268 2336 2530 2713 2740 2829 2863 2904 3072 3118 3213 3253 3327 3380 3558 3717 3838 3891 4090 4287 4455 4500 4715 4848 4891 4959 5135 5220 5377 5515 5680 5704 5829 5869 6068 6119 6172 6332 6473 6488 6532 6551 6653 6836 6886 7094 7122 7256 7338 7505 7675 7693 7781 7860 8045 8133 8201 8240 8445 8490 8569 8686 8725 8779 8975 9106 9165 9272

67 79
21 286 569 637 821 1018 1303 1347 1429 1548 1696 1738 1935 2189 2250 2531 2740 2991 3243 3303 3608 3801 3879 4140 4239 4304 4450 4641 4783 5005 5241 5498 5722 6036 6113 6189 6473 6629 6936 7067 7243 7476 7665 7747 8010 8041 8216 8235 8462 8550 8817 9085 9233 9333 9618 9715 9754 9928 10165 10233 10333 10369 10481 10750 10780 10957 11189

87 60
136 222 403 496 532 694 753 870 1003 1200 1296 1353 1405 1426 1533 1570 1721 1815 1972 2157 2273 2475 2632 2743 2916 3046 3243 3283 3392 3621 3653 3845 4021 4148 4174 4356 4394 4523 4611 4765 4952 5134 5217 5455 5582 5784 5933 5956 6176 6286 6398 6620 6703 6879 7026 7128 7278 7467 7495 7592 7790 7944 8110 8201 8398 8461 8480 8531 8651 8834 9028 9252 9336 9443 9630 9791 9947 10015 10191 10422 10612 10767 10800 10886 11061 11169 11303

18 54
141 315 344 396 531 716 828 971 1051 1196 1280 1381 1589 1709 1913 2114 2173 2224

4 60
137 212 365 602

21 97
238 540 682 761 1111 1281 1584 1850 2065 2360 2656 2967 3315 3541 3808 3955 4056 4325 4526 4573 4789

75 88
161 242 425 476 594 862 1125 1258 1378 1639 1921 2003 2257 2346 2525 2828 3064 3135 3269 3488 3748 3897 4093 4230 4271 4535 4865 5089 5255 5588 5736 5922 6036 6211 6497 6827 6877 7032 7117 7323 7486 7650 7894 8164 8507 8776 8914 9127 9370 9591 9932 10132 10419 10548 10649 10680 10724 10878 11206 11334 11677 11700 11767 11797 12086 12278 12619 12852 13190 13455 13691 13869 14035 14367 14699

50 1
2 6 10 12 15 19 22 22 26 29 30 33 34 38 41 44 45 47 48 49 52 56 57 61 61 62 65 67 68 71 75 78 79 82 82 85 87 89 90 90 91 95 98 100 101 105 105 106 109 109

56 7
7 30 35 58 71 85 92 112 114 135 154 156 157 174 202 221 230 249 251 268 278 300 318 345 368 384 389 409 426 444 445 457 478 493 499 518 529 552 570 573 601 615 643 667 681 703 717 726 731 746 753 779 781 793 818 828

