35
94 52
16 133 323 518 673 734 798 972 1152 1254 1402 1430 1627 1722 1836 1922 2038 2120 2168 2376 2527 2578 2651 2733 2788 2839 2948 3127 3250 3330 3356 3396 3545 3598 3672 3843 3955 4110 4175 4257 4424 4505 4619 4639 4843 4931 5076 5130 5330 5407 5515 5676 5832 5880 5907 5950 6146 6189 6237 6337 6442 6560 6680 6780 6836 7038 7184 7327 7449 7574 7702 7786 7957 8115 8234 8399 8433 8515 8718 8765 8859 8897 9086 9201 9305 9477 9632 9687 9880 9905 10043 10251 10274 10296

96 35
140 247 306 316 454 557 677 724 863 945 1059 1079 1189 1212 1345 1388 1516 1600 1665 1787 1926 2030 2046 2061 2139 2271 2312 2418 2464 2519 2608 2624 2731 2791 2930 2992 3111 3173 3265 3329 3373 3491 3561 3610 3625 3731 3850 3963 4068 4188 4249 4319 4350 4362 4447 4488 4568 4640 4719 4783 4808 4926 5064 5183 5298 5307 5412 5494 5597 5700 5828 5955 5991 6005 6124 6185 6224 6361 6485 6559 6692 6800 6823 6924 7059 7151 7166 7216 7293 7357 7395 7470 7596 7682 7763 7801

57 55
55 132 255 424 547 645 663 754 862 1076 1216 1358 1447 1535 1702 1863 2021 2223 2244 2359 2494 2655 2803 2903 3090 3257 3294 3491 3565 3669 3709 3917 3956 4002 4120 4255 4269 4344 4365 4518 4638 4858 4895 4964 5146 5365 5443 5618 5795 5950 5976 6006 6032 6064 6215 6310 6468

29 11
45 47 77 91 128 169 190 206 229 252 280 294 311 326 370 407 444 458 482 495 517 561 576 580 623 660 677 697 712

91 6
17 39 60 75 78 94 108 121 144 154 159 171 192 203 220 223 233 239 240 253 276 293 298 321 336 348 353 375 386 405 409 427 441 442 463 475 485 492 506 529 545 562 576 596 608 610 624 627 632 649 660 672 677 700 712 728 752 760 781 786 810 829 837 853 854 856 865 881 904 923 941 953 969 975 995 996 1015 1037 1042 1062 1074 1089 1110 1120 1137 1150 1174 1191 1198 1215 1222

92 23
58 141 200 283 334 407 420 494 525 592 627 696 778 825 841 889 981 1033 1089 1146 1189 1208 1243 1310 1400 1463 1510 1591 1677 1724 1742 1772 1849 1926 1934 1946 1974 2033 2091 2138 2203 2290 2347 2398 2475 2506 2584 2629 2636 2697 2720 2725 2738 2760 2843 2921 2995 3076 3088 3119 3205 3269 3357 3406 3414 3491 3515 3520 3558 3590 3664 3744 3765 3829 3882 3970 4056 4123 4171 4263 4354 4362 4398 4428 4496 4582 4660 4673 4704 4755 4766 4818

68 57
29 253 415 506 636 752 950 1175 1249 1370 1498 1724 1918 1954 2145 2368 2549 2654 2765 2927 3094 3300 3500 3669 3877 3923 3987 4025 4109 4181 4327 4384 4566 4731 4888 4918 5141 5323 5372 5519 5676 5779 5853 5987 6154 6254 6378 6510 6631 6820 6996 7146 7176 7255 7306 7498 7577 7646 7752 7980 8158 8189 8316 8333 8433 8504 8717 8742

76 72
237 368 612 795 886 1056 1277 1319 1397 1487 1678 1802 1959 2164 2230 2311 2341 2449 2693 2735 2819 2992 3246 3351 3577 3857 4084 4148 4349 4566 4761 4784 4879 5042 5155 5307 5432 5579 5607 5872 6093 6170 6400 6520 6726 6799 6878 6917 6935 6985 7060 7311 7366 7406 7455 7582 7649 7688 7752 7780 7973 8234 8320 8402 8657 8898 9083 9371 9594 9693 9950 10078 10258 10293 10575 10628

97 90
30 260 311 385 603 829 1031 1272 1583 1734 1844 2126 2207 2378 2495 2697 2987 3197 3274 3572 3635 3799 4044 4400 4473 4655 4894 5150 5185 5345 5630 5928 6032 6076 6133 6444 6622 6917 7236 7511 7572 7808 7899 8127 8379 8553 8913 9097 9284 9562 9754 9937 10219 10557 10771 10997 11245 11556 11730 12013 12320 12509 12635 12764 12790 13003 13061 13343 13626 13816 13880 13939 14195 14256 14575 14822 15149 15458 15551 15836 16108 16313 16391 16494 16597 16643 16681 16810 17016 17071 17224 17480 17652 17833 17878 17933 18236

30 74
144 287 382 629 913 981 1078 1363 1605 1764 1782 1971 2010 2091 2248 2310 2519 2545 2685 2833 2916 3138 3406 3433 3683 3971 4156 4267 4454 4645

85 57
46 261 477 637 745 934 1103 1119 1343 1384 1529 1617 1761 1832 1894 1939 1997 2137 2246 2357 2478 2689 2840 3019 3073 3167 3391 3471 3670 3860 3952 4134 4244 4358 4549 4764 4929 4961 5113 5259 5288 5513 5716 5872 5947 6005 6150 6272 6492 6677 6803 6883 7023 7223 7327 7462 7624 7785 7952 8053 8145 8189 8225 8406 8423 8483 8610 8765 8919 8993 9182 9329 9414 9546 9622 9696 9843 10032 10051 10199 10426 10590 10744 10769 10936

35 34
84 200 226 278 311 431 561 665 777 809 817 927 977 1014 1028 1091 1184 1271 1377 1470 1561 1603 1717 1839 1903 1988 2095 2201 2291 2353 2454 2589 2629 2673 2765

31 42
46 91 110 129 202 325 356 415 511 577 743 875 973 1036 1067 1196 1348 1429 1568 1677 1705 1764 1888 1979 2061 2116 2271 2395 2543 2553 2570

93 10
11 17 57 84 111 114 154 157 182 210 244 256 265 304 328 336 353 358 379 415 449 478 486 523 535 571 575 610 627 654 687 692 722 733 754 773 803 825 860 873 883 886 907 919 922 947 950 975 1013 1037 1050 1082 1117 1124 1132 1146 1156 1196 1217 1234 1238 1276 1306 1331 1361 1400 1434 1447 1468 1471 1476 1502 1522 1559 1598 1604 1618 1630 1652 1656 1677 1685 1725 1750 1784 1804 1823 1837 1862 1899 1938 1941 1962

49 46
45 176 240 286 457 628 736 772 825 949 1016 1058 1141 1288 1453 1500 1531 1689 1732 1874 1885 1932 2048 2216 2335 2496 2519 2551 2735 2893 3046 3214 3235 3328 3497 3530 3660 3819 3893 4065 4155 4306 4483 4619 4778 4825 4869 4988 5151

57 41
71 131 231 262 421 552 667 778 886 970 982 1118 1252 1372 1382 1423 1577 1655 1682 1771 1881 1891 1934 2064 2090 2252 2294 2320 2438 2475 2579 2598 2754 2876 3033 3170 3283 3311 3373 3505 3642 3683 3716 3860 3986 4005 4103 4186 4232 4347 4416 4484 4581 4685 4727 4790 4807

82 5
11 17 29 44 57 70 81 82 100 103 117 137 151 165 166 185 205 220 238 250 258 259 265 273 288 295 305 313 316 317 318 323 342 356 370 371 382 392 401 415 425 426 434 451 470 489 495 498 502 503 519 535 538 546 555 575 583 599 600 607 626 633 647 666 667 686 689 698 709 727 738 756 766 775 794 813 824 839 857 871 886 905

83 92
214 308 371 503 555 868 980 1302 1558 1922 2086 2113 2464 2610 2735 2837 3140 3499 3675 3969 4219 4579 4756 4864 5059 5242 5583 5904 6059 6263 6428 6725 7029 7151 7325 7660 7893 8211 8293 8659 8876 9002 9026 9393 9525 9743 10001 10125 10310 10631 10726 11084 11257 11573 11923 12181 12378 12487 12675 12718 13078 13330 13437 13723 13958 14019 14246 14370 14725 14905 14958 15070 15372 15686 15739 15854 15946 16112 16205 16467 16635 16691 17018

44 7
8 27 32 35 55 78 84 97 121 141 150 174 181 186 187 192 220 223 235 249 252 276 285 292 313 320 340 350 351 361 378 400 422 441 445 460 463 478 483 484 487 489 507 518

15 18
24 89 145 156 225 253 296 308 321 333 389 443 495 525 548

35 74
153 422 446 622 769 840 900 1146 1275 1528 1553 1595 1711 1736 1764 1976 2124 2330 2592 2667 2852 3111 3150 3364 3422 3578 3788 3874 4066 4265 4541 4577 4745 4943 5007

50 59
105 290 349 486 545 619 699 923 999 1119 1180 1251 1476 1687 1751 1838 1891 2025 2232 2398 2543 2638 2843 2887 2915 3145 3231 3272 3322 3347 3440 3458 3495 3606 3720 3803 3844 4001 4171 4278 4488 4690 4727 4945 5038 5129 5317 5538 5659 5784

54 52
157 307 359 424 630 714 916 944 1107 1311 1355 1424 1581 1677 1800 1996 2013 2153 2225 2350 2385 2490 2575 2595 2694 2750 2864 2959 3131 3286 3328 3433 3570 3648 3805 3974 4006 4129 4328 4350 4415 4539 4738 4895 5016 5066 5175 5306 5421 5449 5583 5601 5706 5798

52 42
28 132 163 290 428 476 584 694 808 918 1053 1092 1168 1231 1305 1420 1546 1622 1656 1716 1818 1885 1977 2014 2071 2160 2180 2209 2253 2311 2462 2590 2674 2791 2916 3074 3241 3409 3552 3676 3834 3995 4064 4195 4276 4401 4562 4728 4808 4836 4976 5027

79 85
289 313 486 524 705 980 1309 1423 1691 1743 1936 1974 2169 2384 2569 2907 3060 3384 3700 3725 3824 4100 4214 4447 4748 4881 5085 5262 5366 5483 5581 5827 5969 6003 6177 6238 6354 6529 6599 6761 6885 6957 7075 7386 7566 7762 7966 8117 8145 8364 8547 8626 8901 8967 9187 9244 9530 9618 9820 9949 9986 10267 10503 10607 10808 10911 10945 10992 11079 11409 11577 11802 11948 12142 12324 12414 12730 12753 12953

50 81
83 139 186 506 685 738 1035 1206 1409 1720 1797 2118 2391 2431 2485 2748 2788 2917 3079 3145 3343 3412 3691 3932 4036 4255 4522 4609 4911 5013 5243 5527 5816 5929 5993 6194 6502 6751 6977 7147 7471 7594 7685 7798 7924 8157 8235 8389 8411 8538

87 40
31 121 149 286 412 545 688 715 821 843 876 901 1035 1147 1245 1373 1494 1549 1632 1649 1711 1788 1890 1964 2029 2052 2136 2252 2309 2391 2430 2532 2573 2636 2790 2888 3007 3040 3099 3193 3240 3376 3428 3579 3731 3809 3922 3988 4117 4264 4353 4459 4489 4516 4672 4726 4847 4872 4920 5038 5082 5221 5273 5416 5456 5529 5624 5759 5843 5973 6013 6146 6160 6235 6273 6420 6481 6543 6689 6795 6817 6836 6971 7104 7208 7307 7454

88 42
146 314 353 448 555 716 780 860 923 1029 1160 1248 1352 1514 1575 1728 1878 1888 2023 2093 2120 2238 2318 2484 2564 2647 2694 2714 2726 2841 2874 2911 3078 3183 3342 3383 3472 3544 3697 3783 3844 3950 4065 4129 4296 4405 4489 4543 4697 4714 4788 4956 5038 5196 5343 5398 5483 5546 5574 5595 5665 5766 5816 5978 6037 6074 6150 6171 6285 6345 6512 6561 6717 6781 6928 7019 7119 7177 7295 7373 7517 7558 7690 7858 7943 8078 8136 8303

65 81
47 117 188 341 577 608 675 749 778 875 1013 1061 1254 1541 1644 1806 2063 2179 2233 2490 2772 2923 3077 3178 3427 3476 3733 3936 4157 4225 4355 4659 4827 4875 5131 5449 5499 5604 5774 5902 6094 6147 6325 6455 6698 6763 6826 7010 7287 7401 7488 7515 7638 7841 7968 8010 8268 8313 8344 8621 8929 9110 9189 9498 9565

6 56
214 425 512 644 767 960

67 6
9 30 53 55 63 75 76 77 96 111 113 124 143 161 179 201 219 240 249 263 272 278 283 299 306 307 309 313 319 323 336 348 368 377 399 411 433 439 458 472 491 509 517 533 545 566 585 599 614 615 617 620 638 653 663 668 677 695 702 720 733 740 759 765 786 791 801

46 98
371 497 758 1086 1304 1550 1716 1860 1963 2240 2421 2613 2849 3241 3294 3421 3472 3534 3881 4233 4389 4589 4675 5017 5167 5319 5466 5855 6187 6497 6565 6792 7089 7409 7457 7775 7942 8142 8390 8525 8572 8752 9119 9310 9634 9703

34 90
145 203 238 564 802 950 1161 1343 1639 1789 2111 2191 2461 2708 2757 2865 2907 3021 3328 3444 3694 4003 4285 4405 4554 4770 4863 5085 5356 5661 5827 6024 6112 6368

2 85
333 661

48 53
192 205 385 487 577 714 838 976 1121 1166 1319 1453 1573 1652 1752 1767 1954 2071 2171 2323 2347 2446 2643 2814 2849 2970 3043 3166 3195 3296 3456 3652 3674 3815 3882 4009 4052 4160 4260 4312 4403 4514 4533 4576 4786 4976 5104 5256

