16
91 4
15 16 17 29 45 57 62 70 76 86 91 107 113 117 119 120 124 131 135 142 154 156 159 173 185 190 199 213 214 215 216 217 233 245 250 251 264 269 280 282 290 297 303 315 324 334 350 358 362 369 380 387 390 405 408 409 411 417 429 445 455 465 476 482 491 504 511 518 524 530 542 549 559 565 579 592 608 621 629 644 654 664 673 688 696 703 710 714 719 733 741

46 17
68 87 106 140 185 215 240 257 308 332 364 429 446 477 513 573 609 652 661 700 707 730 772 823 839 863 902 970 995 1035 1103 1131 1151 1163 1202 1223 1233 1286 1294 1335 1399 1409 1440 1481 1538 1584

18 52
138 155 272 438 531 544 637 655 726 845 964 1145 1255 1371 1398 1446 1601 1682

62 76
34 211 286 334 483 711 761 780 958 1073 1166 1265 1498 1580 1647 1948 2008 2245 2472 2721 2806 3042 3237 3305 3433 3674 3808 3904 4067 4122 4143 4205 4451 4512 4719 4857 5097 5323 5433 5598 5771 6002 6227 6443 6618 6679 6889 6958 7114 7362 7481 7608 7835 8103 8235 8347 8628 8780 9067 9088 9359 9395

83 96
308 632 904 1110 1394 1512 1743 1993 2179 2562 2641 2885 3122 3367 3555 3884 4102 4429 4749 4975 5063 5096 5245 5295 5424 5774 5807 5921 6060 6229 6368 6491 6783 7137 7217 7416 7522 7673 7975 8203 8405 8788 8962 9220 9451 9635 9678 10029 10275 10575 10874 11034 11235 11269 11644 12015 12084 12233 12489 12576 12959 13106 13232 13589 13693 13767 14128 14408 14765 14795 15013 15128 15163 15211 15447 15688 15989 16087 16154 16194 16483 16647 16810

84 49
160 203 308 425 551 637 689 781 962 1136 1257 1316 1458 1549 1618 1689 1702 1876 2059 2221 2355 2448 2602 2798 2894 2944 3010 3184 3366 3407 3602 3672 3791 3841 3937 4028 4124 4166 4225 4343 4364 4382 4409 4474 4625 4727 4867 4897 5043 5229 5319 5364 5441 5554 5572 5701 5731 5768 5835 5947 5998 6129 6320 6373 6498 6650 6670 6851 7026 7215 7302 7366 7483 7611 7659 7745 7930 8120 8247 8354 8394 8508 8596 8651

23 67
257 396 443 551 701 725 816 985 1245 1403 1597 1817 1937 1990 2221 2379 2471 2569 2716 2923 2943 3015 3038

29 97
186 370 585 952 1102 1367 1634 1924 2139 2394 2474 2767 2905 3183 3232 3494 3581 3772 3950 4307 4537 4755 5109 5291 5472 5746 6115 6243 6347

2 25
84 93

16 84
296 564 869 1025 1248 1405 1656 1962 2077 2255 2569 2881 3068 3348 3517 3726

93 78
245 383 693 757 947 1211 1490 1630 1766 2067 2279 2336 2398 2601 2806 3052 3183 3393 3609 3732 4023 4245 4382 4516 4777 4799 4875 4995 5159 5244 5272 5423 5704 5764 5904 6000 6025 6110 6292 6427 6479 6613 6897 6974 7152 7413 7556 7864 7966 8058 8160 8248 8411 8656 8714 8814 8957 9226 9362 9530 9607 9788 9824 10099 10264 10573 10644 10674 10889 11035 11310 11470 11516 11738 11871 12019 12173 12405 12552 12853 12875 12952 13091 13323 13570 13753 13955 14259 14343 14405 14436 14455 14640

3 10
37 68 105

97 3
4 7 7 17 27 32 40 51 56 65 74 82 89 99 106 118 125 125 137 142 147 147 156 159 166 173 185 194 198 206 214 220 220 232 236 237 248 259 264 267 276 281 293 305 308 318 319 330 338 338 350 352 360 367 370 376 377 378 382 384 390 394 394 402 410 410 420 422 432 439 446 453 458 462 470 479 482 492 502 512 514 517 520 531 543 544 556 568 575 584 587 593 600 600 605 606 614

85 78
273 336 388 468 779 836 1087 1194 1308 1455 1707 2007 2244 2291 2506 2781 2870 2928 3189 3291 3447 3468 3660 3942 4046 4241 4401 4515 4664 4773 4978 5195 5301 5408 5528 5618 5809 5865 6089 6394 6622 6817 6918 7203 7353 7591 7707 7762 7946 8128 8288 8551 8649 8874 9175 9404 9592 9626 9857 10091 10140 10344 10549 10704 10902 11120 11360 11539 11846 11923 12052 12205 12415 12441 12678 12842 13038 13061 13259 13352 13455 13490 13523 13690 13934

97 23
82 123 203 247 329 411 453 510 595 652 680 752 785 819 834 845 888 980 987 1061 1112 1172 1187 1195 1232 1265 1270 1344 1380 1434 1463 1504 1528 1544 1635 1642 1657 1685 1771 1855 1896 1934 1971 2042 2107 2160 2218 2277 2342 2415 2459 2476 2496 2531 2613 2633 2656 2709 2733 2799 2820 2885 2936 2954 2962 3001 3015 3067 3108 3172 3255 3297 3384 3413 3476 3498 3503 3563 3573 3662 3714 3731 3784 3832 3839 3856 3914 3969 4051 4093 4122 4175 4252 4281 4358 4413 4466

10 69
194 313 359 518 673 801 963 1217 1492 1725

