36
51 80
50 88 354 641 778 1030 1268 1538 1832 2042 2312 2612 2825 3145 3204 3309 3628 3727 4000 4113 4392 4648 4819 5074 5177 5408 5500 5730 5961 6002 6279 6382 6552 6859 7156 7403 7506 7543 7618 7902 7948 8226 8504 8600 8783 9092 9259 9496 9529 9800 9957

27 6
19 39 61 63 82 94 95 107 112 116 131 151 167 179 198 205 216 222 228 236 247 253 258 276 294 312 333

91 94
162 361 448 595 777 866 1150 1446 1625 1810 2122 2367 2670 2712 2892 2954 3325 3413 3563 3875 4005 4110 4270 4505 4695 5050 5400 5647 5954 6164 6452 6773 6843 6970 7303 7656 7851 8168 8421 8486 8615 8762 9071 9230 9498 9672 9877 10072 10137 10188 10504 10725 10915 11004 11369 11499 11565 11939 12136 12210 12391 12635 12988 13132 13432 13666 13921 14158 14403 14589 14720 14828 14907 15059 15297 15428 15721 15915 15995 16160 16520 16724 17100 17243 17359 17689 17968 18298 18668 18930 19114

67 70
248 389 481 685 908 1121 1353 1386 1412 1468 1584 1718 1735 1871 1979 2158 2303 2492 2631 2741 3021 3057 3115 3312 3383 3552 3820 4073 4231 4279 4459 4719 4907 5126 5323 5486 5503 5575 5751 5878 6007 6228 6311 6520 6797 7076 7205 7471 7674 7933 8124 8213 8424 8482 8759 8816 9021 9134 9202 9389 9636 9828 9980 10180 10377 10509 10669

80 46
77 241 290 301 470 548 576 664 740 865 877 1015 1189 1324 1417 1509 1609 1636 1690 1816 1959 2013 2163 2233 2390 2470 2605 2779 2842 2944 3040 3215 3388 3472 3590 3660 3804 3893 3934 3975 4127 4211 4273 4435 4612 4743 4842 5022 5161 5334 5422 5496 5519 5669 5717 5813 5868 5961 6068 6237 6388 6481 6608 6704 6784 6868 7049 7195 7297 7338 7482 7664 7787 7903 7924 8065 8224 8331 8495 8619

70 32
111 210 293 315 440 504 615 662 764 892 1010 1018 1139 1266 1285 1306 1316 1444 1495 1588 1646 1702 1716 1800 1875 1914 1989 2026 2121 2209 2283 2343 2442 2514 2633 2706 2772 2870 2917 3015 3049 3144 3228 3347 3362 3389 3517 3626 3711 3726 3775 3867 3929 3940 3960 3978 4056 4162 4264 4298 4318 4434 4499 4626 4717 4743 4820 4834 4934 4988

84 67
53 256 446 567 596 715 935 972 1056 1263 1364 1607 1688 1780 1797 1842 1981 2044 2234 2271 2313 2332 2579 2599 2737 2931 3169 3279 3443 3597 3862 4049 4239 4355 4489 4688 4905 5158 5186 5203 5386 5626 5805 6068 6128 6207 6453 6524 6658 6722 6891 6977 7043 7252 7504 7573 7672 7917 8150 8339 8364 8484 8514 8752 8826 9089 9173 9393 9567 9765 9846 9884 9952 9997 10264 10331 10502 10694 10897 11123 11292 11529 11593 11696

68 33
122 159 183 220 336 349 393 446 502 592 607 660 676 744 762 886 954 965 1086 1095 1173 1201 1238 1321 1368 1437 1567 1620 1736 1851 1906 1988 2002 2063 2104 2114 2133 2157 2196 2204 2249 2314 2441 2553 2621 2686 2780 2827 2835 2882 2927 3005 3059 3090 3141 3215 3277 3341 3354 3377 3447 3539 3654 3740 3864 3913 3996 4073

26 25
46 94 161 194 257 345 377 400 478 513 519 617 669 731 778 800 836 894 968 981 1077 1121 1162 1246 1316 1416

37 50
45 216 336 374 487 615 638 760 950 1138 1218 1296 1448 1581 1645 1661 1754 1892 2044 2216 2316 2428 2504 2631 2659 2738 2908 3003 3117 3151 3306 3429 3454 3650 3809 3960 4105

39 84
46 79 332 505 771 1081 1272 1347 1413 1587 1843 2048 2206 2292 2380 2433 2677 2884 3086 3187 3479 3690 3898 4111 4405 4692 4962 5013 5163 5411 5682 5870 5922 6052 6193 6437 6548 6713 6996

60 22
35 118 127 152 234 318 375 443 489 511 568 604 672 732 778 863 925 995 1044 1080 1114 1189 1258 1287 1315 1340 1353 1373 1431 1509 1525 1536 1559 1635 1661 1686 1761 1825 1839 1903 1940 1985 1994 2058 2068 2115 2159 2166 2228 2240 2310 2395 2481 2534 2560 2597 2615 2648 2671 2714

80 44
147 253 411 428 553 632 649 673 702 809 958 1056 1224 1379 1547 1710 1784 1948 2048 2075 2195 2252 2307 2318 2449 2472 2583 2690 2816 2910 2931 2959 3027 3116 3289 3419 3561 3600 3760 3887 4048 4082 4174 4258 4409 4446 4475 4631 4709 4737 4864 4960 5067 5224 5304 5475 5574 5707 5878 5965 5978 6001 6134 6306 6433 6565 6642 6686 6773 6927 6946 7092 7160 7294 7376 7540 7614 7666 7828 7869

28 21
68 140 177 219 282 321 374 404 446 454 467 480 524 600 680 747 823 898 940 986 1014 1088 1130 1193 1211 1276 1290 1313

14 52
46 208 247 320 350 475 620 663 689 862 1012 1128 1200 1249

10 33
18 108 209 298 377 437 465 475 602 645

23 10
18 27 45 69 92 106 121 150 178 194 231 270 275 308 315 322 351 373 408 431 451 459 492

2 41
136 248

101 27
42 107 139 194 219 298 310 380 406 424 443 480 529 554 604 706 765 777 865 872 885 904 979 1067 1108 1166 1173 1252 1322 1392 1402 1487 1518 1576 1594 1692 1782 1852 1878 1980 1993 2070 2129 2219 2263 2331 2355 2423 2456 2503 2575 2674 2707 2791 2806 2913 2924 2935 2957 3059 3070 3124 3228 3284 3358 3368 3413 3488 3588 3669 3694 3775 3871 3973 4041 4049 4146 4228 4240 4282 4325 4393 4497 4561 4660 4670 4698 4713 4727 4742 4809 4894 4937 4968 5009 5072 5165 5249 5342 5385 5465

51 31
28 48 79 202 271 299 346 438 560 603 611 696 738 839 874 939 1014 1054 1133 1234 1345 1372 1410 1507 1554 1610 1705 1797 1852 1967 2045 2107 2165 2258 2380 2403 2473 2526 2623 2728 2741 2791 2818 2864 2965 3039 3153 3247 3345 3409 3518

48 30
58 94 182 297 354 435 463 485 564 684 697 723 788 812 838 957 970 1053 1122 1176 1213 1297 1357 1474 1500 1552 1600 1655 1761 1812 1902 2006 2019 2054 2070 2161 2234 2293 2328 2414 2474 2564 2601 2622 2673 2732 2848 2897

51 99
164 328 419 780 1150 1464 1679 1911 2187 2524 2564 2673 2983 3263 3602 3859 4137 4189 4298 4605 4902 5048 5406 5704 6086 6214 6295 6676 6988 7157 7260 7390 7555 7949 8223 8284 8484 8822 9078 9279 9429 9790 9851 9979 10370 10398 10751 11073 11379 11472 11530

5 61
23 216 327 353 434

67 82
83 245 343 480 697 981 1287 1582 1726 1842 2003 2299 2351 2648 2875 3054 3303 3433 3477 3787 3916 4164 4344 4577 4744 5054 5198 5248 5490 5585 5610 5766 6037 6142 6422 6535 6581 6827 7019 7216 7508 7606 7933 8092 8296 8459 8782 9013 9206 9431 9496 9643 9725 9800 9900 10124 10364 10437 10610 10904 11172 11299 11582 11610 11819 11847 12048

17 7
26 54 73 80 87 95 105 128 152 160 171 176 187 196 218 226 245

26 33
78 132 239 323 372 416 528 647 768 830 925 977 1052 1175 1207 1241 1270 1380 1489 1545 1588 1609 1719 1767 1779 1887

62 2
4 7 10 17 22 24 28 30 38 43 50 53 59 61 61 67 67 75 78 83 89 97 105 113 118 121 124 125 130 133 137 137 139 139 146 154 156 160 163 168 176 180 184 185 190 195 198 206 214 219 222 223 230 238 243 248 253 253 253 253 260 264

72 78
304 410 701 788 855 896 1012 1220 1419 1503 1528 1577 1852 2091 2240 2403 2586 2699 2733 2799 3039 3264 3457 3477 3544 3779 3960 4054 4203 4314 4544 4645 4925 5131 5340 5469 5521 5747 5993 6044 6263 6447 6708 6988 7083 7350 7662 7935 8084 8296 8336 8582 8713 8972 9264 9361 9627 9724 9780 9832 10116 10190 10233 10275 10422 10709 10819 10929 10981 11122 11148 11346

45 59
234 346 439 536 590 734 969 1113 1175 1400 1574 1781 1853 2035 2233 2248 2379 2613 2742 2972 3066 3183 3399 3539 3731 3952 4065 4100 4262 4395 4611 4804 4874 4947 4973 5019 5120 5345 5523 5715 5893 6125 6185 6338 6514

53 56
166 292 417 544 610 827 1041 1122 1244 1430 1465 1511 1568 1743 1891 2111 2298 2478 2514 2561 2767 2832 2908 3130 3174 3248 3303 3414 3502 3685 3805 3930 3961 4085 4294 4308 4373 4395 4499 4679 4711 4777 4940 4981 5008 5170 5301 5460 5476 5671 5696 5912 5974

84 15
23 81 135 138 183 203 252 276 282 298 312 357 367 402 421 465 482 514 568 571 597 652 690 719 756 810 821 839 882 938 966 1000 1054 1079 1104 1115 1164 1211 1270 1313 1330 1343 1353 1361 1413 1472 1483 1520 1567 1575 1579 1582 1624 1656 1692 1699 1721 1763 1822 1869 1912 1968 2028 2069 2096 2118 2175 2234 2264 2285 2319 2363 2413 2466 2473 2495 2543 2568 2589 2632 2640 2687 2693 2743

87 31
58 75 144 166 178 212 295 346 381 460 504 542 645 706 750 871 937 986 1010 1054 1138 1258 1321 1414 1536 1649 1729 1814 1881 1912 1987 2079 2135 2159 2192 2262 2373 2492 2520 2586 2691 2737 2787 2883 2920 2936 2971 2998 3083 3121 3135 3256 3372 3429 3533 3604 3663 3689 3752 3854 3964 4011 4107 4228 4276 4298 4326 4366 4444 4485 4554 4678 4710 4786 4795 4917 5035 5125 5193 5245 5292 5327 5378 5464 5487 5551 5577

68 85
297 488 637 703 786 832 945 1082 1359 1594 1741 2013 2330 2640 2944 2984 3074 3099 3128 3230 3374 3622 3878 4011 4120 4272 4399 4495 4550 4874 5171 5267 5475 5530 5717 5896 6029 6366 6632 6945 7189 7321 7390 7708 7788 7924 8138 8266 8302 8366 8536 8756 8942 8988 9127 9225 9304 9335 9635 9870 10188 10492 10696 11004 11214 11242 11307 11538

53 4
17 26 38 41 57 58 65 66 79 95 104 112 124 134 147 163 175 177 193 196 203 214 215 229 243 244 248 259 262 269 283 294 307 322 325 332 348 357 358 369 382 398 409 414 420 435 444 453 458 467 483 488 490

12 6
15 34 58 75 79 96 104 113 118 129 147 155

88 63
156 249 463 557 584 739 783 948 1120 1186 1301 1453 1488 1659 1817 1980 2202 2332 2448 2537 2726 2884 2942 3015 3196 3396 3623 3725 3854 4038 4084 4255 4437 4543 4709 4875 5099 5223 5351 5415 5549 5707 5920 6107 6139 6351 6595 6664 6843 7089 7159 7292 7310 7527 7759 7969 7984 8041 8211 8378 8417 8497 8645 8675 8706 8769 8858 8878 9069 9283 9384 9532 9774 9794 9879 10085 10304 10458 10632 10875 11118 11296 11487 11716 11963 12177 12360 12549

