22
7 99
131 239 316 638 792 925 1215

15 78
185 357 518 605 888 1079 1260 1539 1646 1786 2068 2101 2409 2697 2979

43 37
131 162 202 308 386 468 616 635 655 690 714 839 861 892 957 985 1092 1186 1299 1315 1389 1493 1582 1700 1790 1813 1835 1911 1929 1996 2056 2079 2150 2201 2296 2424 2560 2622 2674 2707 2733 2747 2889

56 57
129 230 283 428 579 741 805 989 1144 1342 1453 1639 1851 1939 2055 2089 2161 2296 2405 2564 2685 2771 2814 2914 3073 3184 3388 3586 3632 3823 3865 4067 4083 4140 4267 4289 4474 4671 4784 4984 5149 5358 5420 5497 5680 5716 5739 5915 6126 6196 6348 6495 6679 6882 7088 7307

46 86
159 476 729 927 1200 1516 1812 2103 2375 2418 2463 2497 2705 3035 3147 3343 3429 3521 3819 3947 4159 4257 4349 4408 4550 4792 4966 5200 5513 5666 5883 6172 6424 6678 6725 7011 7147 7473 7564 7760 8046 8351 8641 8826 8999 9311

30 56
116 307 413 583 747 762 956 1075 1206 1427 1619 1673 1797 1886 2026 2212 2296 2340 2527 2666 2867 3086 3186 3281 3301 3335 3555 3609 3689 3885

54 43
154 277 318 436 530 659 798 897 1005 1176 1268 1282 1413 1436 1568 1626 1778 1871 1968 2034 2196 2236 2340 2368 2400 2507 2617 2772 2907 2923 2989 3084 3124 3179 3260 3385 3523 3651 3733 3807 3978 4100 4139 4299 4315 4411 4449 4553 4578 4662 4757 4911 5067 5204

57 19
22 82 111 169 225 237 298 318 332 381 410 476 506 529 571 623 660 735 749 801 870 933 997 1003 1011 1056 1080 1095 1103 1175 1243 1311 1347 1420 1431 1479 1505 1531 1576 1605 1633 1672 1683 1705 1760 1814 1824 1858 1881 1936 2005 2061 2071 2112 2166 2216 2273

70 82
39 79 117 212 513 691 781 1082 1396 1561 1590 1772 1917 2205 2238 2541 2852 3158 3322 3394 3497 3517 3659 3899 3998 4184 4299 4521 4765 4896 4918 4975 5004 5323 5419 5630 5798 6060 6261 6399 6558 6863 6977 7198 7243 7492 7629 7811 7985 8266 8477 8752 9023 9193 9346 9400 9704 10017 10206 10427 10489 10787 11110 11187 11349 11513 11719 11801 11842 11953

22 60
221 330 487 585 823 881 977 1183 1350 1455 1691 1758 1898 2132 2307 2346 2363 2405 2534 2626 2771 2937

17 78
86 207 361 649 722 936 1197 1357 1525 1709 1904 2108 2226 2397 2644 2669 2733

61 80
132 249 531 638 896 1122 1321 1508 1770 1983 2080 2176 2439 2744 2990 3104 3316 3582 3642 3824 4106 4311 4529 4681 4942 5257 5388 5512 5554 5682 5727 5873 6008 6100 6229 6494 6634 6750 6902 7096 7157 7419 7729 7989 8264 8394 8594 8690 8730 8986 9208 9355 9578 9650 9778 10000 10214 10431 10698 10976 11008

8 33
29 75 153 204 316 378 495 572

50 95
88 407 488 793 1072 1335 1642 1944 2108 2226 2429 2655 2970 3262 3393 3747 3878 4015 4297 4582 4869 5061 5332 5395 5630 5672 5736 6042 6071 6379 6467 6702 6828 6952 7148 7404 7525 7705 7743 7843 8123 8440 8579 8862 8992 9122 9177 9319 9396 9706

54 22
32 114 176 188 238 284 357 385 398 472 553 632 670 725 767 786 855 873 917 939 988 1065 1124 1154 1167 1252 1336 1381 1413 1438 1509 1597 1678 1748 1792 1861 1941 1954 2036 2049 2137 2193 2248 2257 2271 2334 2403 2491 2576 2633 2707 2792 2878 2914

14 6
22 28 39 44 47 50 67 84 85 88 99 117 124 126

74 28
8 75 156 189 257 335 434 499 549 566 635 708 812 828 933 969 1051 1059 1106 1201 1274 1307 1414 1446 1557 1573 1589 1643 1741 1809 1903 1923 1938 1971 2018 2062 2086 2181 2222 2251 2271 2296 2393 2502 2524 2618 2692 2795 2886 2933 3028 3067 3084 3116 3154 3266 3370 3437 3497 3565 3597 3656 3684 3748 3827 3843 3935 4011 4058 4137 4243 4274 4317 4352

30 70
245 477 503 571 628 690 770 958 1001 1168 1257 1508 1600 1764 1907 2148 2222 2242 2321 2388 2574 2846 2958 3217 3434 3605 3827 4094 4197 4380

50 41
20 99 197 259 270 407 554 629 685 837 922 972 1084 1243 1388 1448 1506 1664 1749 1868 2010 2121 2250 2346 2458 2586 2635 2700 2771 2795 2908 2952 2967 3023 3100 3186 3321 3382 3469 3558 3605 3654 3703 3789 3885 3936 4050 4166 4294 4309

101 68
168 439 561 784 950 1117 1314 1438 1635 1713 1803 1916 2077 2142 2272 2301 2569 2726 2758 2785 2863 2884 3011 3040 3165 3426 3482 3600 3679 3883 4062 4326 4446 4708 4740 4894 5017 5125 5163 5376 5464 5728 5950 6074 6148 6313 6549 6616 6648 6920 7187 7451 7678 7724 7906 7939 8036 8266 8319 8582 8603 8684 8794 8897 8954 9166 9428 9586 9642 9842 9866 10031 10141 10366 10482 10652 10804 11058 11298 11437 11671 11774 11858 12019 12285 12513 12741 12887 12908 13076 13177 13446 13706 13825 14047 14163 14362 14571 14812 14924 15145

57 39
121 256 385 484 496 590 671 734 768 901 911 932 1005 1081 1165 1229 1361 1444 1535 1647 1705 1793 1924 2057 2083 2122 2253 2400 2492 2507 2553 2697 2776 2873 2909 3059 3136 3177 3230 3307 3449 3568 3584 3683 3736 3759 3844 3931 4008 4046 4186 4274 4338 4380 4467 4591 4723

17 45
90 263 396 407 538 649 783 904 995 1123 1137 1197 1377 1410 1431 1582 1623

