41
95 92
196 252 414 714 903 1038 1130 1283 1509 1710 1805 2156 2387 2607 2869 3036 3378 3500 3591 3624 3771 4072 4390 4415 4441 4605 4923 4971 5272 5434 5620 5797 6062 6348 6626 6886 7226 7427 7463 7705 7898 7984 8165 8326 8539 8701 8923 9231 9397 9757 10093 10211 10489 10684 11000 11033 11244 11301 11542 11788 12127 12415 12444 12479 12710 13026 13055 13382 13407 13757 13996 14339 14678 15035 15061 15094 15167 15462 15592 15810 15920 16275 16629 16758 16836 16998 17139 17422 17531 17836 17998 18279 18348 18478 18673

21 82
288 550 720 995 1186 1378 1495 1616 1687 1970 2157 2331 2647 2791 2896 3094 3380 3675 3932 4228 4258

22 94
250 611 809 879 1186 1443 1557 1725 1973 2196 2399 2509 2664 2835 3114 3273 3338 3513 3775 4099 4130 4267

54 29
10 39 97 150 174 280 325 353 388 460 532 601 697 773 851 901 920 930 960 994 1097 1195 1288 1333 1359 1429 1454 1510 1550 1578 1660 1755 1842 1931 1982 2041 2145 2217 2247 2339 2399 2431 2481 2566 2592 2682 2789 2864 2950 3003 3088 3147 3189 3206

54 61
44 171 401 590 669 907 1034 1177 1369 1507 1576 1755 1912 1993 2151 2369 2496 2645 2870 2987 3147 3366 3413 3509 3618 3723 3863 3934 3983 4178 4336 4390 4601 4700 4845 5084 5301 5376 5524 5557 5737 5925 6004 6028 6221 6238 6468 6593 6608 6726 6958 7046 7264 7323

70 41
84 228 296 445 535 639 682 803 933 993 1087 1249 1328 1477 1520 1531 1552 1637 1658 1821 1906 1985 2039 2200 2243 2356 2520 2650 2729 2791 2903 2933 2957 3116 3228 3262 3426 3540 3686 3763 3857 3985 4099 4130 4193 4243 4394 4548 4595 4645 4809 4821 4893 4977 5010 5133 5238 5358 5383 5510 5610 5628 5759 5884 6036 6131 6171 6229 6280 6334

35 83
200 507 539 871 912 1093 1210 1235 1472 1623 1677 1872 2162 2457 2754 3000 3231 3291 3331 3351 3620 3808 3934 3956 4056 4384 4614 4808 4834 5145 5347 5406 5515 5615 5859

27 78
152 400 555 856 1101 1358 1495 1736 1968 2104 2142 2444 2687 2791 2884 3156 3337 3479 3626 3856 3937 4244 4469 4577 4640 4898 4954

53 80
298 381 540 845 869 1081 1163 1441 1503 1741 1974 2159 2392 2482 2701 2827 3130 3348 3425 3581 3727 3791 3996 4204 4477 4516 4682 4955 5184 5469 5701 5976 6177 6344 6514 6723 6886 7032 7152 7288 7454 7671 7744 8061 8356 8599 8699 8973 9134 9454 9675 9723 9824

20 87
182 259 453 799 938 1249 1339 1545 1656 1732 1958 2092 2439 2550 2878 3053 3158 3286 3515 3573

28 84
292 502 744 871 1010 1316 1528 1675 1743 2049 2303 2446 2764 2969 3142 3191 3273 3569 3724 3785 3852 4186 4337 4485 4723 4801 5063 5125

69 66
138 306 462 601 791 842 892 983 1082 1153 1375 1638 1687 1921 2149 2269 2324 2421 2514 2718 2963 3024 3159 3332 3505 3594 3844 4022 4250 4275 4466 4517 4746 4906 4958 5109 5225 5470 5487 5690 5920 6027 6238 6269 6461 6580 6844 6890 6980 7221 7364 7533 7753 7950 8017 8080 8188 8417 8613 8637 8698 8956 9076 9217 9469 9516 9779 10011 10214

17 78
47 329 356 502 632 937 1210 1368 1627 1813 1848 1947 2099 2136 2405 2638 2710

27 100
289 479 615 789 967 1101 1492 1653 1683 2075 2261 2570 2634 3030 3186 3342 3561 3594 3654 4005 4247 4287 4646 4748 5031 5236 5429

79 2
5 6 13 19 25 28 31 32 40 43 47 54 60 64 65 73 79 81 82 82 85 89 95 103 108 109 109 110 117 122 128 130 136 144 148 152 154 156 156 164 170 175 180 182 188 191 191 196 203 203 206 213 220 227 232 239 246 246 246 251 254 262 269 270 278 286 290 291 292 292 298 300 301 306 311 313 316 319 327

92 63
237 367 397 468 550 785 916 1166 1312 1515 1540 1687 1921 2107 2219 2430 2660 2755 2787 2805 2852 2916 3164 3400 3558 3593 3765 3855 3999 4183 4298 4329 4393 4605 4793 5008 5071 5244 5363 5397 5636 5702 5786 5950 5982 6158 6373 6434 6536 6725 6930 6954 7073 7307 7489 7580 7658 7875 7899 7938 8153 8293 8458 8543 8795 8984 9058 9201 9229 9278 9404 9504 9549 9644 9792 9855 9905 10120 10349 10370 10595 10774 10961 11090 11137 11177 11330 11351 11600 11765 11962 12114

97 55
144 236 313 362 498 661 827 981 1171 1316 1483 1690 1756 1769 1794 1919 1962 2165 2215 2267 2297 2507 2585 2715 2781 2949 2984 3035 3079 3220 3335 3415 3597 3797 3824 4030 4191 4227 4420 4640 4691 4705 4822 5030 5061 5185 5396 5567 5592 5619 5655 5728 5871 5997 6093 6238 6314 6460 6494 6618 6716 6840 6951 7160 7183 7232 7404 7561 7723 7800 7825 7878 7904 7989 8158 8257 8416 8603 8624 8748 8773 8864 9000 9087 9120 9289 9361 9516 9584 9654 9865 9879 9977 10175 10284 10430 10517

31 37
38 139 280 305 445 475 598 691 789 859 937 955 1002 1143 1268 1402 1426 1528 1667 1760 1820 1867 1944 2043 2112 2147 2254 2289 2406 2460 2582

36 34
37 67 121 204 329 343 353 388 497 542 618 667 701 821 947 993 1091 1224 1280 1416 1546 1637 1726 1776 1888 2024 2037 2151 2232 2301 2420 2466 2578 2618 2700 2724

60 28
105 203 281 387 427 486 595 635 713 774 812 897 911 982 1087 1180 1274 1334 1407 1438 1511 1573 1670 1765 1775 1854 1911 1924 2018 2078 2118 2201 2273 2323 2384 2418 2513 2569 2654 2730 2787 2897 2942 2979 2989 3060 3121 3213 3304 3367 3477 3582 3615 3720 3751 3803 3900 3908 4014 4047

89 10
25 41 43 83 92 111 126 160 188 193 208 227 246 265 270 278 308 327 340 379 397 425 443 470 481 485 518 538 573 598 625 640 678 709 721 750 755 789 821 830 842 866 874 910 949 989 1000 1033 1069 1081 1119 1137 1172 1192 1218 1237 1267 1297 1324 1357 1394 1406 1413 1422 1425 1462 1469 1496 1531 1570 1589 1620 1646 1666 1677 1696 1729 1743 1769 1801 1817 1833 1867 1903 1937 1968 1974 1986 1990

83 51
101 135 281 315 431 531 602 786 826 964 1144 1228 1357 1493 1613 1706 1839 1894 2016 2181 2319 2355 2396 2473 2492 2645 2758 2956 3024 3106 3150 3220 3422 3577 3596 3632 3817 3935 4009 4158 4293 4424 4567 4620 4814 4874 5010 5116 5187 5207 5295 5496 5652 5801 5955 6090 6120 6168 6244 6346 6437 6640 6685 6814 6937 7122 7226 7280 7451 7578 7638 7762 7913 7996 8167 8368 8420 8482 8585 8743 8764 8878 8953

59 4
14 30 38 45 49 60 62 68 76 89 93 95 102 113 118 127 142 157 163 176 180 193 205 216 223 234 249 255 259 268 275 286 296 309 323 324 327 341 355 360 376 392 400 407 419 429 430 442 446 459 461 468 484 490 491 497 512 524 536

45 53
91 244 266 364 569 674 752 772 786 941 962 1038 1211 1296 1322 1374 1493 1582 1780 1836 1866 1989 2061 2267 2474 2623 2771 2977 3053 3207 3390 3503 3548 3576 3679 3736 3849 3970 4020 4202 4372 4435 4584 4782 4922

85 33
100 204 296 390 498 526 628 685 701 832 932 966 1088 1133 1246 1310 1321 1430 1483 1600 1650 1732 1774 1876 1945 2053 2127 2173 2207 2323 2436 2458 2550 2605 2623 2711 2798 2878 2901 2936 2967 3040 3073 3190 3270 3352 3464 3589 3654 3765 3790 3816 3931 3990 4109 4235 4362 4405 4482 4580 4593 4655 4707 4771 4814 4939 4959 5027 5159 5286 5384 5417 5523 5603 5621 5750 5871 5936 6046 6124 6165 6273 6317 6347 6369

57 39
66 141 226 235 377 472 489 515 525 556 668 785 813 857 960 1090 1186 1208 1308 1378 1413 1527 1553 1658 1794 1807 1831 1901 2013 2119 2199 2246 2331 2370 2500 2586 2711 2819 2933 2942 3012 3126 3210 3317 3356 3424 3546 3599 3620 3732 3870 3891 3997 4124 4173 4197 4230

50 83
254 557 663 820 1082 1125 1175 1230 1282 1402 1691 1858 2128 2167 2290 2512 2549 2874 3123 3333 3597 3653 3864 4078 4334 4443 4537 4650 4778 4999 5078 5373 5658 5906 6203 6398 6711 6900 7072 7347 7371 7687 7927 8076 8393 8711 8850 9082 9116 9381

101 30
21 45 147 205 285 370 392 480 500 620 641 664 707 827 919 1027 1112 1169 1259 1306 1382 1494 1576 1638 1678 1685 1750 1766 1774 1813 1902 2014 2101 2190 2300 2393 2439 2557 2635 2655 2709 2781 2792 2830 2902 2968 3042 3129 3195 3287 3304 3341 3378 3448 3519 3585 3648 3731 3844 3929 4003 4079 4134 4207 4218 4335 4343 4420 4452 4484 4558 4636 4684 4793 4837 4854 4869 4908 5022 5122 5204 5288 5302 5364 5474 5573 5674 5747 5764 5819 5881 5917 5954 6060 6112 6221 6232 6303 6336 6446 6496

27 32
35 48 56 117 245 359 392 455 503 513 547 586 652 776 853 884 927 1017 1068 1174 1228 1351 1383 1510 1590 1699 1721

86 47
27 54 139 231 338 414 549 648 757 838 925 1073 1090 1198 1370 1447 1549 1657 1750 1930 2051 2116 2257 2269 2390 2576 2594 2684 2797 2846 2942 2966 3064 3184 3277 3303 3364 3531 3696 3745 3920 3982 4161 4281 4448 4549 4567 4743 4880 4949 5126 5308 5434 5494 5653 5756 5875 5893 6015 6059 6181 6313 6337 6416 6432 6588 6755 6848 7006 7087 7173 7293 7304 7415 7494 7573 7661 7688 7710 7735 7853 8001 8117 8230 8329 8425

29 37
77 173 260 352 448 483 602 661 773 879 1001 1122 1248 1298 1349 1438 1529 1602 1617 1660 1670 1739 1878 1891 1994 2074 2207 2324 2394

25 78
46 149 238 374 408 456 546 803 842 934 1153 1441 1501 1663 1975 2095 2318 2417 2702 2965 3160 3432 3558 3857 3985

33 88
171 493 826 1104 1156 1348 1466 1624 1910 2099 2192 2317 2416 2716 2849 3201 3310 3597 3686 3969 4000 4143 4409 4627 4701 5052 5082 5298 5443 5767 5838 6062 6337

75 82
312 547 754 881 1183 1489 1700 1886 2186 2388 2566 2863 2993 3274 3516 3704 3988 4176 4408 4710 5016 5105 5222 5330 5616 5916 5989 6113 6286 6361 6415 6672 6957 7075 7130 7406 7627 7895 8217 8502 8813 8878 9090 9166 9413 9683 9831 9882 10075 10401 10423 10546 10604 10898 11148 11464 11781 11935 12259 12556 12698 12978 13248 13386 13585 13829 14035 14333 14504 14691 14725 14964 15198 15240 15393

24 55
29 224 364 548 624 783 863 947 1020 1148 1166 1341 1541 1760 1797 1921 1935 2093 2274 2367 2419 2544 2582 2635

7 15
13 25 66 118 166 220 237

101 14
35 44 56 84 138 169 211 218 224 234 260 286 342 393 421 441 480 535 558 582 599 608 630 638 685 736 772 792 831 862 913 927 939 942 981 1015 1032 1077 1131 1183 1191 1217 1244 1268 1271 1321 1360 1413 1462 1496 1499 1555 1573 1620 1636 1647 1681 1720 1735 1773 1806 1826 1877 1895 1934 1947 1963 1979 1992 2009 2053 2093 2114 2145 2188 2228 2236 2282 2332 2339 2370 2405 2415 2467 2476 2514 2521 2568 2616 2657 2698 2745 2801 2810 2844 2857 2891 2919 2949 3000 3006

41 40
51 131 278 396 540 569 669 805 943 1062 1206 1279 1342 1476 1613 1757 1852 1969 2033 2146 2258 2375 2386 2399 2511 2665 2815 2938 3020 3049 3065 3083 3108 3219 3345 3440 3542 3591 3672 3758 3810

28 14
5 28 52 63 71 118 130 144 183 200 214 258 300 325 340 370 385 441 484 536 585 632 676 684 705 711 714 735

56 27
7 64 113 186 238 260 314 368 442 485 571 629 692 767 811 853 923 979 1062 1164 1209 1223 1242 1268 1336 1418 1435 1457 1531 1610 1689 1750 1787 1889 1966 1997 2041 2048 2140 2177 2229 2285 2337 2398 2407 2503 2550 2634 2659 2691 2738 2806 2871 2914 3013 3041

37 5
11 24 33 46 55 73 92 94 97 103 115 118 122 127 133 151 152 160 172 192 193 201 207 209 223 240 246 256 258 263 278 281 288 292 296 305 314

