14
87 63
75 271 477 600 657 806 908 1097 1183 1220 1467 1610 1839 1919 2063 2120 2245 2434 2608 2808 2947 3160 3289 3383 3533 3750 3953 3987 4218 4391 4626 4688 4924 5145 5311 5539 5710 5947 6099 6196 6403 6575 6746 6956 7067 7122 7146 7247 7396 7447 7530 7638 7800 7920 7935 8090 8124 8277 8485 8612 8753 8970 9138 9213 9365 9491 9536 9556 9659 9848 9868 10031 10250 10303 10424 10522 10661 10824 10846 11086 11258 11403 11516 11656 11728 11829 11844

19 97
69 445 558 806 1166 1494 1637 1954 2282 2629 2677 2782 2863 2946 3032 3385 3639 3669 3815

32 13
32 67 92 137 162 179 202 247 256 305 316 356 371 377 407 417 452 473 480 487 516 565 585 614 656 683 695 710 746 760 780 783

99 82
125 288 570 647 771 915 1045 1245 1556 1650 1765 1938 1989 2247 2520 2818 2887 3104 3219 3377 3626 3939 4125 4290 4449 4762 4790 5070 5385 5490 5671 5945 6257 6368 6573 6857 6880 6916 7040 7198 7390 7421 7677 7719 8009 8170 8406 8542 8590 8658 8688 8730 9001 9274 9488 9795 9889 9947 10176 10264 10510 10721 10985 11012 11299 11388 11656 11871 12098 12130 12364 12609 12776 12863 13124 13181 13480 13509 13576 13837 13859 13937 13969 14009 14268 14319 14548 14819 14844 14936 14983 15153 15255 15392 15442 15711 15902 15951 16014

97 52
164 177 375 417 611 630 773 888 950 1064 1094 1272 1314 1424 1552 1618 1691 1735 1928 1946 2134 2169 2278 2398 2449 2590 2763 2931 3114 3181 3232 3374 3550 3571 3664 3859 3992 4164 4211 4233 4403 4474 4546 4595 4655 4843 4961 4993 5067 5126 5248 5382 5401 5449 5644 5699 5861 6044 6249 6427 6486 6565 6714 6878 6985 7055 7191 7390 7593 7665 7774 7877 7985 8055 8095 8164 8235 8363 8543 8738 8897 8977 9104 9250 9319 9360 9469 9583 9783 9947 10147 10273 10405 10550 10698 10763 10899

54 70
29 278 557 700 785 834 907 1105 1220 1312 1332 1386 1487 1739 1794 1955 2176 2378 2576 2750 2941 2959 3011 3269 3336 3445 3505 3635 3672 3865 3901 4098 4233 4354 4438 4532 4749 4862 4983 5025 5155 5387 5540 5616 5832 5920 6091 6111 6184 6337 6557 6717 6984 7101

55 2
2 6 10 11 18 26 30 31 37 43 46 50 53 56 61 66 66 73 76 83 90 92 98 104 106 108 113 115 118 118 118 118 121 121 125 129 132 138 144 148 152 158 163 168 171 172 179 186 190 198 198 202 206 211 214

7 60
150 305 503 692 838 1044 1143

2 19
77 116

83 68
177 345 580 834 961 1172 1223 1463 1575 1722 1763 1973 2161 2421 2565 2610 2851 3110 3192 3464 3610 3709 3856 3905 3969 4049 4160 4240 4322 4589 4631 4868 4902 4994 5240 5458 5488 5685 5807 6026 6110 6309 6481 6710 6849 7075 7286 7450 7554 7791 7914 8179 8435 8567 8701 8719 8930 9000 9229 9315 9450 9520 9721 9909 9989 10125 10354 10552 10788 10851 11022 11254 11371 11436 11636 11869 12115 12354 12452 12473 12738 12874 13104

8 17
50 102 164 187 197 265 299 319

8 62
193 388 440 611 808 983 1102 1288

33 74
226 386 644 723 746 991 1097 1145 1355 1427 1616 1882 2009 2079 2099 2260 2496 2533 2688 2764 2944 3088 3310 3494 3726 3973 4109 4268 4535 4664 4863 5071 5252

13 23
50 115 204 258 299 367 423 491 499 530 557 566 577

