31
38 85
164 399 616 648 687 821 1049 1342 1457 1545 1604 1675 1921 2018 2302 2397 2581 2745 2816 3021 3262 3591 3697 3747 3831 4047 4214 4430 4533 4804 4946 5087 5414 5658 5986 6080 6347 6501

35 92
47 140 216 473 595 801 884 983 1022 1235 1402 1725 2084 2365 2702 2751 3006 3091 3285 3413 3467 3687 3775 3916 4180 4394 4715 4947 4984 5282 5529 5883 6057 6181 6472

40 18
57 79 99 166 173 211 259 326 398 450 492 554 561 628 670 674 739 784 836 899 970 1014 1027 1068 1104 1150 1193 1209 1280 1323 1333 1349 1390 1398 1452 1481 1541 1572 1607 1626

90 12
15 62 78 109 112 124 145 178 188 208 256 263 293 324 337 380 408 427 461 467 478 484 511 541 586 607 654 672 690 732 735 739 745 779 791 827 857 860 890 927 935 972 1015 1031 1049 1053 1079 1097 1103 1126 1174 1199 1208 1241 1276 1287 1295 1311 1323 1363 1372 1391 1408 1421 1426 1435 1478 1514 1528 1554 1580 1618 1649 1670 1718 1747 1787 1825 1867 1903 1951 1990 2036 2070 2099 2142 2174 2205 2210 2231

45 91
51 118 400 608 704 1023 1258 1457 1763 2045 2114 2358 2443 2763 3099 3225 3324 3366 3665 3692 3777 4035 4348 4618 4786 4835 5076 5244 5399 5505 5618 5825 6025 6098 6210 6378 6414 6751 7040 7280 7364 7679 8022 8116 8255

69 18
70 91 158 203 258 298 326 347 386 407 454 504 548 609 654 663 699 704 736 757 791 804 812 843 868 919 948 955 960 986 1009 1024 1035 1046 1074 1115 1145 1163 1232 1290 1294 1353 1400 1451 1457 1486 1558 1583 1618 1631 1642 1698 1756 1782 1817 1843 1907 1920 1945 1962 1981 2038 2088 2099 2163 2198 2229 2287 2333

48 100
119 505 876 1121 1344 1555 1675 1879 1916 2056 2205 2439 2635 2756 2833 2944 3161 3347 3428 3702 3774 3847 3904 4215 4324 4644 4791 5066 5231 5299 5655 5885 5967 6226 6343 6696 6944 7241 7621 8009 8386 8424 8484 8815 9099 9341 9715 9960

70 83
44 129 460 492 814 1138 1461 1710 1927 2182 2298 2613 2921 3056 3367 3679 3934 4166 4208 4480 4720 5026 5315 5459 5762 5967 6066 6113 6348 6676 6710 6812 7086 7354 7661 7894 8135 8156 8487 8511 8822 8847 9148 9393 9486 9673 9730 9911 10083 10407 10718 10759 10939 10969 11181 11488 11614 11928 12014 12055 12163 12363 12559 12737 12936 13265 13487 13794 14098 14231

62 77
211 385 609 775 929 1189 1341 1582 1639 1874 1917 1944 2084 2129 2335 2607 2797 3032 3057 3186 3397 3427 3642 3703 3726 3945 4213 4376 4681 4767 4993 5106 5398 5504 5741 5795 5995 6025 6142 6224 6391 6492 6562 6741 6800 6838 6868 7162 7335 7494 7743 7930 8187 8354 8538 8791 8922 9122 9246 9513 9789 10025

66 13
11 49 97 145 156 195 234 268 300 326 377 386 428 445 486 492 517 526 544 578 630 664 674 721 737 770 811 846 869 898 933 977 981 1018 1044 1084 1124 1151 1171 1211 1228 1241 1272 1318 1347 1397 1421 1433 1480 1489 1510 1514 1553 1580 1587 1600 1635 1667 1688 1725 1766 1786 1821 1851 1884 1935

96 62
27 242 281 460 607 809 986 1006 1238 1303 1463 1596 1715 1791 1849 1923 1959 2121 2334 2364 2603 2707 2822 2972 3175 3411 3629 3761 3994 4065 4159 4196 4324 4537 4785 4904 5041 5213 5280 5382 5500 5555 5792 5891 6115 6317 6443 6542 6697 6939 7089 7159 7252 7483 7633 7816 7856 7937 8033 8057 8168 8190 8257 8473 8647 8873 9061 9221 9270 9392 9625 9722 9831 10003 10038 10262 10479 10595 10649 10744 10837 11017 11058 11293 11323 11566 11619 11756 11837 12071 12131 12154 12269 12297 12445 12536

22 100
149 346 437 475 740 1055 1214 1439 1826 2129 2476 2556 2667 2941 3034 3390 3611 3730 4024 4086 4208 4501

59 25
39 116 165 171 234 310 319 345 420 501 550 580 671 678 744 801 895 942 1029 1122 1186 1280 1293 1348 1400 1412 1465 1493 1503 1522 1582 1632 1662 1712 1765 1819 1917 1972 2037 2106 2164 2189 2269 2325 2341 2352 2373 2437 2489 2542 2609 2685 2740 2806 2884 2975 3014 3030 3076

14 23
73 98 132 140 200 214 277 289 306 338 407 423 436 478

49 54
29 222 301 401 549 725 800 883 962 985 1168 1294 1366 1512 1605 1690 1712 1747 1871 1915 2057 2082 2252 2393 2497 2681 2750 2881 3041 3160 3302 3515 3659 3872 3939 4049 4084 4212 4424 4585 4721 4790 4873 4909 5023 5074 5274 5439 5588

11 94
269 540 564 936 1280 1549 1891 2199 2319 2504 2693

69 100
179 558 611 813 1122 1403 1764 2033 2194 2517 2794 2977 3312 3365 3480 3783 3996 4045 4339 4511 4657 4841 5031 5171 5539 5638 5960 6355 6421 6683 6784 7065 7459 7625 7919 8066 8413 8610 8940 9222 9565 9913 10048 10446 10636 11010 11198 11273 11344 11404 11617 11695 11979 12290 12421 12481 12650 12934 12982 13248 13317 13577 13774 13964 14278 14532 14763 14999 15243

51 73
269 377 601 757 980 1174 1218 1365 1461 1594 1695 1736 1797 2043 2254 2409 2494 2520 2669 2760 2978 3182 3432 3557 3833 4029 4162 4361 4547 4747 4900 5177 5378 5504 5753 5991 6251 6288 6510 6557 6640 6898 6958 7058 7136 7206 7236 7394 7662 7868 7940

37 4
4 6 7 13 29 40 48 63 72 78 82 96 105 119 132 146 155 171 178 181 192 194 203 206 220 230 233 248 249 254 264 268 276 285 299 315 318

55 89
140 182 535 811 1103 1274 1315 1646 1900 2246 2331 2385 2619 2950 3124 3230 3552 3746 3873 4008 4190 4329 4654 4866 5137 5219 5274 5490 5627 5711 6007 6187 6224 6329 6539 6839 7054 7352 7519 7789 8008 8223 8278 8621 8770 9001 9041 9138 9184 9420 9594 9854 9961 10189 10501

66 34
91 152 244 254 296 307 380 489 617 699 738 854 910 975 998 1064 1174 1237 1325 1334 1445 1518 1554 1603 1612 1632 1702 1809 1916 2031 2110 2169 2261 2340 2451 2495 2572 2702 2732 2807 2832 2869 2959 3089 3178 3266 3384 3509 3536 3573 3651 3702 3718 3764 3855 3985 4048 4081 4125 4208 4315 4385 4409 4529 4601 4653

40 71
189 417 671 821 1073 1220 1306 1548 1791 1870 2049 2164 2251 2525 2674 2697 2963 3124 3235 3389 3427 3630 3860 4107 4251 4373 4571 4680 4808 4868 5061 5170 5211 5415 5617 5851 6112 6157 6348 6460

1 12
28

62 8
18 38 54 76 104 135 159 184 209 223 247 274 290 292 294 323 345 360 367 380 393 408 438 453 483 489 512 542 544 575 577 601 631 648 665 688 700 705 725 745 763 785 801 825 840 854 883 915 930 933 956 978 1008 1010 1037 1060 1083 1091 1101 1122 1124 1142

41 82
296 454 511 535 814 924 1207 1483 1643 1701 1884 2154 2228 2481 2763 2873 2984 3254 3328 3437 3723 4047 4206 4336 4363 4621 4651 4860 5021 5172 5264 5319 5472 5541 5808 6004 6256 6355 6416 6550 6724

51 14
43 56 110 126 170 173 192 209 262 308 316 360 395 398 401 414 442 467 501 527 543 583 614 666 720 775 779 807 846 871 923 953 1003 1053 1107 1158 1208 1246 1252 1278 1332 1378 1419 1434 1438 1493 1516 1521 1565 1572 1576

38 72
121 306 358 636 768 933 1178 1386 1593 1629 1740 1767 1819 1878 2027 2209 2360 2523 2636 2884 2973 3178 3351 3565 3680 3866 3974 4040 4256 4542 4823 5017 5238 5389 5621 5704 5964 6146

50 87
336 413 734 908 1027 1080 1341 1678 1896 2070 2344 2627 2799 3104 3237 3515 3629 3912 4129 4185 4312 4482 4580 4799 4960 5300 5593 5647 5963 6107 6315 6379 6658 6798 7025 7190 7466 7644 7743 7769 7992 8130 8159 8321 8401 8442 8623 8878 8999 9339

43 74
157 438 648 909 977 1095 1225 1388 1640 1932 2124 2201 2307 2391 2447 2693 2937 3165 3420 3509 3646 3809 4016 4188 4294 4460 4498 4711 4913 5174 5278 5562 5680 5970 6170 6210 6489 6775 6925 7139 7276 7316 7451

24 84
230 415 694 760 1084 1256 1291 1502 1826 1937 2010 2317 2595 2849 3170 3212 3394 3420 3712 3775 3811 3923 4091 4196

78 12
16 55 88 103 107 130 149 153 157 175 182 230 272 297 312 333 369 406 450 497 542 556 596 632 678 724 761 768 776 796 826 838 871 915 938 985 1007 1041 1079 1123 1138 1142 1184 1198 1238 1286 1333 1350 1387 1416 1429 1444 1471 1512 1539 1556 1583 1592 1638 1661 1668 1704 1717 1730 1755 1775 1796 1818 1830 1840 1863 1883 1925 1946 1952 1970 1993 2021

