34
74 28
103 146 171 243 350 390 434 500 559 644 691 743 795 849 940 984 1081 1118 1160 1229 1334 1431 1479 1540 1609 1651 1678 1741 1833 1894 1926 1966 2076 2098 2162 2258 2303 2409 2434 2539 2606 2656 2711 2780 2842 2889 2976 3011 3103 3163 3218 3325 3405 3445 3487 3519 3580 3661 3741 3785 3867 3915 3929 4028 4088 4167 4221 4237 4260 4297 4382 4397 4494 4589

87 73
194 286 369 409 591 815 977 1214 1427 1462 1638 1848 1943 2017 2298 2551 2767 2894 2993 3220 3315 3352 3617 3652 3697 3965 4098 4203 4308 4477 4642 4722 4756 5044 5202 5481 5748 5966 6086 6362 6618 6877 7139 7321 7365 7402 7421 7600 7678 7705 7928 7948 8240 8513 8593 8882 8903 9100 9236 9365 9459 9677 9845 10076 10133 10151 10350 10564 10705 10916 11018 11235 11491 11511 11534 11602 11809 12033 12261 12337 12434 12528 12675 12712 12776 12994 13186

18 5
9 18 38 58 69 85 103 106 108 125 131 138 157 177 187 200 210 226

17 76
253 288 433 485 714 816 889 1096 1224 1487 1544 1810 2105 2356 2653 2767 2896

4 44
67 93 158 289

38 24
12 44 130 205 300 356 417 443 528 623 648 735 785 869 919 926 1010 1053 1103 1188 1217 1239 1293 1380 1405 1463 1512 1562 1572 1599 1660 1740 1816 1842 1886 1962 2005 2053

26 2
1 3 11 14 15 15 18 26 34 39 42 48 51 52 59 64 66 69 70 72 75 81 84 86 94 101

56 86
266 400 730 832 962 1132 1442 1687 1953 2171 2322 2574 2597 2866 3111 3172 3427 3639 3669 3946 4222 4425 4652 4783 4970 5153 5183 5361 5441 5554 5838 5992 6141 6176 6399 6468 6680 7018 7235 7396 7658 7865 8113 8325 8527 8775 8851 9160 9202 9540 9706 10002 10198 10327 10387 10683

1 69
113

51 45
60 224 376 458 567 667 828 917 938 1082 1214 1363 1467 1628 1696 1794 1903 2081 2149 2261 2343 2458 2479 2549 2596 2734 2770 2923 3056 3164 3338 3510 3623 3730 3766 3857 3905 3993 4090 4151 4267 4297 4363 4485 4512 4621 4721 4837 4888 4931 4987

71 92
195 514 746 825 896 1239 1286 1313 1462 1817 1972 2109 2215 2318 2559 2799 2954 3068 3374 3452 3788 4141 4453 4774 5079 5255 5279 5528 5564 5626 5814 6022 6075 6433 6582 6710 6749 7030 7169 7414 7607 7780 7976 8186 8275 8570 8736 8957 9251 9335 9430 9665 9892 10125 10473 10554 10831 11039 11144 11254 11322 11563 11877 11942 12150 12324 12649 12706 12847 13022 13290

25 94
89 465 745 1112 1305 1578 1933 2179 2224 2357 2533 2764 2793 2927 3083 3204 3483 3831 3965 4176 4263 4537 4694 4999 5136

50 68
214 418 471 586 822 919 1084 1148 1240 1388 1576 1784 1897 2014 2037 2132 2186 2214 2413 2554 2771 2789 2934 3186 3425 3574 3788 3964 4169 4384 4575 4847 4883 5087 5301 5368 5407 5626 5897 6084 6335 6590 6617 6731 6975 7074 7298 7348 7525 7567

36 90
43 282 349 501 523 628 787 1101 1342 1629 1763 2093 2323 2597 2647 3006 3052 3210 3415 3702 4026 4087 4239 4435 4690 4862 4981 5019 5146 5479 5582 5823 6126 6289 6501 6578

33 75
141 163 395 596 832 873 989 1240 1300 1455 1547 1662 1925 2201 2228 2344 2445 2726 2939 2968 3208 3316 3574 3633 3785 3847 3879 4150 4440 4625 4871 4959 5163

68 69
106 137 338 395 494 612 826 979 1238 1255 1517 1627 1685 1779 2050 2219 2321 2471 2625 2804 2988 3119 3245 3425 3670 3897 4159 4241 4428 4637 4696 4888 4938 5128 5400 5615 5879 6036 6174 6450 6579 6835 6925 6956 7217 7348 7623 7705 7770 7877 8081 8282 8315 8424 8695 8774 8858 8926 9169 9346 9425 9550 9753 9770 10002 10104 10311 10522

51 81
165 444 738 779 1006 1102 1194 1448 1660 1866 2072 2360 2386 2689 2892 3211 3483 3640 3743 3926 4219 4423 4532 4613 4865 5037 5224 5245 5372 5675 5937 6259 6558 6728 6907 7024 7296 7616 7792 7971 8222 8511 8629 8861 9031 9321 9413 9709 9913 9943 9989

69 86
260 511 607 855 988 1175 1259 1307 1459 1625 1923 2157 2497 2613 2643 2885 3218 3435 3642 3857 4147 4463 4558 4864 5081 5354 5511 5582 5651 5790 6055 6235 6263 6525 6756 7017 7268 7488 7581 7720 7877 8028 8051 8331 8570 8730 8843 9057 9401 9553 9859 10118 10174 10235 10389 10571 10718 11051 11100 11435 11675 11942 11973 12220 12350 12578 12853 13118 13420

84 76
188 434 653 856 1058 1083 1351 1402 1540 1566 1854 1927 2201 2381 2605 2638 2819 2900 2935 3101 3263 3348 3458 3543 3751 4030 4208 4270 4405 4587 4648 4846 5099 5242 5276 5503 5631 5852 6137 6191 6346 6633 6749 6841 6889 6922 7103 7383 7639 7661 7686 7831 8050 8327 8352 8642 8860 9089 9303 9502 9559 9691 9712 9937 10001 10296 10451 10671 10764 10856 11149 11395 11682 11908 12038 12141 12278 12472 12594 12618 12830 12873 13111 13322

70 99
108 319 460 497 782 953 1242 1500 1782 2165 2520 2707 2792 2943 3160 3276 3484 3828 4033 4331 4568 4961 5353 5533 5763 6026 6090 6222 6474 6801 7024 7148 7434 7830 8020 8395 8694 8773 9131 9408 9605 9737 9967 10171 10440 10809 10961 11032 11283 11411 11793 11843 12174 12473 12690 12984 13029 13099 13381 13634 13912 14115 14200 14309 14700 14930 15093 15484 15524 15817

80 98
336 492 825 1063 1133 1507 1836 1946 2113 2460 2789 2954 3099 3337 3445 3733 3863 4247 4577 4679 4717 4968 5112 5162 5401 5530 5594 5881 6263 6530 6607 6849 7137 7334 7537 7602 7808 8095 8142 8306 8379 8749 8971 9353 9703 9857 10130 10361 10483 10840 11199 11575 11635 11694 11924 11996 12380 12562 12624 12897 13049 13282 13400 13434 13617 13830 14171 14255 14385 14730 14758 14839 15057 15424 15763 16091 16220 16330 16398 16558

17 19
56 65 137 162 172 217 287 355 407 421 490 536 600 641 671 688 692

89 62
116 132 186 342 514 619 785 907 1105 1342 1404 1452 1539 1741 1761 1935 2094 2228 2296 2443 2684 2731 2820 3045 3108 3317 3416 3473 3490 3736 3976 4178 4213 4245 4370 4601 4658 4705 4811 4972 5150 5280 5439 5473 5606 5754 5843 5944 6181 6263 6502 6638 6674 6690 6738 6889 7130 7219 7301 7526 7623 7642 7856 8067 8085 8217 8362 8521 8571 8778 8994 9093 9211 9343 9458 9491 9634 9872 10097 10170 10412 10508 10702 10922 11039 11117 11309 11494 11599

61 87
183 403 513 850 931 1141 1190 1456 1702 1765 1899 2137 2418 2634 2678 2980 3273 3568 3615 3893 4084 4294 4345 4444 4781 4900 5181 5481 5771 5814 6099 6216 6532 6709 6779 7023 7101 7312 7380 7542 7572 7658 7965 8267 8462 8694 8783 9120 9291 9451 9759 9999 10346 10541 10657 10752 11041 11325 11495 11827 11951

6 18
11 33 72 85 107 136

72 30
105 208 323 368 393 462 492 560 586 699 708 721 736 826 837 896 998 1014 1036 1142 1261 1277 1336 1379 1418 1464 1536 1618 1724 1733 1771 1799 1831 1903 1983 2063 2109 2229 2254 2308 2343 2361 2467 2553 2562 2583 2676 2785 2816 2923 2999 3042 3059 3104 3137 3181 3239 3262 3276 3390 3498 3602 3677 3771 3831 3946 4002 4070 4136 4149 4171 4275

53 27
92 168 272 301 389 481 521 552 588 610 687 708 773 784 826 853 928 984 1049 1055 1091 1150 1164 1220 1291 1309 1367 1424 1523 1598 1639 1731 1769 1796 1904 1959 2039 2132 2170 2250 2348 2366 2391 2436 2527 2586 2628 2676 2771 2796 2835 2870 2888

83 2
2 4 8 8 16 23 29 32 35 37 44 44 45 51 59 62 64 72 75 80 83 87 92 92 97 99 102 108 108 113 116 120 124 130 136 136 136 138 142 147 153 160 160 168 171 175 181 183 187 193 195 195 195 201 205 206 207 208 215 218 225 232 238 246 250 258 260 268 269 277 277 279 283 286 291 299 299 301 303 309 309 311 318

80 87
330 443 650 801 989 1038 1267 1563 1651 1790 1969 2204 2501 2838 3009 3266 3605 3915 4083 4156 4276 4429 4496 4752 4842 4909 5118 5316 5496 5561 5689 5907 6069 6393 6532 6813 7043 7070 7100 7411 7450 7597 7703 7858 8135 8173 8435 8525 8571 8705 8744 9051 9188 9395 9733 9779 9852 9966 10125 10261 10289 10454 10486 10602 10723 10819 11121 11200 11425 11759 12057 12355 12508 12610 12743 12768 12855 13203 13305 13530

80 5
6 11 16 35 53 56 58 74 89 106 112 123 138 158 176 179 182 193 210 226 245 252 257 274 285 293 308 309 329 343 357 364 373 388 401 420 432 436 453 463 482 493 512 526 535 547 557 577 586 592 612 623 626 646 665 668 677 696 704 723 734 748 756 770 790 802 820 832 849 857 863 869 883 891 911 929 941 953 961 968

7 94
238 563 694 1011 1363 1694 1831

36 3
10 10 11 20 21 27 33 38 48 53 55 60 65 65 74 81 87 93 93 97 106 118 130 142 152 156 164 166 169 171 173 178 184 187 196 206

47 51
63 157 188 246 320 465 534 727 772 862 912 1013 1154 1292 1389 1486 1533 1733 1779 1929 2133 2331 2357 2528 2643 2726 2898 2930 2993 3133 3225 3332 3442 3515 3633 3785 3934 4084 4107 4306 4451 4619 4685 4877 4973 5013 5158

91 43
56 164 313 473 515 634 716 883 907 974 1072 1182 1285 1309 1370 1538 1606 1760 1902 1928 2068 2117 2233 2404 2474 2550 2658 2721 2856 2965 3088 3219 3230 3269 3339 3432 3498 3640 3812 3832 3858 3981 4038 4176 4317 4402 4554 4564 4628 4754 4795 4814 4951 4998 5019 5115 5225 5342 5372 5410 5464 5518 5575 5691 5794 5910 6076 6168 6259 6315 6417 6500 6529 6624 6782 6828 6962 7115 7271 7364 7386 7528 7658 7724 7749 7847 7938 7951 8061 8085 8202

