14
88 86
196 266 469 678 964 1249 1361 1624 1793 1965 2185 2352 2512 2570 2883 2948 2994 3023 3222 3440 3466 3683 3881 4151 4494 4579 4712 4873 5074 5119 5198 5369 5439 5766 5929 6061 6296 6382 6523 6857 7099 7179 7522 7557 7776 8079 8156 8235 8261 8376 8720 8947 9283 9486 9508 9622 9841 10116 10414 10649 10972 11015 11087 11191 11521 11565 11823 11969 12186 12506 12740 12803 12908 12976 13294 13427 13471 13543 13743 14038 14242 14530 14570 14693 14806 14867 15028 15288

1 97
377

95 59
47 142 277 482 553 666 783 828 981 1073 1296 1508 1690 1781 1923 1952 2032 2085 2259 2381 2480 2673 2855 2900 2948 2966 3072 3211 3279 3377 3571 3783 3826 3883 3938 4135 4302 4469 4560 4746 4956 5177 5225 5408 5446 5469 5645 5858 5987 6195 6251 6463 6543 6684 6788 6877 7106 7206 7430 7494 7627 7726 7821 7884 8026 8175 8231 8359 8574 8786 8958 9179 9371 9418 9574 9592 9716 9936 10052 10097 10275 10343 10452 10642 10756 10825 11004 11040 11198 11239 11366 11394 11597 11758 11954

29 81
148 248 452 641 863 1055 1097 1411 1705 1955 2133 2303 2611 2688 2760 2898 3091 3342 3486 3714 3828 3849 3990 4101 4347 4385 4680 4707 4895

30 73
100 363 500 741 921 1133 1233 1522 1681 1738 1851 2081 2372 2571 2783 3004 3109 3381 3577 3721 3743 3812 4104 4355 4638 4775 5026 5056 5289 5527

7 81
298 590 808 852 1003 1149 1312

90 22
36 46 73 136 154 237 246 264 348 406 479 549 587 629 676 731 801 876 884 951 1019 1043 1118 1154 1219 1305 1346 1414 1436 1506 1515 1547 1568 1598 1636 1722 1805 1817 1905 1951 1973 1980 2059 2143 2162 2212 2278 2344 2423 2481 2523 2597 2683 2752 2763 2782 2812 2831 2913 2969 2988 3033 3040 3091 3157 3195 3281 3358 3439 3517 3544 3557 3637 3643 3667 3743 3830 3854 3929 4008 4042 4088 4156 4195 4252 4329 4379 4446 4509 4515

72 16
49 53 104 163 168 193 242 295 342 403 416 427 480 505 566 620 679 705 752 784 792 813 846 908 933 940 955 994 1058 1065 1124 1187 1216 1226 1238 1256 1261 1272 1277 1290 1315 1357 1389 1451 1460 1515 1528 1535 1552 1608 1622 1664 1727 1755 1777 1781 1792 1849 1911 1969 1988 2003 2007 2063 2086 2099 2124 2172 2203 2230 2264 2298

22 20
65 73 149 177 247 305 319 346 409 417 435 453 460 537 556 590 651 711 752 761 814 837

52 59
67 204 287 378 588 775 887 999 1046 1228 1390 1511 1733 1806 2028 2130 2190 2376 2584 2675 2765 2861 3073 3215 3372 3601 3696 3771 3914 4109 4125 4218 4342 4362 4569 4677 4807 4961 5085 5164 5294 5401 5516 5731 5891 5973 6010 6150 6265 6405 6532 6628

35 8
3 24 31 47 67 98 117 145 159 169 197 220 235 244 252 261 292 317 336 367 386 391 411 422 439 461 492 518 522 535 548 563 567 592 605

59 58
96 268 371 510 673 744 792 935 969 1003 1160 1211 1348 1540 1660 1813 1844 1879 1972 2078 2129 2211 2240 2334 2388 2581 2693 2823 2919 2944 3075 3090 3189 3393 3465 3670 3691 3889 3916 3956 4023 4151 4272 4340 4394 4536 4580 4626 4656 4782 4934 5013 5050 5251 5435 5548 5580 5668 5733

21 75
183 219 357 527 606 672 712 999 1066 1174 1330 1466 1513 1728 1905 1935 2011 2159 2314 2573 2723

96 11
5 26 45 50 79 110 132 166 176 198 216 221 234 277 309 324 327 337 340 357 397 407 410 448 463 467 499 534 556 568 578 609 632 673 680 682 707 710 751 769 812 838 879 916 959 968 997 1019 1051 1076 1083 1086 1115 1150 1162 1197 1207 1222 1229 1264 1275 1290 1304 1332 1357 1361 1388 1390 1423 1438 1460 1503 1519 1554 1563 1571 1574 1608 1622 1660 1680 1700 1720 1736 1739 1755 1785 1805 1838 1882 1916 1920 1922 1964 2000 2014

