46
64 83
56 173 288 325 378 493 675 899 1142 1246 1342 1443 1537 1569 1885 2034 2089 2194 2269 2431 2491 2647 2759 2894 2971 3113 3205 3430 3613 3826 4102 4231 4268 4447 4666 4931 5179 5199 5406 5738 6025 6355 6566 6689 6828 7147 7428 7455 7700 7945 8146 8341 8477 8666 8752 8914 9012 9092 9299 9487 9566 9876 9995 10292

43 81
271 557 832 976 1277 1376 1596 1852 2046 2133 2200 2438 2508 2632 2733 2893 2948 3143 3303 3360 3683 3871 3955 4096 4409 4633 4802 4920 5044 5224 5526 5645 5877 6051 6156 6255 6472 6660 6685 6916 7084 7286 7385

16 39
39 149 180 291 313 427 569 691 823 903 993 1109 1169 1186 1330 1471

3 37
30 178 258

97 88
57 311 411 761 1090 1361 1654 1822 1938 2123 2314 2520 2769 2993 3325 3558 3668 3719 3801 3827 3873 4072 4290 4416 4623 4739 4921 4947 5127 5352 5645 5695 5805 6095 6387 6477 6634 6829 6865 7196 7360 7539 7668 7804 7950 8284 8494 8659 8930 9092 9229 9432 9470 9731 9868 9994 10031 10193 10467 10651 10805 10908 11020 11182 11381 11687 11843 11972 12259 12535 12724 13001 13275 13580 13715 14046 14080 14355 14683 14740 14961 15121 15205 15353 15395 15463 15642 15732 15879 16125 16371 16623 16820 17035 17068 17233 17335

68 78
63 165 325 558 636 856 1125 1196 1257 1552 1744 1909 2154 2423 2725 2832 3107 3263 3403 3508 3754 3800 4001 4119 4258 4525 4832 5043 5261 5506 5622 5685 5898 6068 6270 6299 6442 6586 6610 6687 6815 6899 7090 7184 7362 7481 7764 7936 8048 8325 8472 8691 8785 9041 9148 9240 9484 9590 9837 9881 10148 10299 10456 10556 10675 10719 10845 11063

75 47
133 232 413 557 571 632 668 833 874 932 965 1088 1224 1242 1362 1539 1593 1675 1827 1958 1980 2061 2178 2350 2459 2507 2537 2592 2692 2765 2949 3127 3269 3337 3505 3646 3722 3782 3970 4090 4181 4283 4416 4441 4497 4681 4837 4997 5078 5241 5314 5498 5549 5565 5577 5744 5919 6088 6245 6316 6327 6513 6607 6793 6868 6997 7013 7165 7181 7358 7374 7433 7581 7616 7700

3 70
201 461 628

57 1
5 5 6 7 9 13 15 17 17 21 24 24 26 26 30 34 36 40 43 45 45 46 48 49 52 55 55 58 58 60 63 67 70 71 74 75 76 76 78 79 81 85 87 90 92 94 94 95 98 99 102 105 109 109 112 116 119

92 86
315 400 604 683 877 933 1031 1140 1164 1432 1651 1908 2235 2478 2587 2847 3189 3373 3424 3464 3680 3969 4226 4352 4395 4417 4657 4977 5158 5227 5302 5437 5523 5747 6040 6130 6365 6443 6530 6769 7069 7248 7420 7509 7711 7848 8102 8225 8476 8811 9036 9064 9217 9477 9686 9804 9913 9953 10140 10329 10460 10727 10822 10844 10899 11062 11170 11423 11702 11799 11934 12120 12460 12602 12645 12763 12850 13013 13181 13314 13505 13538 13815 13930 14177 14498 14577 14782 14975 15036 15181 15384

81 33
67 162 217 226 353 465 534 632 658 783 915 1027 1123 1192 1204 1264 1272 1361 1379 1488 1512 1521 1581 1618 1720 1803 1838 1957 2045 2168 2201 2259 2316 2421 2441 2565 2624 2682 2758 2817 2900 2991 3044 3150 3276 3309 3406 3502 3526 3548 3586 3655 3728 3746 3806 3855 3974 4076 4199 4252 4342 4426 4462 4487 4513 4590 4615 4677 4765 4832 4902 4989 5054 5146 5252 5316 5445 5508 5592 5650 5779

54 1
3 4 7 8 11 15 16 19 20 22 24 28 30 33 35 35 39 42 46 50 50 52 56 60 60 60 64 65 68 72 76 77 81 84 84 86 87 87 90 94 95 98 101 104 107 110 113 117 118 121 124 125 126 129

90 33
55 132 191 292 414 446 545 670 716 764 784 902 915 1047 1062 1136 1145 1172 1276 1375 1485 1548 1646 1695 1761 1888 1971 2008 2031 2146 2255 2323 2365 2438 2550 2582 2649 2725 2746 2840 2917 2980 3096 3105 3149 3237 3359 3443 3551 3666 3792 3821 3870 3913 3980 4042 4065 4197 4261 4283 4326 4419 4432 4495 4507 4577 4671 4801 4862 4889 4976 5074 5116 5130 5159 5291 5305 5368 5452 5494 5611 5635 5662 5698 5773 5827 5902 6000 6131 6244

29 40
100 251 281 353 381 426 548 702 721 863 876 998 1036 1094 1228 1330 1456 1606 1712 1790 1936 1994 2139 2190 2330 2370 2430 2471 2503

26 65
83 191 317 339 512 645 887 995 1177 1289 1511 1730 1750 1883 2095 2161 2349 2420 2478 2526 2699 2957 3171 3257 3416 3464

97 59
150 321 408 640 762 825 1060 1077 1160 1355 1381 1512 1532 1577 1715 1818 2005 2029 2142 2349 2566 2794 3023 3117 3285 3465 3577 3711 3897 3985 4150 4270 4293 4386 4466 4648 4737 4928 5056 5118 5344 5531 5685 5741 5763 5877 5999 6110 6175 6295 6422 6510 6607 6816 6996 7179 7406 7489 7519 7674 7743 7872 7976 8101 8230 8417 8468 8556 8745 8868 9049 9112 9274 9431 9582 9773 9994 10162 10339 10512 10682 10798 11015 11076 11119 11323 11460 11568 11637 11752 11986 12151 12176 12360 12437 12598 12625

11 38
17 73 90 226 313 446 472 555 566 705 755

34 100
158 471 778 1059 1183 1474 1763 2125 2435 2622 2956 3200 3508 3808 3875 4157 4387 4508 4589 4633 4897 4994 5239 5407 5582 5745 6142 6367 6413 6675 6882 6941 7101 7320

56 63
250 384 513 635 887 983 1018 1186 1332 1561 1741 1925 2039 2254 2401 2479 2590 2648 2812 3004 3217 3327 3346 3452 3493 3554 3605 3754 3887 4121 4272 4296 4334 4495 4558 4608 4637 4882 4942 5118 5214 5283 5440 5548 5761 5946 6020 6081 6224 6293 6389 6533 6662 6685 6898 7085

12 57
125 315 440 455 661 835 970 1060 1129 1232 1388 1587

13 11
34 40 50 71 96 101 125 140 161 191 196 200 216

47 65
217 445 488 591 615 731 843 1083 1104 1308 1342 1439 1604 1636 1706 1869 1961 2107 2260 2363 2450 2563 2599 2778 2999 3159 3329 3397 3589 3802 4032 4276 4493 4615 4768 5013 5142 5209 5295 5493 5669 5758 5900 6121 6327 6421 6538

89 19
14 53 107 126 167 227 239 314 343 382 443 497 518 572 579 586 659 700 746 792 812 819 849 899 964 986 1022 1067 1079 1154 1194 1251 1307 1333 1338 1382 1442 1460 1507 1552 1608 1631 1656 1701 1718 1777 1849 1922 1964 1992 2014 2089 2101 2131 2170 2204 2229 2300 2360 2386 2460 2482 2543 2559 2608 2660 2728 2745 2790 2833 2874 2948 2957 2991 2996 3032 3075 3120 3131 3174 3214 3230 3250 3297 3358 3399 3405 3466 3505

29 3
6 16 25 30 37 49 61 64 67 70 76 81 86 97 104 114 125 131 135 136 144 146 151 160 160 172 179 180 183

6 72
175 219 382 585 649 914

67 84
179 247 455 661 714 925 1253 1415 1638 1876 2030 2125 2254 2462 2758 3026 3321 3452 3767 3920 3964 4001 4204 4422 4474 4746 4969 5130 5341 5505 5716 5827 6163 6392 6588 6619 6766 6835 6968 7240 7307 7589 7898 8089 8288 8513 8770 8829 9086 9196 9531 9815 9954 10063 10302 10501 10654 10826 11052 11388 11661 11981 12071 12286 12402 12580 12798

21 96
150 197 240 312 683 842 1148 1314 1381 1701 1956 2293 2623 2788 2845 3116 3497 3857 4229 4397 4585

74 97
222 510 683 936 1186 1535 1609 1829 1986 2160 2454 2522 2794 3050 3286 3474 3614 3999 4095 4436 4606 4866 4930 4991 5019 5126 5282 5600 5829 5983 6334 6666 6860 7038 7105 7145 7188 7433 7678 7771 7952 8304 8569 8809 9128 9360 9706 9825 9859 10057 10140 10213 10406 10614 10888 11136 11512 11567 11943 11998 12309 12435 12779 13041 13418 13491 13652 13839 13968 14188 14214 14369 14504 14592

72 45
30 180 318 435 485 523 582 623 638 810 849 906 1081 1210 1335 1410 1468 1494 1574 1623 1802 1882 1990 2150 2209 2322 2430 2480 2513 2592 2605 2654 2720 2768 2819 2957 3097 3186 3344 3436 3523 3655 3765 3923 3956 4031 4203 4308 4446 4625 4654 4763 4889 5065 5161 5187 5287 5467 5489 5639 5694 5835 5883 6036 6123 6291 6392 6424 6592 6707 6743 6875

35 1
3 5 5 8 10 10 10 13 17 19 22 23 25 29 29 31 31 33 34 36 40 41 41 45 49 53 53 53 57 59 60 60 60 62 66

89 51
170 341 358 397 480 498 617 738 901 952 1021 1163 1231 1287 1322 1435 1512 1602 1758 1880 2046 2124 2239 2253 2434 2496 2526 2636 2720 2746 2923 2953 3135 3229 3377 3488 3612 3637 3689 3721 3837 3914 4058 4190 4382 4436 4599 4736 4765 4781 4932 5116 5147 5228 5311 5515 5628 5691 5709 5840 5944 6148 6323 6478 6522 6559 6697 6860 6930 7122 7299 7478 7587 7620 7685 7721 7790 7972 8023 8044 8229 8302 8495 8586 8677 8778 8888 8940 9022

82 33
66 85 212 255 384 496 562 658 733 779 874 904 956 1076 1153 1239 1302 1313 1355 1406 1519 1614 1652 1764 1862 1891 1916 1927 2021 2116 2135 2246 2328 2339 2471 2589 2620 2646 2692 2768 2793 2855 2872 2918 2932 3011 3034 3079 3123 3244 3325 3410 3437 3537 3666 3699 3811 3875 3948 3966 4043 4063 4092 4201 4271 4331 4370 4486 4601 4675 4740 4869 4922 5009 5058 5149 5272 5322 5346 5456 5467 5565

99 99
66 325 667 902 945 1332 1661 1701 1785 2134 2497 2776 2978 3189 3391 3775 3886 4132 4523 4831 5073 5410 5542 5917 6220 6498 6672 6819 6935 7095 7223 7435 7481 7553 7739 7992 8259 8474 8572 8599 8714 8902 9111 9397 9514 9852 10116 10196 10570 10899 10942 11164 11348 11610 11847 12211 12392 12512 12630 12656 12861 12996 13252 13416 13496 13843 14103 14471 14681 15043 15070 15401 15537 15926 16263 16337 16619 16865 16900 16928 17118 17368 17457 17582 17857 18187 18507 18853 18891 18929 19069 19423 19768 19802 20092 20375 20574 20791 21187

97 40
129 285 372 527 561 609 715 748 778 798 949 1106 1178 1213 1322 1468 1557 1601 1696 1808 1950 2001 2105 2209 2268 2375 2459 2615 2698 2815 2838 2897 2947 3017 3097 3233 3366 3377 3437 3535 3632 3768 3833 3870 3895 3962 4086 4149 4208 4219 4246 4271 4292 4353 4414 4568 4714 4809 4857 4887 4930 5087 5222 5299 5391 5464 5624 5760 5854 5994 6073 6161 6235 6376 6442 6493 6548 6697 6848 6963 7022 7072 7214 7231 7332 7389 7497 7598 7713 7761 7801 7878 7967 8059 8080 8170 8273

98 19
6 29 48 75 83 88 111 177 200 270 305 377 434 449 474 483 525 589 625 650 678 684 726 796 803 875 883 928 973 998 1030 1049 1117 1144 1189 1217 1232 1259 1321 1339 1394 1408 1455 1502 1533 1600 1612 1680 1734 1777 1833 1866 1886 1942 2011 2017 2088 2105 2155 2160 2211 2234 2298 2359 2374 2425 2460 2487 2517 2585 2637 2687 2744 2789 2833 2848 2880 2899 2914 2921 2949 3008 3076 3108 3132 3201 3232 3244 3282 3300 3311 3359 3404 3469 3485 3551 3614 3675

43 63
125 341 498 669 768 917 1117 1298 1349 1434 1677 1731 1831 2076 2216 2418 2576 2665 2840 3020 3153 3174 3335 3576 3787 3870 4091 4293 4520 4605 4737 4850 4922 4972 5055 5250 5411 5645 5697 5922 6009 6219 6436

30 96
117 417 658 1022 1069 1325 1494 1831 1953 1982 2295 2412 2663 2722 3055 3344 3521 3719 3985 4344 4583 4790 5108 5460 5612 5749 5927 6263 6624 6957

27 84
331 610 852 985 1103 1130 1182 1430 1523 1838 2142 2239 2329 2439 2695 2869 3102 3152 3385 3529 3710 3958 4020 4342 4389 4436 4668

27 43
164 258 391 474 645 661 758 864 1005 1046 1178 1253 1419 1484 1579 1685 1698 1767 1909 1920 1974 2025 2196 2342 2481 2638 2765

101 44
142 238 306 453 494 600 680 831 898 948 999 1038 1102 1155 1248 1414 1564 1724 1875 1982 2104 2252 2275 2388 2421 2493 2518 2567 2722 2741 2755 2840 2938 2980 3143 3248 3396 3543 3710 3882 3926 3961 4059 4161 4253 4324 4337 4456 4552 4616 4629 4691 4796 4934 5057 5230 5248 5418 5434 5581 5692 5810 5913 5958 6096 6120 6276 6386 6486 6512 6608 6652 6700 6734 6833 6895 7051 7180 7293 7327 7435 7464 7601 7683 7797 7925 8091 8155 8170 8261 8417 8436 8499 8665 8692 8810 8867 8999 9129 9172 9271

73 94
185 336 464 619 880 1002 1323 1672 2043 2295 2653 2725 3025 3073 3398 3565 3683 3711 3805 4114 4218 4413 4746 4883 5235 5302 5570 5616 5850 6059 6237 6494 6801 7075 7135 7362 7597 7789 8096 8194 8371 8601 8767 8846 9144 9278 9595 9945 10142 10286 10333 10378 10722 11098 11388 11578 11862 12234 12499 12854 13196 13439 13752 14009 14046 14311 14669 15031 15149 15468 15661 15718 15760

8 47
95 125 186 291 389 455 468 625

57 67
186 450 502 740 1000 1102 1274 1439 1527 1651 1913 2071 2324 2588 2798 3039 3238 3312 3557 3603 3642 3780 4047 4258 4441 4577 4721 4775 4850 4957 5054 5082 5173 5355 5469 5498 5725 5942 6161 6356 6453 6694 6919 7164 7377 7473 7666 7791 7958 7975 8081 8099 8288 8351 8469 8697 8742

91 6
21 32 47 60 75 92 93 113 125 128 146 155 166 178 202 226 246 260 270 276 297 310 313 326 347 355 367 371 393 397 403 424 430 436 450 463 471 493 496 519 532 536 555 562 577 581 601 613 637 653 667 673 680 693 704 705 709 730 753 766 767 779 791 803 809 833 852 860 881 889 903 912 933 955 974 991 1006 1024 1032 1051 1052 1054 1064 1076 1086 1098 1114 1132 1136 1139 1141

100 80
249 568 788 1072 1146 1323 1346 1614 1826 1908 1998 2172 2465 2555 2675 2869 3066 3279 3399 3452 3628 3780 3982 4082 4259 4284 4506 4701 5011 5228 5396 5479 5745 5801 5910 6182 6304 6393 6583 6684 6937 7098 7214 7480 7561 7625 7804 7978 8292 8330 8486 8647 8725 8891 9023 9225 9380 9691 9811 9841 10008 10077 10172 10233 10395 10668 10913 11165 11348 11655 11914 11983 12207 12493 12790 12822 13038 13264 13298 13477 13595 13891 14087 14335 14465 14537 14791 15074 15206 15375 15457 15515 15679 15945 15991 16027 16084 16234 16437 16553

92 69
159 347 548 652 699 936 1055 1238 1455 1711 1969 2105 2284 2476 2722 2804 3036 3109 3239 3306 3414 3576 3705 3939 3959 4146 4304 4404 4565 4796 4844 4881 5069 5288 5544 5789 6011 6239 6363 6525 6679 6745 6900 7140 7174 7201 7374 7409 7577 7595 7626 7889 8146 8358 8575 8752 8807 9063 9335 9581 9689 9925 10030 10116 10307 10553 10607 10681 10938 11192 11263 11473 11598 11818 11879 12101 12201 12427 12689 12837 12898 13088 13172 13321 13596 13741 13880 14059 14233 14485 14703 14926

