72

10 228
20 162
12 293
36 165
50 108
35 159
30 240
35 28
44 38
12 157
29 201

21 31
45 188
24 270
10 263
10 264
15 267
24 187
18 189
34 201
46 234
28 113
32 184
10 179
30 277
19 166
35 166
26 271
27 73
17 248
11 206
39 231
15 231

10 150
11 32
26 204
10 48
10 249
16 220
45 170
27 94
43 252
29 133
43 163

10 94
40 246
47 173
23 194
35 181
41 218
38 189
37 201
19 96
45 49
16 35

10 240
29 251
17 251
14 244
25 173
21 174
17 175
24 10
13 31
29 24
10 60

25 143
25 70
27 300
37 190
42 272
19 56
14 74
18 156
12 291
11 294
49 147
46 12
11 26
23 168
17 160
18 108
41 64
13 263
35 60
39 41
31 166
38 88
43 213
25 131
45 116
20 169

22 265
19 143
48 161
37 128
23 165
42 167
28 76
26 131
29 29
13 126
11 193
47 161
31 107
44 125
44 181
22 192
47 52
12 287
38 213
24 97
47 258
22 112
30 67

15 169
17 166
49 299
28 91
37 290
30 273
25 198
35 10
17 40
36 183
37 73
16 233
38 168
13 43
43 279
12 189

28 243
41 188
41 103
37 36
13 163
15 202
33 263
41 244
33 23
29 187
45 51
50 300
22 170
33 204
23 69
50 56
43 270
38 114
49 205
13 56
16 91
27 121
45 134
44 73
22 260
11 274
15 107
30 241
11 36

22 111
48 39
22 126
30 114
30 33
30 41
22 43
12 261
38 172
16 249
46 167
41 259
42 202
43 225
47 95
46 68
18 261
24 259
37 160
31 298
37 30
41 250
45 52

21 211
48 98
49 50
21 228
13 21
33 73
25 118
45 221
39 219
17 39
43 98
31 197
22 130
41 78
24 163
47 213
36 223
26 48
13 32
19 100
33 211
46 293

24 56
32 267
17 110
14 117
39 289
48 164
32 79
21 233
36 43
37 92
18 255
35 284
28 182
34 38
50 212
50 38
21 236
28 181
42 183
27 134
20 147
22 219
43 269
16 113
45 163

23 94
14 122
43 233
36 117
41 21
37 122
19 95
15 136
11 200
23 292
45 230
29 255
45 16
43 150
47 243
14 207
50 65
20 254
38 66
17 48
39 136
15 132
19 211
47 191

28 129
29 202
22 131
37 253
28 191
15 31
15 71
41 121
21 144
46 95
50 234
48 176
49 111
48 149
24 198
35 164
27 35
44 268
26 84
45 110
41 62
20 257
31 145
49 171
46 292
19 189
43 236
20 251
45 115

17 71
15 20
46 261
40 260
45 209
49 285
10 66
25 70
11 152
48 48
31 106
37 35
21 138
29 185
13 185
42 161
39 221
24 109

18 43
38 208
50 151
37 11
11 96
29 50
49 130
20 231
35 74
42 13
23 132
41 240
32 269
13 276
35 97
35 286
48 285
45 16
30 297

24 202
44 85
47 107
47 119
27 227
25 174
10 26
11 200
14 299
48 173
44 72
11 113
22 107
32 143
42 138
47 75
26 252
27 128
47 80
10 242
34 29
33 192
34 73
43 112
32 235

30 179
44 131
34 70
14 106
48 108
49 16
16 134
31 118
33 76
17 83
28 53
27 250
47 190
28 13
36 227
43 113
49 107
45 81
26 255
47 120
34 208
41 64
26 88
10 259
11 157
31 77
36 17
12 233
44 68
17 142
36 227

17 269
11 55
26 212
31 210
12 69
17 92
32 22
31 155
50 289
39 120
23 265
36 173
18 75
32 122
29 260
31 234
31 210
48 173

19 89
34 130
43 146
33 105
32 274
12 132
17 66
22 271
35 282
39 84
11 17
50 260
26 135
11 221
10 245
25 67
47 84
13 228
14 190
42 147

30 114
29 63
28 25
16 37
38 52
46 58
32 154
12 113
44 35
13 80
19 292
34 42
45 36
12 35
45 24
35 244
31 242
23 208
35 35
14 189
15 182
13 54
43 19
31 297
25 12
16 265
31 113
21 39
43 191
25 283
29 121

12 36
32 286
41 224
35 98
22 162
19 84
29 164
36 269
46 103
18 295
47 246
50 263
20 297

14 99
30 299
45 212
29 97
48 87
47 280
23 82
32 130
17 120
19 116
38 35
45 40
36 55
17 136
21 182

17 160
34 29
42 77
30 67
35 25
29 143
45 26
20 75
16 270
43 146
38 214
29 188
48 289
15 251
31 123
43 187
24 180
11 234

27 207
30 116
34 226
48 251
37 152
13 71
17 219
43 267
17 103
33 234
25 266
49 28
39 214
40 10
23 151
44 83
18 200
31 137
42 294
49 37
13 157
28 213
45 169
38 96
47 72
20 113
27 228
33 268

19 172
43 21
10 34
50 208
17 19
42 166
30 252
19 256
13 106
16 35
34 41
10 205
50 204
42 279
44 66
17 133
46 136
42 239
23 224
23 120

17 273
15 283
45 78
38 294
16 34
18 288
45 141
39 106
25 72
35 50
41 148
27 31
27 108
19 229
18 56
46 32
24 147
20 201

21 125
49 72
48 250
49 292
26 89
18 160
16 287
36 262
25 95
16 290
19 168
10 246
21 12
46 41
24 289
32 203
31 255
16 176
41 135
44 173
34 140
38 45

16 64
14 278
28 88
44 293
26 275
16 218
43 55
41 234
13 74
39 271
37 44
15 166
49 16
31 285
15 117
31 207
24 205

10 70
36 285
37 84
35 300
42 90
32 128
30 129
10 53
28 142
30 244
12 94

30 14
13 122
27 129
31 92
42 229
27 224
16 179
41 21
38 143
16 88
21 205
16 85
33 194
27 223
37 156
34 41
17 177
49 109
47 90
48 117
30 52
18 127
29 180
21 289
48 240
14 11
29 53
29 87
11 228
16 214
44 163

21 243
29 97
15 259
13 115
42 217
11 242
48 139
43 285
27 80
11 29
36 185
43 175
34 280
21 56
14 69
50 299
46 180
32 282
28 107
17 153
50 27
27 47

24 186
19 183
24 101
20 240
29 69
44 282
35 209
38 280
43 19
42 107
41 106
34 199
50 277
32 16
27 46
45 149
37 177
50 297
17 162
48 140
39 169
13 186
36 262
43 299
38 157

22 62
35 156
10 227
37 33
46 149
41 173
42 54
22 266
37 126
48 203
37 198
43 300
28 200
25 272
19 38
37 228
23 49
33 248
24 70
36 33
39 45
38 274
46 82

18 283
35 20
35 14
31 220
25 127
50 259
37 137
44 101
49 71
47 282
24 174
24 72
25 239
10 289
18 218
25 75
12 87
14 47
15 40

17 183
37 147
32 138
35 58
36 126
28 63
25 235
27 119
27 123
44 183
12 215
36 38
45 247
13 269
12 197
11 51
23 148
31 225

11 84
21 54
32 197
11 46
21 87
44 146
16 127
22 144
44 72
22 165
44 73
20 174

17 276
47 251
39 50
14 227
44 117
22 162
21 163
14 237
15 87
22 75
31 31
15 243
30 141
28 85
21 144
24 69
21 45
18 194

22 48
30 41
46 126
26 237
46 187
25 68
15 57
27 266
15 128
28 168
14 239
18 200
27 176
38 152
18 252
39 44
34 157
41 168
29 265
33 102
47 115
37 55
32 199

27 69
50 127
40 171
19 198
45 214
50 101
15 217
49 156
21 238
40 179
38 36
24 48
37 196
21 38
22 254
48 33
12 31
45 188
18 98
47 13
33 78
22 107
22 104
22 29
10 191
32 255
31 23
49 32

14 41
20 89
40 47
44 24
44 206
43 146
31 102
12 121
48 111
13 144
29 98
42 65
10 259
19 193
14 84

18 195
22 277
47 106
13 125
20 17
48 182
33 217
22 249
25 78
49 105
35 72
19 288
36 64
28 125
11 295
34 18
45 213
32 217
30 123

30 138
11 174
23 79
33 215
28 92
38 31
38 222
42 24
15 48
26 106
15 114
50 141
48 205
20 48
12 91
33 147
14 234
33 13
13 146
45 35
44 99
50 69
17 33
32 129
26 155
26 29
11 219
26 50
36 34
36 96
43 187

26 88
36 109
29 255
28 85
39 174
33 85
37 252
47 154
14 230
35 163
24 143
33 285
31 167
47 291
42 30
32 164
39 257
13 218
50 170
17 43
25 19
19 43
49 73
18 145
44 51
23 64
36 294

29 202
33 44
48 80
18 44
13 155
12 39
28 62
12 80
32 275
44 185
11 100
11 69
25 44
36 192
28 262
30 170
19 55
23 265
21 41
49 123
19 67
16 182
46 227
50 26
41 280
27 99
13 205
30 29
46 17
13 189

12 108
28 77
16 193
18 265
13 215
28 220
15 203
15 50
23 11
22 261
27 296
13 247
19 288

12 102
11 109
18 81
46 254
29 123
48 153
40 86
15 75
47 77
15 294
46 227
14 236
38 147

25 32
23 21
36 177
17 214
43 280
29 157
16 284
25 164
45 229
46 227
35 223
48 83
18 257
45 256
11 299
34 117
12 39
35 294
25 26
10 253
19 293
47 56
48 201
12 288
43 129
16 24

30 186
37 180
27 113
14 300
47 146
34 132
17 128
50 239
47 35
15 77
17 23
15 27
20 202
39 23
45 145
28 97
37 22
31 276
13 173
32 233
47 10
37 24
19 252
15 14
14 276
26 146
15 251
19 268
42 165
30 199
33 69

14 203
27 132
49 185
46 52
31 214
42 250
11 71
33 184
37 70
37 59
46 84
33 178
39 114
41 38
39 278

21 136
40 131
12 108
49 225
47 19
13 36
10 123
45 202
29 183
26 48
48 223
15 278
42 175
14 186
38 286
26 187
21 15
33 153
13 147
39 293
16 113
36 84

19 285
43 44
44 60
27 241
45 200
26 132
26 175
36 239
15 182
47 269
40 15
20 300
14 153
15 244
33 64
39 76
41 104
35 261
13 60
12 180

19 11
43 265
28 24
37 259
48 155
39 268
37 208
40 175
48 67
28 29
34 221
37 253
38 17
48 22
12 222
36 105
39 175
37 94
32 168
37 296

25 189
39 198
46 188
28 127
22 197
40 291
13 287
38 254
50 85
11 105
21 232
11 261
48 108
13 141
36 266
47 141
28 172
33 289
44 72
26 97
24 162
24 266
24 246
45 154
25 206
31 242

17 280
41 125
23 111
24 224
33 77
50 46
47 62
31 255
49 116
40 132
40 134
14 297
29 21
13 81
35 196
17 129
37 218
16 217

30 210
15 37
33 212
25 67
27 296
13 115
29 59
35 232
30 54
34 79
31 11
25 114
16 65
49 60
21 158
17 72
29 295
48 62
15 284
27 195
42 255
36 175
41 188
31 167
16 227
13 203
40 219
49 268
37 105
36 113
36 213

29 277
40 13
29 119
38 258
46 215
23 184
48 108
27 55
23 178
31 125
36 129
14 41
43 265
47 298
47 164
11 281
15 218
17 13
11 116
38 98
32 72
44 178
22 268
14 86
47 81
18 85
30 230
13 264
29 282
32 129

27 163
45 268
50 124
36 287
46 158
18 34
30 218
29 122
45 274
33 265
35 49
43 280
41 245
29 226
45 253
10 214
15 268
44 193
15 283
40 40
25 161
26 279
38 154
47 174
12 191
16 129
33 283
43 120

13 75
22 169
37 112
39 263
35 218
11 223
20 98
50 26
40 278
14 160
35 97
20 114
41 75
44 19

24 176
31 244
28 173
30 85
13 171
22 284
36 28
15 233
43 71
24 242
50 189
20 291
26 207
29 89
42 27
20 186
24 24
13 94
41 51
12 274
23 253
42 203
46 103
26 18
18 52

30 267
23 268
50 165
37 120
40 176
14 131
37 264
26 49
47 213
28 16
28 47
45 271
42 127
16 259
20 202
12 270
28 154
47 174
14 285
46 224
16 58
40 258
44 243
40 292
21 81
25 63
34 202
28 176
33 195
24 110
48 126

20 300
37 38
44 213
47 210
41 57
16 38
45 177
12 155
43 146
30 41
26 183
46 77
16 150
41 117
39 48
41 270
26 158
33 260
18 60
20 127
34 26

22 221
35 246
48 113
20 297
10 139
50 116
23 279
11 27
19 227
38 17
28 251
16 58
40 38
33 122
16 100
37 110
27 83
47 59
24 265
40 113
41 175
49 73
20 280

14 25
18 287
39 146
12 167
31 72
22 24
46 237
14 170
42 134
12 224
33 286
47 44
10 93
10 160
32 40

13 200
30 57
33 41
23 82
12 175
11 167
10 133
40 34
13 71
22 227
41 122
20 37
40 64
38 173

27 114
15 82
43 295
30 231
14 40
21 23
43 175
47 102
38 16
34 215
50 47
49 178
26 196
24 21
19 181
36 258
48 234
47 128
41 141
27 63
46 296
12 205
46 81
46 293
49 133
33 54
33 295
35 230

10 235
22 193
34 204
17 258
50 252
12 159
20 200
16 148
35 47
22 89
15 40

13 53
47 31
14 237
19 188
11 274
26 155
18 216
45 229
48 217
17 273
36 297
36 282
35 210
45 146

27 175
27 216
18 289
10 17
12 154
20 123
31 142
14 186
29 93
36 134
45 255
49 137
25 214
23 77
34 39
25 191
16 166
41 276
39 290
46 29
44 106
15 281
29 201
42 66
40 256
29 129
46 48
15 131

11 124
27 289
48 106
37 79
37 273
14 101
17 46
14 14
13 144
22 300
36 31
17 98

16 272
23 65
19 235
44 100
11 176
29 234
43 220
37 295
39 195
48 151
46 92
13 299
44 105
48 83
28 116
49 258
22 271

19 97
27 107
29 63
21 255
31 120
41 259
44 54
28 289
36 101
31 215
12 290
19 104
20 258
11 82
42 149
13 262
45 294
34 80
47 269
10 24

