60

27 270
28 91
18 72
33 219
46 246
14 55
50 206
24 224
44 291
18 121
27 91
29 274
27 51
47 109
32 295
12 28
34 217
32 112
15 57
45 198
17 28
32 32
30 149
27 123
31 196
37 65
10 271
22 17

19 23
19 294
10 152
43 292
46 18
44 213
31 64
47 274
17 242
47 114
33 166
10 265
48 85
49 259
32 282
47 258
30 196
39 23
14 19
43 226

27 114
16 227
36 96
47 40
42 189
11 18
50 137
31 63
27 254
49 21
40 90
45 55
38 30
12 299
28 299
13 113
26 190
40 115
43 129
19 190
38 130
36 147
11 11
37 261
44 114
10 130
24 11
23 125

15 239
23 257
41 214
11 185
48 241
36 38
49 297
19 184
45 67
37 264
21 272
37 34
15 281
21 197
47 108
18 98

27 102
36 288
30 73
21 34
46 182
12 170
25 249
22 290
35 198
24 211
29 175
39 260
30 266
50 56
32 135
27 290
27 137
22 176
20 141
30 100
32 245
34 101
19 60
19 138
37 261
36 120
17 213
28 158

16 63
33 298
15 122
13 58
19 254
30 169
12 65
39 46
49 213
40 91
24 72
28 94
46 32
28 94
49 62
48 249
21 183

16 186
45 128
47 259
13 153
42 80
23 138
49 58
47 42
17 231
46 30
10 141
45 40
40 44
27 71
34 292
31 91
20 165

10 187
12 127
35 278
44 195
30 137
30 33
33 270
27 39
16 32
20 105
46 197

17 223
41 156
50 68
44 32
13 213
44 172
19 72
10 15
42 157
26 219
50 277
29 81
21 57
31 41
11 20
43 16
36 20
25 242

22 173
14 260
10 295
11 189
41 162
12 208
39 240
15 109
33 182
50 83
14 147
32 187
46 260
47 152
29 162
30 174
36 50
28 94
19 85
13 245
27 116
14 260
37 260

18 295
12 94
25 167
10 104
39 196
39 264
22 44
50 132
38 274
41 198
38 128
43 172
20 246
16 169
11 221
46 263
43 59
29 50
41 195

28 286
28 14
12 37
34 12
49 203
20 215
44 262
17 78
14 300
36 291
29 86
31 13
16 70
30 113
44 194
24 93
50 51
20 218
11 121
28 102
27 46
16 170
44 276
37 278
23 167
46 244
36 155
29 193
31 232

10 284
27 101
34 229
29 35
12 43
21 190
22 137
40 242
46 78
29 122
11 138

30 217
18 289
38 210
40 234
31 24
25 230
35 241
48 108
29 39
23 192
46 85
50 48
38 171
43 261
47 291
49 190
18 216
39 290
44 133
31 108
25 124
42 153
47 238
48 125
21 201
10 29
36 104
32 247
48 167
31 27
13 213

14 55
46 188
29 245
42 295
29 123
33 57
50 171
10 260
37 10
25 122
44 141
24 162
12 152
18 12
17 122

27 213
15 64
46 169
23 237
50 186
24 17
42 260
18 81
26 141
29 190
31 61
16 232
28 20
12 213
48 194
16 266
45 145
24 259
17 128
12 109
30 15
25 233
43 173
16 13
44 10
30 45
21 175
36 198

20 146
30 167
38 228
34 201
36 185
24 52
28 213
21 33
43 112
46 14
30 218
19 115
35 60
14 113
24 186
24 135
13 276
24 168
35 179
35 47
29 280

10 293
33 197
22 16
49 194
21 24
42 107
39 239
18 139
39 52
15 253
31 241

28 103
22 95
32 295
28 243
41 81
30 255
33 221
46 275
28 208
22 149
34 32
46 143
19 43
32 257
27 151
20 158
35 251
49 120
32 224
31 265
39 261
24 32
19 223
38 190
18 77
13 226
14 299
20 85
13 286

24 36
13 56
21 148
49 205
24 13
19 189
12 187
45 64
16 167
33 117
35 212
25 179
21 200
45 163
35 72
46 214
31 121
19 10
45 204
49 24
12 208
16 12
21 11
20 197
25 188

22 147
14 123
21 75
21 275
41 237
25 220
13 285
37 43
46 39
25 36
40 32
49 71
10 163
37 47
28 281
11 249
22 143
34 227
12 252
42 139
20 163
43 172
48 41

14 255
37 278
10 139
16 137
13 76
19 28
19 88
11 263
29 277
50 97
35 199
27 277
15 282
18 159
39 101

18 111
12 299
41 152
50 21
35 288
35 219
25 24
10 208
28 204
31 110
20 294
40 12
13 151
36 51
23 241
39 143
13 265
35 167
22 295

24 109
50 10
31 148
14 234
12 11
36 264
45 78
36 177
14 297
24 56
24 157
29 279
28 68
36 72
31 198
42 290
34 20
18 91
40 100
12 94
46 214
41 47
20 227
15 56
45 50

18 67
26 134
37 69
37 208
35 110
46 23
50 292
50 139
23 263
50 152
38 38
38 61
19 28
38 48
15 262
32 38
10 109
32 172
44 245

25 256
43 238
38 90
33 155
14 259
41 27
48 287
21 285
44 234
33 185
33 193
28 118
20 188
27 284
50 262
22 230
46 148
37 107
21 47
21 120
14 121
14 90
26 138
10 243
23 193
47 23

16 154
13 239
42 220
12 88
18 100
24 200
46 141
33 19
27 249
27 115
15 211
36 193
42 202
24 89
29 252
23 279
49 222

28 225
18 114
50 50
46 84
20 113
31 106
14 300
15 265
50 49
43 194
17 241
35 232
25 279
44 101
23 82
23 198
39 255
39 157
32 143
21 165
38 105
25 133
41 90
12 224
17 82
33 292
31 286
27 217
10 188

10 236
47 164
21 259
28 247
26 149
37 82
23 209
46 193
42 36
16 190
26 259

26 109
38 139
19 82
12 286
38 231
16 136
44 295
31 46
19 173
39 188
20 120
49 139
39 294
13 267
33 266
50 32
35 32
25 288
40 227
27 165
50 257
39 164
29 84
24 143
23 45
30 189
18 87

27 185
38 195
42 175
17 170
10 52
45 254
24 199
25 195
18 250
45 270
37 191
46 171
32 231
13 272
35 253
30 201
19 181
46 263
50 223
11 75
41 227
42 221
45 164
27 117
18 58
22 124
46 163
25 234

25 262
33 292
15 295
24 21
24 12
39 51
36 221
18 29
46 114
22 92
27 188
31 256
44 171
24 127
34 90
29 156
31 249
28 23
28 257
12 88
50 163
28 216
35 118
16 225
14 233
26 91

16 53
12 135
10 238
13 263
47 118
47 67
26 90
49 300
39 238
31 248
18 167
45 22
11 77
21 287
14 242
49 260
34 70

29 94
36 270
10 129
14 298
33 129
15 64
11 210
44 204
16 230
14 254
11 199
23 212
41 117
12 268
30 218
12 48
40 180
24 64
17 152
24 236
10 232
34 102
38 245
12 56
28 198
14 81
17 269
26 181
11 101
20 29

23 216
32 216
45 229
26 265
22 65
24 127
47 54
12 32
24 10
41 290
24 296
26 297
29 52
12 163
17 176
13 188
25 210
33 14
43 257
34 11
32 200
23 199
15 26
27 157

21 210
48 13
12 175
13 292
49 42
32 51
11 271
38 50
23 239
37 271
34 95
50 297
32 84
38 13
38 239
29 15
11 256
22 258
18 65
44 67
28 226
10 219

25 121
13 288
33 29
41 279
46 272
29 97
36 217
11 158
32 51
46 188
38 88
24 17
14 15
43 224
35 25
25 139
45 292
38 160
12 75
10 201
47 42
44 41
20 248
12 135
25 86
28 16

17 120
45 193
29 172
18 132
23 176
29 196
32 215
40 157
17 101
12 257
16 235
41 99
48 31
21 58
21 65
19 45
17 174
50 152

21 228
41 219
10 183
22 172
36 68
13 10
15 80
18 129
27 256
16 72
35 246
19 120
35 181
44 187
40 140
21 205
18 263
24 124
36 266
36 208
43 130
28 207

24 110
34 146
24 98
41 179
47 259
22 226
31 43
14 252
31 240
48 78
25 130
44 46
14 160
28 131
49 236
39 133
45 296
50 215
49 147
40 219
45 86
14 138
43 142
50 300
28 110

30 249
21 169
28 180
45 288
30 293
49 274
42 105
33 177
28 233
50 116
40 177
43 53
15 238
43 109
16 120
13 256
35 221
25 222
31 129
21 282
22 199
42 114
26 205
15 99
38 36
41 40
33 234
46 265
33 56
28 183
36 136

20 229
39 129
43 221
48 137
25 71
36 294
16 228
41 216
39 86
10 116
29 223
11 213
17 207
10 282
16 178
18 262
31 237
14 255
10 43
26 268
35 49

14 266
33 239
36 94
47 101
24 264
47 34
13 195
30 109
36 61
18 80
28 34
48 128
47 295
10 173
50 286

15 289
46 263
28 172
37 30
19 206
43 257
34 163
46 136
28 184
30 35
48 246
17 220
48 159
50 245
40 274
20 167

28 93
20 190
35 108
43 162
21 81
47 198
43 222
31 74
29 114
10 190
23 74
12 91
44 174
35 215
48 90
16 12
38 138
10 26
40 217
45 124
48 47
31 280
37 114
49 172
50 238
33 121
45 216
25 115
31 282

17 191
18 85
27 224
26 289
47 95
33 171
43 22
28 63
27 53
31 155
32 138
42 110
37 223
22 59
15 136
36 15
43 234
27 16

28 127
46 226
13 119
23 278
12 240
49 25
23 131
39 82
10 98
32 196
48 259
50 41
49 72
25 104
48 134
25 287
13 277
48 58
48 210
14 228
43 98
46 47
32 68
27 153
50 128
10 63
32 19
35 236
37 135

21 50
24 21
17 26
32 165
25 78
44 280
38 97
35 159
41 147
30 211
42 244
12 104
28 145
34 248
12 182
39 213
41 67
23 184
13 45
17 268
41 251
47 248

11 157
36 133
44 190
21 99
39 231
10 164
48 31
38 139
31 156
37 276
25 48
12 85

13 142
17 98
21 100
48 178
40 87
50 130
18 26
21 105
34 32
16 14
48 219
25 172
40 290
23 89

13 153
12 255
29 161
29 175
35 113
18 290
21 166
45 55
38 135
19 261
36 62
12 164
37 92
36 162

23 256
25 60
26 105
32 124
13 59
34 96
13 103
46 128
27 197
46 127
48 226
47 100
20 64
26 59
28 257
45 187
42 220
15 186
20 117
19 185
14 232
38 289
46 54
48 56

21 150
27 212
47 210
42 213
50 90
26 60
40 121
16 223
24 152
37 38
43 262
15 241
47 60
50 67
28 73
44 128
43 157
36 185
13 186
38 161
22 96
33 69

27 286
14 157
46 272
50 142
24 127
12 169
27 145
11 33
15 291
18 183
13 82
37 117
10 206
42 119
22 47
40 102
28 211
23 258
16 130
26 295
42 36
25 147
34 283
45 44
19 179
19 105
14 277
22 234

26 177
27 251
47 178
44 108
25 11
36 60
34 142
32 44
22 70
15 138
43 72
16 221
43 100
37 220
20 172
17 133
22 79
31 190
34 180
19 33
48 37
22 120
50 170
21 277
17 295
22 228
39 61

22 39
16 106
15 60
11 151
28 239
43 58
42 13
31 44
36 176
34 236
28 285
14 290
14 24
31 155
25 45
47 192
15 66
42 68
45 50
18 178
38 291
35 175
42 28

17 185
24 146
13 208
43 145
47 281
35 40
27 113
49 70
38 71
26 92
10 90
34 12
20 237
20 36
29 177
33 216
36 250
30 210

18 223
40 229
19 225
40 101
42 218
12 264
15 64
48 242
40 228
17 257
39 213
13 215
21 71
27 192
25 257
25 298
27 250
12 74
19 79

24 64
29 230
39 190
13 64
50 212
32 294
18 74
35 154
12 199
39 12
21 77
13 114
46 65
37 24
38 187
15 13
21 104
43 127
35 262
48 294
40 290
18 215
37 108
39 259
46 72

18 214
47 270
18 188
11 295
13 37
23 12
30 108
46 30
11 56
20 87
41 205
38 125
46 137
22 230
27 244
42 169
23 191
50 167
36 37

