98

15 270
22 172
47 41
12 83
19 168
44 265
23 92
30 163
27 240
35 159
34 299
27 133
16 255
33 163
41 172
35 52

16 270
13 211
16 294
35 275
45 219
44 22
48 109
25 294
27 135
48 107
42 113
12 298
31 281
43 137
28 274
42 73
24 192

14 56
26 66
19 246
50 215
29 265
36 199
16 24
24 149
14 69
21 227
36 192
40 180
45 161
39 257
34 25

19 169
41 200
10 180
27 82
39 105
17 249
35 98
20 295
26 106
25 53
46 19
15 30
41 286
38 155
19 32
14 202
18 166
36 166
24 74
23 292

29 288
27 190
45 84
37 37
39 11
24 96
13 278
29 89
47 150
12 209
28 152
49 19
11 30
24 252
47 228
41 176
44 208
43 43
49 199
10 124
20 152
30 237
50 78
47 57
12 263
33 78
42 254
10 289
17 10
25 188

26 95
23 183
20 145
38 75
16 69
28 85
27 77
43 64
16 223
30 152
19 137
10 27
35 100
42 169
28 63
48 130
38 162
22 236
20 292
31 300
10 250
19 92
46 149
39 258
41 199
17 151
14 91

25 132
43 65
15 244
10 286
38 222
33 134
48 87
36 119
12 155
33 244
34 241
22 77
32 280
35 20
44 207
12 29
10 105
15 101
30 110
46 99
10 15
35 195
33 10
11 300
48 246
45 11

11 175
40 246
14 33
33 194
22 101
12 101
10 205
20 106
42 167
38 17
28 152
17 235

16 152
29 81
10 30
49 248
18 56
32 90
44 90
48 276
45 209
36 109
42 300
26 216
46 61
38 206
39 188
23 239
14 96

24 288
45 96
22 133
49 267
23 111
33 134
15 116
16 127
27 238
15 49
49 172
47 218
20 116
12 121
49 279
16 287
14 99
37 244
32 65
15 186
31 160
41 60
24 88
26 276
34 76

20 272
19 109
35 29
19 300
35 41
22 252
34 283
27 85
40 183
15 135
31 171
28 294
37 210
33 237
50 290
45 41
14 68
33 197
34 149
23 73
31 101

13 99
50 288
35 299
11 233
15 167
31 36
41 208
44 221
50 270
15 48
42 47
39 202
28 48
28 52

16 166
12 300
23 177
49 217
17 75
45 95
25 171
23 18
17 213
32 220
17 19
49 152
27 91
30 151
21 168
29 111
41 64

22 87
38 215
42 202
16 115
39 214
15 30
44 178
41 255
28 49
46 60
16 195
37 178
27 116
16 38
40 51
26 134
26 53
34 222
20 180
23 239
10 138
15 188
15 206

12 238
17 281
49 172
10 49
14 147
35 107
29 256
29 79
12 109
17 180
47 225
18 274
46 123

25 92
19 122
43 61
14 251
12 94
19 152
23 130
26 22
37 117
12 59
19 132
29 45
31 294
17 201
13 98
21 213
39 54
41 179
39 75
18 144
20 216
49 192
32 167
48 224
39 288
13 255

15 206
14 61
32 185
27 101
45 206
50 188
29 35
18 91
47 231
35 162
36 184
13 217
40 27
28 148
45 189
30 57

30 92
13 98
42 74
26 65
23 272
10 75
34 180
43 23
32 264
12 58
39 136
11 238
24 150
17 204
33 289
48 232
38 166
25 288
44 68
20 174
50 61
14 258
29 278
16 235
37 66
21 227
27 91
30 131
13 263
25 33
10 17

23 164
36 20
23 103
48 84
48 31
43 38
15 242
34 117
29 173
39 255
23 226
44 294
17 158
31 101
19 63
41 19
45 261
11 133
14 212
27 291
16 249
19 197
26 188
12 123

22 136
14 137
36 296
43 296
11 292
38 111
42 41
14 78
32 37
42 255
32 181
26 246
19 217
29 57
26 276
31 261
24 33
30 114
18 46
10 50
23 210
39 159
40 44

27 258
21 186
22 34
40 293
32 236
33 102
33 127
35 148
22 162
32 136
39 37
25 161
43 279
11 143
44 48
19 184
45 118
49 286
24 281
48 15
16 242
25 83
28 207
10 181
28 62
22 293
17 157
17 87

14 235
43 269
36 299
21 220
29 239
40 75
37 280
10 103
44 74
45 181
18 297
42 146
47 259
50 54
20 44

29 298
21 66
46 151
29 107
45 75
31 99
33 127
32 149
40 281
18 18
38 292
29 251
14 239
12 176
11 100
34 191
50 133
22 111
25 224
38 250
17 12
24 276
16 263
36 296
35 85
28 53
34 148
30 186
13 134
19 57

11 179
33 259
43 122
28 272
19 180
30 242
32 292
23 176
21 55
47 210
30 241
25 28

16 106
48 187
50 77
14 119
26 152
44 71
14 48
16 176
44 77
30 173
27 231
22 156
10 199
31 100
21 216
35 21
38 60

24 251
31 197
25 295
26 186
47 72
49 136
24 294
14 256
49 146
36 240
46 191
15 194
11 44
13 210
13 21
33 283
33 127
26 295
39 79
20 272
49 274
49 83
32 54
19 112
32 137

12 41
32 278
40 245
27 88
34 258
21 236
49 79
22 14
14 62
46 154
43 193
37 202
11 297

16 181
41 139
13 115
33 10
30 139
20 55
34 79
37 157
18 277
35 91
50 20
22 63
33 11
42 246
17 177
20 267
44 123

20 53
42 265
21 267
24 56
48 171
30 287
18 256
21 157
44 27
47 14
20 188
15 43
26 31
49 75
34 242
12 89
50 80
15 133
18 61
42 125
43 131

17 76
22 250
37 201
14 82
27 24
24 158
20 40
49 263
24 89
38 37
37 244
39 110
49 163
46 54
21 211
15 61
18 88
50 98

28 238
47 244
14 76
17 102
45 124
32 214
16 156
20 29
40 191
47 138
44 274
48 65
10 10
39 155
44 149
38 120
16 181
42 111
25 143
20 123
26 271
44 65
40 48
25 57
27 225
29 38
43 159
43 288
31 120

26 38
12 147
41 153
38 260
25 217
19 92
50 71
44 65
12 15
28 61
10 39
16 63
49 171
21 93
42 65
24 65
22 258
10 245
37 118
40 283
34 223
11 91
50 94
11 205
48 175
16 292
17 252

21 236
36 69
28 242
22 146
22 272
24 219
22 226
50 277
50 266
48 224
25 126
20 134
21 272
31 93
28 198
30 148
42 23
33 55
20 210
33 236
45 74
29 146

20 258
10 268
23 260
28 114
10 206
39 106
48 56
31 224
41 197
38 66
13 25
17 174
49 294
40 176
48 166
12 16
39 225
27 244
21 87
29 124
17 58

13 79
29 235
10 210
44 217
30 269
19 195
12 96
48 265
49 100
32 259
10 228
38 283
37 125
14 74

10 79
48 188
27 12
29 187
12 299
11 48
24 104
13 200
45 275
38 79
44 17

28 298
28 199
19 98
16 178
14 157
41 186
36 139
18 55
50 123
30 68
17 84
41 89
25 203
46 36
33 137
10 238
16 116
38 248
42 265
28 87
15 210
10 122
41 49
41 237
14 141
50 35
34 196
30 182
16 269

26 285
49 204
18 33
18 191
41 179
14 121
32 63
45 118
46 52
45 158
17 205
40 18
43 237
44 257
25 30
49 21
13 113
47 240
50 253
50 200
18 126
37 47
34 279
46 76
24 143
15 112
11 292

13 107
40 155
12 228
35 151
15 199
19 210
50 244
11 248
23 161
22 279
42 123
42 85
20 265
11 277

12 228
23 40
19 113
26 263
44 188
21 120
38 276
39 257
19 135
41 35
46 147
16 224
10 112

12 227
40 60
19 216
29 181
48 103
46 278
16 118
23 171
32 66
33 36
34 300
46 155
39 272

25 42
17 110
38 107
13 105
32 60
13 167
20 14
23 284
13 225
38 40
28 161
15 285
17 143
41 90
11 164
38 92
11 192
46 217
37 108
21 24
30 72
27 174
12 219
28 152
11 22
10 145

22 269
44 121
44 244
20 269
34 71
19 189
20 175
16 19
44 257
32 241
48 135
40 189
39 71
41 38
18 146
40 273
31 293
50 287
26 101
29 77
22 19
36 99
11 112

26 146
45 30
18 73
21 282
30 127
41 153
28 103
16 43
13 288
29 21
37 75
50 68
29 273
38 58
24 170
19 252
10 288
21 227
12 56
30 91
46 284
48 259
49 66
22 98
19 156
21 96
44 24

10 130
42 198
33 207
34 247
12 267
23 32
50 127
33 170
38 16
33 132
21 168

26 157
47 120
20 53
13 110
44 26
39 176
35 155
40 50
23 109
16 290
27 125
26 80
16 56
38 174
46 226
12 154
17 139
12 254
15 184
45 258
47 152
27 275
22 295
20 42
25 265
16 106
14 46

28 89
35 260
42 17
20 299
19 202
26 206
29 116
24 21
14 163
38 70
25 288
34 155
10 163
18 268
21 129
39 72
39 156
16 141
29 16
26 197
49 92
27 17
23 129
44 25
23 173
13 37
16 106
50 245
47 224

26 194
25 255
45 111
50 202
15 266
21 111
30 103
34 161
27 216
15 230
49 241
32 78
48 246
36 248
40 265
30 228
21 93
20 135
34 130
20 67
37 93
29 132
38 69
36 97
20 126
37 233
37 143

28 237
36 38
14 94
20 166
41 144
33 140
33 54
14 157
21 80
10 56
26 267
10 105
28 286
24 83
14 174
42 274
14 232
17 229
26 36
15 114
21 160
35 62
34 222
25 234
44 180
32 54
41 35
20 157
18 162

15 259
37 46
47 264
32 141
13 262
28 224
25 285
11 250
19 295
14 15
47 206
31 148
25 242
38 94
17 286
37 263

15 20
46 269
23 130
17 53
17 141
32 214
24 241
29 203
38 57
12 274
18 192
32 288
29 287
39 286
46 197
25 39

16 136
39 144
10 192
26 298
18 94
45 119
34 161
17 209
38 261
29 293
16 99
32 149
22 283
39 234
39 263
11 104
15 110

23 43
40 229
27 178
25 115
43 300
20 89
23 262
45 64
16 22
10 269
11 113
41 60
46 211
19 58
25 41
11 211
28 132
22 89
31 55
29 23
10 44
35 21
29 140
43 122

10 173
19 246
50 211
35 271
27 185
40 289
44 184
46 133
48 296
23 80
38 13

10 221
17 225
16 178
24 136
10 225
16 90
22 195
36 259
48 148
33 224
20 277

22 225
10 12
22 259
22 274
21 106
46 100
17 75
44 219
10 291
38 162
18 202
23 168
47 144
44 140
33 79
24 202
50 85
10 15
19 60
39 47
14 298
23 36
16 53

25 86
40 57
17 49
40 291
30 106
26 231
21 18
31 27
40 106
18 125
28 215
35 241
34 109
49 87
32 33
23 104
31 261
31 80
30 221
42 96
26 202
46 155
38 76
44 162
44 276
46 142

22 115
49 285
36 228
36 135
33 221
50 10
46 207
15 282
39 64
25 12
37 94
38 56
30 130
43 159
14 156
28 17
35 19
15 223
48 19
27 178
10 67
37 160
27 32

27 114
42 43
23 191
16 249
17 103
33 246
32 165
20 158
12 54
43 55
19 46
48 89
27 144
40 204
43 279
39 207
39 243
37 57
17 249
38 152
28 29
39 244
22 188
33 145
10 141
17 28
31 165
17 200

16 209
32 197
22 207
36 213
37 126
28 74
34 120
40 139
43 145
39 252
24 295
12 190
13 161
26 287
35 66
41 11
18 214

20 97
24 251
38 276
44 89
47 242
16 221
36 54
49 172
48 32
23 197
22 232
22 300
50 294
24 36
29 253
29 170
45 102
45 263
43 205
43 112
11 91

26 253
29 86
43 215
28 104
35 19
44 205
22 205
23 204
23 41
38 180
48 176
11 114
18 207
38 31
18 222
27 122
42 87
40 140
21 110
40 80
34 209
35 291
37 205
33 92
24 106
12 228
14 299

13 294
23 208
19 237
17 162
21 175
38 129
49 209
19 206
49 169
21 97
43 44
32 98
21 238
18 286

27 104
25 104
33 154
20 209
32 145
43 45
26 263
25 22
18 218
20 57
15 78
12 175
44 22
37 74
43 284
35 262
29 90
22 202
11 126
11 285
38 280
33 277
49 25
44 224
20 250
49 109
27 174
36 114

22 136
16 277
41 251
13 150
15 224
25 297
35 107
24 299
20 177
17 197
29 117
20 189
48 227
10 61
29 33
12 99
46 44
39 272
33 193
10 58
19 268
28 90
32 33

15 61
12 117
47 171
44 58
18 111
18 234
13 289
11 225
18 172
21 62
47 32
37 287
18 249
27 289
29 67
40 99

24 119
33 85
12 191
31 169
40 250
31 297
32 76
17 260
42 298
23 121
40 27
47 194
26 275
41 135
43 217
41 200
34 272
35 270
30 114
28 72
47 46
24 156
36 200
19 170
41 212

15 161
50 202
12 45
16 281
30 260
18 268
50 176
37 76
26 161
39 148
12 204
49 131
18 277
41 287
19 288
29 149

23 285
41 147
49 187
20 98
40 260
20 106
16 91
13 228
25 245
10 30
40 63
49 233
43 56
12 75
47 45
46 25
48 220
10 230
29 179
26 133
48 31
48 175
19 202
20 297

11 211
36 226
41 133
37 264
11 176
19 230
10 98
40 133
20 196
44 245
49 200
23 132

18 300
38 211
23 18
47 239
48 293
18 160
46 16
16 195
13 238
50 189
30 32
10 217
17 90
30 50
26 26
39 135
48 143
50 186
11 102

25 234
13 30
17 38
50 253
30 140
13 251
38 57
19 256
11 196
17 61
21 123
34 68
11 143
44 246
21 276
10 272
25 15
50 180
19 248
40 51
44 227
46 236
30 21
15 96
29 220
37 78

28 53
38 275
16 229
29 204
45 122
23 172
43 221
18 77
50 172
31 227
34 106
50 33
23 28
49 179
40 104
20 64
32 184
22 149
39 164
46 286
50 272
14 54
22 243
23 19
39 254
42 272
13 172
22 150
20 228

29 99
27 230
34 189
31 89
28 71
21 83
32 214
12 138
41 154
21 298
42 216
20 12
37 113
25 48
43 217
26 133
33 107
30 72
22 263
11 196
10 49
19 29
42 23
48 193
18 278
36 228
27 253
27 128
40 89
11 101

19 84
40 219
39 281
37 244
35 225
28 40
21 61
30 254
19 289
33 106
15 221
34 90
50 272
49 287
50 255
26 287
46 177
26 202
10 90
46 109

19 235
46 267
49 245
31 177
16 151
30 219
20 286
22 175
49 83
30 109
11 143
25 252
17 42
28 252
49 146
35 89
19 287
36 177
19 113
16 262

20 62
28 263
43 211
18 99
29 181
11 171
41 210
37 237
44 150
37 85
46 203
46 94
43 53
16 171
19 140
42 79
32 209
17 181
25 297
11 103
47 62

16 215
38 242
44 274
10 38
31 267
39 265
34 125
43 104
19 119
11 190
36 129
38 50
37 121
46 263
39 277
42 96
13 74

30 210
42 246
26 100
16 199
16 25
22 15
30 108
10 256
28 171
41 66
41 242
48 124
17 96
45 130
17 17
25 157
43 226
45 286
12 275
21 250
14 272
16 73
45 204
30 135
16 273
40 300
21 159
21 64
12 149
37 78
11 85

26 54
50 24
26 145
49 223
33 182
25 35
34 169
45 170
25 270
36 186
38 283
39 192
24 178
42 220
32 280
19 242
26 224
37 128
24 208
34 282
41 294
16 182
41 294
48 61
18 267
11 61
20 124

16 298
47 178
21 297
29 53
50 246
38 194
25 164
48 239
38 281
41 289
34 239
33 141
33 175
40 240
27 181
38 143
41 234

13 286
44 175
30 221
24 203
18 58
38 257
28 247
38 104
17 168
38 141
42 68
23 157
33 300
26 35

24 118
49 273
43 203
37 68
34 87
16 280
40 205
11 266
36 33
42 119
30 286
19 213
22 43
46 127
10 12
21 116
14 175
26 165
29 242
45 239
17 284
15 14
23 82
49 63
32 120

30 81
12 116
14 51
38 246
18 154
18 177
28 109
10 192
10 265
12 230
46 210
42 12
11 263
40 98
11 265
33 216
22 243
43 85
16 165
12 104
45 205
13 124
17 116
10 121
45 88
50 17
37 24
47 42
42 89
22 96
39 139

17 252
44 52
17 33
42 82
33 247
41 58
24 72
32 176
17 245
12 266
18 220
37 180
45 85
24 193
35 145
41 214
44 43
38 241

19 65
47 46
18 56
26 98
41 124
22 231
42 80
16 114
25 199
31 35
42 183
49 71
30 155
14 21
18 138
35 44
22 240
45 50
37 137
16 164

23 279
19 202
25 232
24 278
37 53
28 128
46 170
25 30
28 289
17 167
45 281
11 171
46 43
15 266
16 155
36 216
27 217
32 133
11 80
28 170
35 122
33 136
50 101
14 215

10 10
20 43
42 76
34 292
19 172
29 216
48 102
21 79
12 237
34 249
21 214

30 221
29 113
12 155
44 174
14 215
37 220
38 230
47 259
37 68
24 101
49 206
34 36
11 285
32 150
10 45
33 52
35 263
13 184
40 34
29 254
15 159
37 287
37 146
43 133
37 189
22 259
43 216
10 238
36 23
39 97
49 104

23 235
37 137
13 65
22 59
36 226
46 267
34 233
23 199
39 208
27 279
29 30
36 103
37 169
18 276
33 68
40 293
15 203
23 103
36 65
28 38
13 136
29 282
16 115
15 124

14 297
44 154
42 279
38 241
28 50
10 47
48 237
35 165
14 172
15 175
14 129
22 109
31 18
38 15
18 236

24 292
41 50
44 70
46 73
27 156
12 110
48 49
46 186
26 61
35 205
20 255
37 92
18 176
47 78
20 200
16 131
24 75
20 20
28 37
35 131
41 273
25 114
17 181
34 248
41 237

23 44
40 19
18 131
21 272
46 186
45 94
49 121
44 191
20 61
11 89
27 255
16 144
48 218
14 295
13 250
22 228
23 84
47 282
34 179
42 163
38 25
14 96
44 276
31 30

14 244
26 271
37 175
25 298
17 103
30 248
16 169
42 237
25 67
43 91
29 98
47 62
32 287
26 97
22 135

28 278
10 227
40 194
20 271
50 112
39 32
21 220
13 139
10 52
19 174
40 77
43 230
35 11
13 138
14 266
41 103
12 162
30 204
29 120
25 98
10 203
17 160
40 269
18 147
17 40
47 265
47 71
23 125
21 183

15 247
12 281
13 257
49 83
31 117
27 105
12 73
41 57
19 198
40 74
28 295
31 250
26 18
29 23
44 211
32 99

19 122
20 299
50 282
30 13
32 69
22 232
48 216
11 212
45 263
24 85
49 148
16 291
50 211
35 215
28 149
48 183
44 63
25 211
33 231
16 163

14 287
24 194
44 183
35 240
38 229
46 195
26 157
27 32
36 38
35 127
46 275
37 132
17 109
12 60
50 175

