100

22 81
45 132
11 276
18 80
39 27
11 174
29 86
40 109
29 182
46 187
43 179
24 140
14 238
48 271
19 45
25 274
27 293
34 65
48 148
41 261
43 14
11 211
11 141

30 43
19 259
38 61
37 94
12 44
34 65
42 73
12 298
46 95
31 145
45 202
29 172
41 296
32 53
47 16
15 39
25 252
46 45
28 27
48 206
22 89
24 211
19 18
46 60
16 155
39 265
29 238
10 57
33 43
27 79
24 138

13 262
38 174
48 125
18 107
13 41
42 15
10 111
30 120
30 293
47 257
12 136
49 234
11 203
17 41

29 103
39 296
35 67
27 15
18 209
23 144
17 89
23 294
44 187
18 264
28 140
35 31
46 198
18 78
50 256
31 173
17 18
43 27
32 103
32 129
11 210
23 163
31 221
35 211
29 103
36 52
11 66
45 283
34 258
27 254

20 79
13 67
43 67
24 213
39 106
15 92
40 185
50 33
18 141
41 64
10 271
28 83
15 194
18 234
31 281
37 297
42 19
24 117
41 64
44 26
15 287

10 127
32 52
27 157
38 188
39 182
29 76
29 92
49 271
20 153
42 20
35 50

17 124
27 179
15 40
10 130
25 217
47 299
38 114
45 175
36 178
14 31
24 298
37 294
50 211
34 296
18 104
48 72
25 166
12 29

22 52
11 23
44 29
23 169
15 130
26 44
11 145
29 127
39 184
44 44
48 256
42 232
46 120
43 238
41 82
19 253
17 89
40 106
39 15
39 259
22 31
36 252
17 62

22 251
19 103
25 160
41 175
42 169
18 28
31 108
28 267
26 58
19 279
42 122
35 294
45 241
37 235
19 141
23 247
12 67
44 109
37 297
45 72
46 248
30 169
32 200

12 111
49 203
47 224
36 154
49 89
25 240
31 50
32 56
15 261
37 103
35 279
50 210
44 11

11 191
38 62
22 177
20 185
14 250
33 120
42 162
10 175
18 42
45 210
31 54
15 237

23 27
19 200
46 290
28 268
36 159
27 36
21 151
32 74
33 79
25 94
25 91
31 202
37 255
26 206
47 153
18 82
20 81
37 278
28 259
32 35
18 217
10 137
19 48
35 99

12 280
47 41
43 76
29 112
13 76
11 69
30 37
34 93
28 166
28 175
28 163
35 127
17 39

13 131
39 252
20 158
26 68
31 82
23 237
24 238
31 267
50 118
47 114
24 294
42 77
16 246
47 300

13 108
33 196
14 54
18 234
34 154
48 66
37 131
19 81
26 205
32 28
34 208
17 229
33 238
22 89

24 28
38 264
35 136
43 78
47 66
23 72
15 40
16 255
10 216
30 87
33 224
30 223
40 123
29 95
16 222
38 204
22 254
23 128
45 146
40 192
22 182
30 247
43 115
40 196
38 263

27 120
19 60
21 224
14 220
31 262
18 71
17 227
45 88
45 202
47 251
33 82
39 181
16 201
11 101
13 211
40 21
25 30
43 30
25 300
39 143
23 225
33 127
45 114
38 99
35 16
16 291
15 62
19 238

13 298
31 58
11 89
17 201
20 117
16 300
25 99
18 280
26 231
49 27
27 127
31 24
32 68
35 121

23 152
50 297
40 277
30 212
27 57
44 17
27 233
13 168
29 43
37 175
20 147
48 298
25 201
17 110
33 84
20 18
13 132
12 157
19 266
43 123
34 35
16 250
40 152
10 132

25 118
17 97
27 251
39 131
23 289
31 261
50 102
28 150
50 203
47 95
39 274
19 259
31 233
16 35
12 160
36 44
50 48
35 115
11 246
14 201
36 185
47 167
17 229
42 281
18 15
11 280

22 208
48 147
47 121
50 187
49 187
18 173
26 28
41 103
38 227
36 136
44 281
16 233
25 224
15 98
22 229
38 282
20 12
21 207
43 12
33 144
12 171
27 200
12 228

20 162
39 60
35 55
14 205
32 242
42 250
40 264
36 244
24 196
45 30
43 169
34 162
22 284
34 170
32 209
18 214
30 275
13 112
49 116
11 224
18 133

11 294
17 51
44 92
15 238
16 125
24 127
10 131
48 144
21 81
21 192
43 136
48 137

24 158
49 158
50 222
23 74
48 277
24 244
39 92
31 244
28 185
42 208
22 110
37 139
24 206
45 261
31 232
10 93
12 217
37 270
46 156
10 20
21 226
28 142
36 32
10 281
39 119

29 36
44 219
37 97
46 189
23 194
11 132
44 105
23 161
15 183
39 86
41 191
25 61
31 202
18 267
19 202
15 79
47 109
27 223
24 11
15 249
25 176
10 114
47 300
21 38
16 29
13 98
41 203
27 50
34 13
45 129

23 154
42 12
10 140
17 78
11 130
13 15
24 220
47 72
12 128
36 136
27 293
10 33
46 94
38 232
37 204
36 262
37 175
28 240
43 196
14 29
36 105
38 211
42 185
10 297

15 278
39 30
21 178
37 145
37 27
41 294
39 18
49 219
27 158
49 242
34 250
19 292
10 185
48 14
42 114
27 32

28 139
27 287
25 139
33 257
31 186
47 70
34 62
35 221
34 261
24 258
43 119
40 126
30 279
20 288
16 215
36 132
13 232
43 209
50 82
42 71
30 279
20 59
31 61
31 91
19 265
44 207
44 18
28 76
39 297

11 110
38 20
37 300
30 273
39 93
23 286
40 149
26 26
27 234
49 245
39 63
40 184

14 117
44 247
14 236
18 274
42 75
40 76
21 175
26 253
40 158
32 274
37 280
34 205
14 11
13 232
38 149

26 164
24 21
37 110
29 142
20 281
14 44
30 98
40 232
42 119
19 233
33 207
47 293
13 131
33 294
31 72
21 275
28 245
43 236
23 145
42 116
38 275
30 246
42 213
50 209
42 258
27 141
33 103

14 294
46 61
42 111
10 214
34 287
49 196
32 121
42 19
40 137
16 178
50 34
29 16
26 191
48 85
34 199

25 72
44 20
21 43
17 56
47 252
19 184
18 68
48 264
46 29
37 56
25 264
38 90
50 277
27 281
20 263
49 271
10 160
47 227
12 71
30 133
38 142
46 272
30 161
30 147
47 234
20 146

21 33
35 278
14 202
49 146
39 238
23 19
40 10
30 24
29 277
17 104
31 144
44 254
49 213
26 126
16 20
49 215
18 113
41 209
13 190
29 48
48 132
35 267

25 142
47 260
45 188
34 223
47 75
50 93
49 20
37 26
44 157
40 14
15 209
16 126
50 277
13 228
10 169
49 244
44 150
41 171
30 188
14 148
39 232
30 73
17 169
18 109
45 203
21 299

21 170
16 111
38 50
25 132
21 260
46 287
28 115
26 150
48 234
15 189
47 287
12 25
38 13
16 288
33 149
42 229
12 129
50 47
19 67
43 171
25 90
33 26

21 297
14 30
38 276
44 263
23 55
49 43
38 120
40 71
47 145
24 69
41 25
23 61
29 169
43 275
35 292
22 291
20 150
16 196
25 206
37 109
40 194
40 246

30 189
46 206
15 111
45 198
33 125
23 268
25 105
43 138
38 57
28 205
24 275
30 237
27 166
39 128
11 243
15 40
31 136
30 191
48 107
29 199
40 32
50 16
42 94
26 80
31 180
46 152
38 22
48 120
46 67
30 195
28 163

14 280
14 160
37 267
40 205
24 131
28 72
33 35
28 208
36 104
27 64
25 169
38 146
18 151
46 233
46 171

30 211
39 200
44 171
21 68
16 266
39 197
29 247
47 229
40 84
38 67
17 212
15 11
29 148
44 81
40 269
28 198
29 41
20 211
45 285
20 114
35 202
28 185
19 17
28 201
38 149
40 189
16 111
33 170
33 267
10 204
46 295

13 190
21 168
12 242
24 275
49 74
26 151
22 166
34 199
44 91
43 258
34 160
50 14
42 137
29 290

30 163
15 299
43 143
16 154
13 107
17 72
29 240
23 125
18 243
18 144
26 87
34 267
15 264
12 280
18 175
32 210
11 213
26 71
39 299
27 275
42 227
37 191
28 76
22 290
20 23
26 245
14 256
25 274
48 265
48 164
41 170

25 90
12 239
29 55
10 57
29 190
19 55
22 267
30 94
33 299
24 150
26 148
21 205
28 154
17 52
15 90
17 159
44 188
16 99
35 85
12 298
44 270
17 20
21 205
46 70
17 299
41 132

17 173
15 248
21 270
15 249
15 268
43 52
45 125
38 128
19 219
20 272
33 260
22 283
41 246
24 126
45 210
35 34
26 187
33 173

19 192
27 92
41 144
42 37
15 99
16 188
50 50
23 135
19 73
43 150
29 269
16 271
37 77
34 190
22 46
39 167
30 105
47 100
29 27
30 136

30 241
19 140
25 185
35 293
40 280
25 232
41 264
47 11
33 115
15 287
28 209
28 161
29 152
27 19
11 71
46 92
17 86
16 87
35 223
16 213
36 156
19 182
43 135
27 119
16 230
10 282
43 153
43 213
15 58
24 160
16 245

26 21
39 175
16 140
34 295
29 294
40 261
25 299
33 48
34 132
18 43
46 120
27 105
20 56
35 73
14 33
26 263
17 14
19 63
36 178
20 212
48 262
10 78
43 69
36 240
27 14
25 70
13 52

15 257
39 214
29 97
40 252
44 196
22 19
37 263
37 286
14 259
23 109
42 144
33 222
16 109
34 119
48 72
40 256

11 292
33 248
30 108
34 31
48 300
17 34
42 287
33 96
50 130
22 177
25 20
39 299

21 253
29 255
32 139
30 263
33 242
38 145
22 202
31 288
17 237
20 89
48 121
45 52
26 234
38 57
30 138
49 236
10 98
19 111
21 230
32 289
29 242
24 253

12 121
29 155
45 177
36 57
35 16
28 195
48 294
43 155
39 143
16 88
11 287
25 178
26 92

28 210
39 86
32 121
37 102
37 221
30 287
27 148
37 145
34 126
25 150
14 65
24 22
48 298
37 145
41 27
31 243
32 237
11 237
19 162
26 66
33 271
26 290
34 265
37 287
30 198
32 21
36 184
21 156
24 55

18 247
41 256
28 68
17 38
33 210
23 136
12 197
32 202
35 146
13 145
39 70
49 122
38 277
22 248
43 32
40 28
10 76
40 81
17 288

24 75
46 140
18 191
14 171
39 265
45 73
10 224
32 159
31 28
42 254
21 120
45 26
10 72
21 21
34 252
20 82
40 95
46 291
28 200
38 55
29 266
43 257
43 214
27 252
19 196

22 194
14 276
14 294
50 213
19 69
45 96
15 143
36 25
14 177
32 180
49 134
31 113
12 130
50 156
47 126
37 97
27 88
24 29
12 130
17 281
50 113
22 49
41 47

19 214
12 243
25 175
30 133
40 236
25 46
14 182
14 56
30 138
11 218
26 137
28 205
47 150
46 129
47 196
31 284
14 40
41 187
40 181
13 293

25 109
18 280
11 147
40 157
16 267
39 242
22 152
20 86
48 149
37 103
19 167
32 196
28 218
47 22
28 278
46 45
14 99
44 75
48 109
43 158
10 230
26 191
15 97
29 214
41 20
34 149

17 64
23 114
23 20
47 45
28 127
34 115
19 32
47 135
17 238
31 24
14 121
33 247
12 280
36 90
35 165
28 54
29 296
26 47

26 89
16 19
36 200
20 174
35 45
28 49
30 103
36 182
30 106
16 42
16 166
20 57
33 288
23 254
28 148
17 83
18 44
48 149
48 191
35 70
48 61
26 219
37 232
15 62
24 268
13 102
12 81

17 153
47 262
43 243
43 189
47 200
34 40
17 96
45 237
14 82
40 287
47 112
39 22
29 82
19 97
33 86
45 205
23 287
43 162

22 55
35 153
10 225
29 202
35 60
15 142
16 215
39 167
38 60
25 243
30 221
29 67
44 66
39 157
33 247
29 147
26 159
12 248
22 50
20 171
28 99
26 128
26 144

24 20
13 183
31 191
18 211
36 135
28 124
30 11
45 229
18 286
43 200
48 146
20 231
31 185
21 45
23 190
19 22
23 58
39 292
14 133
33 280
49 71
21 262
40 100
44 230
34 108

10 69
20 250
49 202
20 160
25 54
12 25
46 131
47 181
28 72
30 283
34 108

28 69
43 180
29 231
46 92
13 263
49 101
19 54
11 82
19 213
13 242
30 244
18 51
20 51
14 253
45 198
14 89
49 175
38 171
47 146
15 238
12 157
15 96
38 250
40 48
14 154
47 68
16 38
20 63
14 25

23 189
15 58
43 256
30 161
49 101
41 292
16 121
27 296
50 81
30 96
18 109
48 38
35 197
42 160
35 158
38 77
37 291
16 207
25 287
44 242
17 67
18 13
23 226
50 215

12 96
39 117
15 23
50 298
17 107
35 81
19 254
50 257
18 259
33 190
35 35
18 230
10 81

23 68
17 154
26 59
28 97
29 228
23 67
46 292
43 197
29 53
26 96
10 67
12 44
16 64
35 237
44 180
48 60
22 222
45 256
28 50
13 14
32 267
48 236
49 214
19 164

20 157
38 282
11 121
11 201
28 226
31 177
25 234
45 244
30 58
20 37
19 195
49 55
43 131
17 195
32 145
46 270
37 174
42 161
12 42
45 271
49 293

12 77
18 29
33 178
44 280
20 282
11 212
41 226
11 150
40 204
10 201
27 22
17 119
38 164

25 286
15 76
18 136
20 93
50 61
27 224
13 267
49 199
27 251
49 268
15 235
31 50
44 129
38 275
22 214
14 195
29 263
32 33
35 18
19 34
37 251
11 296
28 51
20 59
13 163
32 173

29 294
28 248
14 164
16 277
15 230
31 31
13 142
15 194
33 40
25 96
30 125
17 72
32 29
40 70
30 41
12 214
22 259
31 25
34 146
49 182
22 219
38 284
36 93
22 120
31 94
42 97
44 88
32 152
34 221
30 205

12 274
50 15
46 32
30 27
43 120
38 76
49 201
41 22
16 16
12 298
46 87
28 26
42 144

11 231
31 82
14 32
49 163
45 283
12 87
22 158
30 179
42 243
20 177
24 222
19 48

20 66
31 23
15 115
34 185
38 91
48 272
47 35
35 50
26 256
13 186
27 232
25 180
45 285
12 37
15 148
31 143
26 297
42 12
33 245
16 68
37 185

13 147
31 35
43 100
12 169
48 213
42 151
46 114
31 137
36 207
45 108
46 191
19 234
18 237
49 160

12 235
33 119
28 22
19 52
25 140
31 220
25 171
47 259
42 48
32 95
18 61
28 218
34 101

23 90
32 255
34 197
27 108
40 156
16 125
11 46
10 300
18 148
18 104
22 28
10 180
20 189
40 14
18 252
33 128
36 278
33 135
41 264
50 263
31 229
43 197
22 205
49 89

10 153
30 50
18 251
36 59
49 264
46 118
23 259
10 162
25 222
21 268
32 169

25 183
45 284
49 300
18 240
44 169
32 124
27 142
41 85
23 111
46 53
29 49
24 71
48 120
11 203
43 25
26 213
42 110
10 29
30 272
19 146
37 39
29 58
40 273
31 99
34 100
30 134

15 263
46 103
20 172
48 160
30 24
27 272
28 283
19 204
44 282
12 139
14 179
30 17
24 142
41 75
32 40
10 172

14 215
47 177
39 165
26 30
15 169
45 292
32 219
25 262
37 193
47 249
46 47
22 228
44 247
49 82
40 128

29 192
37 137
31 212
31 159
16 287
21 67
49 293
39 10
39 47
22 200
47 263
20 255
47 95
36 29
45 281
46 170
13 19
18 36
32 152
39 231
18 129
39 86
10 280
28 127
14 13
20 189
44 45
31 241
19 87
42 161

16 36
37 166
48 32
30 96
31 153
10 246
12 290
29 124
46 103
36 15
20 254
25 166
24 97
24 273
42 257
38 30
12 168

13 129
15 145
40 242
40 31
37 130
22 78
15 183
15 250
19 45
21 187
13 246
39 261
49 218
35 218

24 227
50 211
36 90
30 236
35 224
21 195
24 57
12 94
25 163
26 260
13 196
23 158
39 190
34 43
16 298
41 197
18 148
24 70
27 180
15 134
30 257
34 214
21 220
46 33
16 185

16 173
12 157
42 42
45 44
16 292
14 283
21 33
41 31
33 36
14 79
39 128
34 122
21 221
47 161
25 53
35 178
28 81

29 85
35 95
46 254
31 162
18 187
13 73
35 174
35 33
45 125
34 153
13 183
25 219
13 235
19 123
50 276
10 218
48 133
22 240
42 91
44 60
15 106
22 86
10 91
21 157
45 233
28 111
30 72
49 187
34 162
17 292

23 226
19 81
38 72
16 19
18 76
15 34
50 142
11 190
21 289
44 221
47 143
38 13
23 250
12 213
17 49
22 132
33 202
18 61
26 228
13 159
20 100
16 72
44 47
31 82

22 127
18 100
41 253
36 218
13 152
17 141
19 257
41 84
11 233
21 221
32 257
17 237
10 254
24 135
13 202
45 99
34 198
20 204
41 49
14 162
26 215
48 124
47 220

27 58
29 280
33 254
10 123
19 185
37 11
46 207
25 69
27 43
14 211
15 263
20 191
25 163
16 95
15 114
24 296
18 277
41 289
28 37
45 18
49 47
33 12
27 193
41 112
33 102
27 19
29 269
17 88

11 173
45 124
23 48
18 251
21 50
36 190
33 162
12 237
14 256
31 260
49 25
32 137

27 246
15 164
16 168
16 237
39 180
14 247
34 144
25 211
32 97
24 249
39 264
44 296
39 189
28 138
33 168
24 84
19 121
31 55
11 170
39 48
41 212
25 49
15 218
28 161
33 18
14 268
29 18
34 220

16 151
33 134
14 204
39 295
12 125
49 39
20 213
27 226
47 149
34 199
42 100
21 261
29 32
41 183
45 106
33 271
22 35

16 97
45 146
17 106
44 139
31 257
14 131
25 211
34 230
31 44
23 65
21 274
33 190
34 68
38 63
47 122
18 221
25 156

20 145
23 59
20 255
46 181
10 129
43 258
46 15
46 138
37 143
46 244
41 288
38 239
22 11
46 267
36 160
28 164
35 45
24 176
19 79
13 176
43 176

24 231
32 291
45 20
22 30
36 66
14 72
28 32
42 80
36 40
45 66
39 52
18 259
37 153
23 89
22 153
33 102
41 150
13 133
15 12
36 183
25 197
36 229
26 107
36 61
44 254

21 181
32 81
15 196
18 24
18 198
30 201
11 201
50 106
48 111
25 126
26 264
42 26
20 139
17 147
43 64
19 132
16 258
23 29
48 177
50 87
34 39
19 140

27 242
21 240
50 208
49 265
19 50
20 22
12 104
16 216
15 232
22 20
16 19
46 105
48 161
14 271
40 268
25 282
45 54
24 145
20 218
46 175
47 228
44 243
30 181
47 10
44 54
24 104
45 164
23 39

14 160
42 137
10 179
49 264
17 164
36 299
28 36
41 192
18 244
31 70
47 267
18 55
43 265
18 249
45 247

29 80
12 236
45 24
30 42
18 66
25 130
30 48
36 265
37 19
44 40
32 56
24 199
43 279
11 85
32 298
33 175
48 214
38 270
18 90
23 12
29 143
12 89
35 153
17 131
33 108
18 160
34 18
26 194
47 164
19 101

