65

21 112
23 105
33 11
50 93
40 261
39 60
39 28
35 278
25 122
21 208
43 110
27 213
47 251
36 67
27 259
35 86
35 217
48 209
45 190
13 102
27 142
48 234

28 18
39 238
29 20
39 250
22 68
13 86
38 223
15 261
35 133
32 242
50 63
34 266
41 60
31 209
18 55
27 241
18 24
21 283
38 70
29 280
43 240
42 216
40 88
44 90
50 242
40 265
49 144
43 272
30 144

24 129
43 41
23 243
30 71
50 117
12 228
15 218
44 206
32 201
25 291
14 258
41 270
29 106
18 94
46 290
43 184
12 300
43 280
29 125
45 48
34 146
34 153
26 212
12 37
21 83

29 82
18 73
42 194
34 221
35 55
32 121
24 178
29 213
50 90
21 91
49 94
24 186
27 15
46 241
35 46
27 170
22 273
21 98
11 156
14 125
23 210
44 52
45 64
26 197
25 183
36 48
33 87
29 19
41 299
40 55

10 35
46 73
24 118
28 21
38 221
36 300
19 112
21 71
20 61
37 184
46 244

10 273
33 136
11 130
50 210
26 39
44 58
41 192
43 284
31 156
30 259
14 222

22 33
45 224
48 135
30 43
25 174
10 193
39 23
41 68
14 14
28 43
46 53
28 232
39 207
46 245
40 137
27 173
37 97
50 148
21 31
23 29
22 132
45 184
50 151

29 157
14 37
16 216
48 113
40 70
29 176
49 244
27 129
44 173
44 217
12 285
38 251
15 123
34 91
29 272
25 237
10 113
49 52
50 14
38 26
14 79
35 222
23 299
39 79
31 48
17 99
27 252
10 152
36 85
32 89

26 202
39 179
50 238
18 176
11 241
11 226
45 246
23 143
40 113
46 95
10 78
34 150
20 191
24 15
18 167
21 156
41 268
27 96
44 80
48 235
29 223
21 126
27 227
17 52
39 292
45 36
30 229

20 265
17 122
33 208
17 149
26 263
40 60
15 198
50 155
19 17
13 45
16 98
49 111
40 93
43 77
21 176
40 280
41 255
11 53
10 80
32 246
31 234

15 80
40 215
13 175
44 178
38 288
15 49
26 64
31 92
48 85
10 172
13 258
45 191
40 295
49 143
33 217
23 261

15 39
36 31
41 222
21 159
38 130
40 124
29 104
25 33
27 38
41 128
42 145
24 145
12 116
44 70
49 67
11 155

10 133
15 195
33 259
14 254
47 41
26 292
16 97
24 209
12 212
43 205
43 184

25 105
14 96
49 23
16 19
30 201
17 202
40 210
37 220
11 183
21 138
48 26
31 54
33 195
27 144
18 265
15 156
12 10
22 192
50 217
30 176
47 182
37 211
10 174
50 47
49 49
26 40

10 267
35 290
37 228
10 71
49 228
32 201
29 127
11 179
36 284
50 46
35 300

23 92
18 46
42 70
33 163
33 68
25 75
47 73
22 178
15 207
15 111
39 38
12 281
24 32
18 126
37 177
26 107
33 30
30 110
37 182
22 159
26 291
48 35
27 49
45 10

27 130
44 134
41 195
43 92
39 259
15 117
37 286
23 254
26 106
24 124
47 244
42 222
17 182
21 14
31 87
22 262
50 182
28 199
34 299
17 111
25 39
49 149
29 124
17 189
29 245
19 249
30 291
29 75

27 173
31 87
13 140
34 92
32 252
27 147
42 104
19 121
28 215
40 99
44 30
16 88
47 270
29 237
49 271
45 113
15 178
44 127
32 192
44 20
34 13
21 71
16 146
46 74
39 223
45 117
23 159
44 198

20 251
32 60
13 181
35 77
33 281
24 73
18 258
41 195
50 295
41 209
15 268
28 123
24 54
32 37
16 299
15 266
28 135
22 265
28 111
10 32
49 189

16 84
42 117
34 160
33 134
32 245
24 169
41 117
39 297
15 124
42 232
20 88
32 216
48 231
41 162
22 11
25 34
47 266

17 152
31 227
22 287
39 24
44 46
21 57
35 41
14 70
24 68
14 285
29 30
25 244
31 58
47 184
29 249
50 23
25 279
16 143

28 298
45 223
35 165
27 62
24 201
50 171
45 111
22 168
49 84
12 15
28 284
21 258
48 254
23 60
16 54
46 108
38 68
27 231
26 133
40 278
26 143
32 286
48 81
16 71
40 10
25 200
25 210
43 79
48 112

29 40
30 295
36 270
25 143
42 210
33 58
12 200
37 287
33 136
16 24
28 175
11 249
34 256
35 206
32 254
14 62
18 123
32 159
11 269
23 233
23 98
47 263
36 157
31 102
32 270
11 28
12 149
29 62
18 78
13 171

22 41
37 146
44 161
46 208
21 289
43 70
43 181
12 24
46 117
24 206
19 180
35 171
10 233
22 196
16 203
37 132
24 45
13 26
40 297
40 109
50 35
25 115
35 287

27 261
17 221
38 95
33 217
28 292
34 144
49 48
38 296
34 74
44 107
45 172
33 184
38 142
25 235
43 159
25 224
26 186
48 59
26 43
49 285
32 42
38 275
15 231
28 94
37 154
37 10
13 173
15 74

12 219
35 207
13 154
31 65
22 141
34 54
50 104
41 263
17 180
40 34
30 178
36 270
39 187

20 143
15 23
39 207
26 247
12 134
28 78
12 195
25 232
22 22
15 64
16 255
25 180
22 44
30 281
40 92
46 276
11 282
31 267
22 157
16 48
22 161

20 32
27 87
19 28
24 113
13 68
50 225
36 115
46 133
19 75
10 145
34 97
32 37
19 24
34 82
26 98
41 63
43 124
10 122
26 299
19 298
42 259

21 179
21 221
21 291
19 32
13 281
23 233
34 165
32 16
48 272
49 141
26 207
15 52
44 85
14 183
25 76
47 237
33 159
13 275
22 179
50 189
29 267
34 138

10 248
32 63
49 241
45 155
29 90
20 95
18 272
49 298
45 219
14 183
45 210

19 291
38 102
21 56
26 89
15 271
22 184
15 193
38 131
47 39
31 173
35 16
30 110
15 236
42 52
26 280
46 53
29 33
38 236
30 23
30 127

29 181
19 53
10 179
23 189
40 144
41 137
33 230
12 231
11 65
35 96
36 64
15 243
33 151
12 147
36 129
43 76
21 223
11 230
18 157
46 257
33 128
23 34
40 28
31 32
15 202
16 181
29 20
21 183
13 258
18 39

22 26
29 208
29 34
15 283
44 172
23 275
42 293
30 74
27 192
10 117
50 205
28 232
18 27
19 82
25 87
19 162
49 270
17 19
28 155
31 99
42 14
48 131
13 166

25 68
13 192
30 40
31 300
45 217
47 87
27 282
37 97
31 161
14 256
41 240
18 32
49 236
41 142
10 236
43 63
32 61
44 133
24 174
25 153
48 117
33 79
24 276
44 47
28 44
28 190

11 217
34 252
41 182
39 276
25 206
45 248
36 90
12 139
41 192
24 63
16 58
37 193

20 152
36 87
12 28
19 224
41 208
28 235
17 130
39 225
47 282
46 288
50 170
26 120
22 240
39 22
38 86
48 249
14 147
12 240
28 81
15 192
12 15

12 193
38 248
16 44
19 84
40 29
48 121
50 267
12 291
16 229
44 179
40 236
21 32
14 94

14 244
47 267
49 30
18 58
50 21
46 254
14 236
40 116
47 90
26 286
39 27
34 204
48 106
32 178
43 70

26 158
26 248
21 95
45 91
21 44
17 195
39 206
45 208
31 240
30 160
40 210
23 253
21 40
41 222
37 111
18 255
14 217
34 170
43 242
19 19
46 22
32 83
36 113
25 144
25 51
35 194
50 80

30 90
43 84
44 137
17 130
14 294
22 210
49 232
39 66
14 84
20 88
28 259
30 151
34 73
26 76
43 92
31 119
28 33
11 111
22 67
25 261
11 245
44 252
17 24
49 110
41 265
11 242
13 285
18 187
11 150
12 125
11 193

10 158
48 300
19 39
44 233
33 144
25 100
34 165
34 285
45 188
23 28
44 49

10 157
24 71
10 55
16 164
19 254
32 50
15 137
29 71
46 219
22 289
42 194

19 145
11 87
28 88
39 38
14 250
16 43
29 273
46 167
26 250
40 93
23 160
26 155
12 276
31 108
29 119
18 192
17 281
32 268
31 89
18 261

10 273
19 166
43 130
25 212
18 281
34 163
16 88
26 62
12 24
42 198
30 185

11 71
27 191
43 241
22 142
23 244
40 139
48 28
10 139
28 84
26 271
46 90
20 116

27 187
31 224
38 179
21 156
42 66
26 168
45 56
34 102
44 22
42 300
23 203
31 41
45 117
16 170
35 105
10 15
38 141
22 131
33 276
29 232
38 243
41 53
18 134
25 215
47 139
37 10
28 198
33 192

10 163
40 117
10 104
27 77
46 160
14 37
44 116
33 216
36 64
39 213
35 74

17 259
49 297
26 40
13 26
50 30
39 176
13 273
47 111
27 161
14 257
35 28
30 168
39 215
48 149
31 180
48 131
45 156
47 158

26 212
20 30
25 44
30 104
18 207
34 60
34 141
14 252
50 242
47 143
29 260
19 255
23 218
41 139
25 137
46 158
23 299
26 104
18 256
47 122
29 200
39 282
33 202
14 88
37 174
35 96
43 81

16 121
31 239
35 22
23 42
27 208
49 97
17 296
22 201
40 274
24 228
47 36
36 144
24 243
42 254
44 32
47 183
48 17

24 61
49 215
35 277
45 164
48 297
28 264
12 84
46 128
42 36
47 55
49 163
32 262
24 171
32 36
21 43
25 164
48 84
23 243
40 198
21 209
28 129
31 97
35 265
49 257
28 249

29 105
28 293
50 219
33 150
21 90
10 16
16 33
15 134
47 110
35 276
31 179
47 232
41 76
14 123
10 290
43 210
21 259
49 255
15 228
25 20
45 94
40 24
16 30
35 297
28 79
38 12
13 111
40 31
28 88
10 258

16 31
47 291
34 83
40 119
42 243
27 233
45 249
40 107
40 16
22 18
32 74
39 247
41 176
21 118
10 299
33 161
28 179

24 17
27 295
40 110
14 259
23 271
14 60
32 82
11 178
11 214
28 289
18 231
33 205
28 193
44 253
29 181
26 183
23 153
40 62
50 294
15 176
50 79
37 159
45 281
16 146
35 65

13 98
11 234
41 278
40 230
36 122
11 176
13 189
47 96
29 114
38 134
28 286
15 153
20 218
37 40

29 39
22 186
38 110
15 66
45 158
19 255
40 19
35 141
49 113
37 259
20 252
46 36
34 229
43 179
40 232
40 242
22 152
26 168
40 288
26 37
10 215
16 179
45 162
28 47
29 74
30 124
30 82
41 289
18 238
27 167

25 144
10 44
22 150
20 199
21 42
30 260
47 235
45 164
48 153
19 271
19 192
36 128
50 133
46 76
29 108
39 269
43 275
50 93
28 81
28 55
34 164
34 196
20 34
29 64
11 160
26 185

24 45
30 295
24 203
16 119
16 232
43 132
34 53
18 149
19 182
19 150
18 253
46 36
49 87
38 107
41 71
45 164
26 69
35 34
22 140
18 112
42 26
28 172
29 106
37 21
18 180

15 58
21 11
19 78
14 71
11 158
40 255
11 220
10 81
23 208
45 43
24 13
38 161
38 240
13 70
28 250
22 188

10 148
20 251
13 213
19 268
44 233
48 157
39 27
37 213
12 35
50 40
15 13

30 23
50 21
20 288
47 35
33 233
45 163
50 217
41 33
14 249
50 248
45 245
18 201
16 286
35 51
20 261
12 98
27 130
39 104
49 176
22 86
12 154
45 10
11 252
50 63
42 83
12 68
16 235
16 140
12 276
22 114
44 107

11 76
47 153
26 16
26 24
24 71
45 261
32 181
42 141
20 276
33 275
39 71
25 21

13 103
49 55
13 176
43 149
46 96
44 250
30 45
46 29
14 64
28 71
31 78
26 64
17 237
15 227

14 281
38 208
20 113
18 271
36 215
18 32
17 111
47 262
50 235
13 64
38 199
39 117
46 140
49 101
35 190

25 123
31 277
50 293
17 144
28 268
16 98
11 45
36 233
24 157
11 267
43 197
13 299
14 16
46 104
10 124
40 273
34 286
40 191
41 171
26 160
38 225
22 161
26 69
47 159
34 169
10 66

