78

12 37
26 292
15 36
38 132
21 291
30 232
12 300
28 31
10 88
33 124
25 100
13 81
22 213

14 179
31 90
24 102
18 208
31 286
20 81
30 118
43 107
23 178
41 105
28 33
24 51
42 154
33 275
33 55

14 251
16 241
21 221
16 88
13 228
42 299
46 255
31 37
16 245
30 28
20 255
29 128
41 202
24 55
26 270

28 223
30 164
21 292
25 91
35 298
27 217
27 255
42 79
22 144
32 122
26 134
28 50
30 283
43 238
26 64
21 183
35 213
35 252
50 163
41 215
37 260
27 160
39 147
46 28
12 279
19 186
31 108
45 249
44 33

20 264
45 233
47 294
29 123
14 157
22 190
43 140
50 227
13 167
46 74
29 185
40 48
46 122
36 10
24 77
16 103
30 188
15 170
18 52
16 53
20 152

20 88
43 249
36 211
39 229
37 285
48 300
42 224
45 229
15 260
36 90
31 196
17 150
39 269
43 130
40 214
49 201
48 292
36 201
10 147
31 118
10 182

19 297
18 18
27 137
46 28
42 36
17 244
47 206
18 177
40 88
12 54
37 61
40 253
27 85
48 49
33 54
22 106
34 26
27 181
30 275
39 34

13 172
43 144
42 199
10 180
38 129
30 257
49 222
48 79
45 148
47 185
42 83
26 265
26 231
37 179

30 59
45 170
41 221
18 55
19 231
48 58
28 211
45 30
18 151
23 198
30 297
47 260
47 265
36 139
28 288
41 133
49 217
32 44
16 200
38 200
42 40
45 71
18 59
10 145
29 152
28 258
13 275
16 248
37 82
33 232
33 133

19 217
30 37
17 271
23 84
31 186
25 16
24 23
34 105
28 200
44 87
49 193
20 10
12 77
18 161
44 166
40 168
37 276
43 276
36 92
45 115

15 41
44 165
34 207
28 201
50 120
43 176
25 190
21 45
17 83
39 66
45 264
24 43
11 171
15 292
46 95
47 138

23 151
25 39
16 86
13 69
13 276
43 196
26 276
20 251
42 29
27 198
41 24
10 86
27 130
14 176
10 25
33 133
49 268
24 123
15 150
41 36
30 133
16 165
49 201
49 294

13 139
42 42
14 38
22 16
29 126
33 53
24 263
43 267
31 106
16 125
14 158
18 243
41 161
47 40

10 139
38 161
38 108
12 39
30 300
49 167
48 31
35 17
35 137
11 29
36 279

18 145
25 292
36 186
18 177
20 257
47 103
41 51
37 193
28 287
29 176
43 20
43 195
38 135
36 244
12 189
11 145
46 81
49 269
35 274

25 164
43 29
32 240
31 74
35 130
34 164
20 80
23 37
44 274
47 300
11 271
37 145
32 281
11 298
45 58
16 138
25 209
42 230
42 126
14 24
20 287
43 251
15 124
26 13
13 242
29 279

17 126
26 104
12 171
44 52
24 276
49 119
34 133
34 28
20 102
42 107
29 123
40 232
25 170
43 283
14 108
40 164
11 245
12 87

28 167
42 297
12 84
45 259
41 296
10 292
49 215
32 147
32 120
48 36
47 255
34 296
36 130
43 208
41 17
27 135
10 60
37 42
42 192
38 135
10 108
11 40
34 93
16 108
20 69
42 264
44 75
19 58
44 246

19 30
40 119
29 45
35 193
26 58
48 50
45 234
50 39
13 31
16 101
18 269
12 300
47 288
46 37
34 98
36 217
11 131
21 118
40 167
21 124

12 82
29 61
11 16
13 248
47 192
14 232
36 43
27 165
42 32
23 235
21 17
18 112
32 153

21 193
30 193
47 124
35 90
50 34
46 127
31 115
42 281
44 32
11 198
38 242
40 16
17 93
38 115
40 194
15 101
21 200
49 239
12 73
23 15
30 165
40 10

18 264
23 208
14 153
37 131
26 268
46 48
37 277
47 177
37 26
49 193
46 254
36 110
47 109
20 217
42 290
25 40
21 35
45 149
23 16

27 118
15 168
16 95
13 195
39 90
12 193
29 161
34 76
29 128
26 38
12 81
24 169
12 197
45 49
21 169
13 38
37 11
43 39
50 256
42 114
37 133
50 243
16 297
45 72
36 40
28 114
28 90
21 218

12 267
22 109
26 90
44 75
12 11
17 200
37 95
31 100
39 76
21 104
11 195
50 177
10 103

25 166
26 184
11 119
24 209
42 213
27 222
44 252
25 108
28 246
43 51
35 179
26 34
30 83
15 71
34 158
20 142
31 143
13 260
15 190
41 180
27 202
36 92
29 195
13 266
37 258
32 198

18 292
34 190
50 247
25 127
25 164
26 226
42 193
26 150
48 26
27 233
21 262
32 117
18 52
13 18
10 217
15 23
33 24
38 136
23 229

13 110
19 236
44 158
46 50
17 25
24 84
21 155
18 274
22 106
40 141
34 209
35 94
49 247
13 70

16 133
40 236
26 213
42 82
44 29
29 133
42 195
14 193
46 248
37 60
17 144
25 32
16 262
38 85
13 182
49 134
13 10

18 65
42 273
46 218
11 28
37 210
27 17
16 116
29 73
10 63
42 276
50 60
32 255
44 85
32 237
10 107
11 221
42 60
24 152
41 208

22 95
14 180
20 200
27 162
37 270
41 178
16 253
16 214
11 149
33 277
27 54
36 219
22 99
39 219
23 23
43 191
14 172
23 11
44 78
12 169
16 84
34 115
22 242

14 202
50 116
46 221
38 269
31 242
43 146
42 75
40 232
16 83
14 90
41 161
45 65
15 203
19 204
44 183

20 226
14 199
30 95
47 294
19 79
10 27
50 298
42 242
38 178
47 121
40 262
36 260
48 281
48 188
21 37
25 287
24 255
42 16
49 41
37 183
44 192

25 59
13 106
40 22
23 41
11 265
36 194
41 177
10 15
44 136
46 45
22 169
14 173
43 44
26 228
45 22
33 292
23 225
34 132
31 115
38 16
24 207
49 261
13 207
25 107
16 111
26 110

19 229
27 266
11 262
43 82
19 72
21 25
34 218
28 106
17 298
19 124
30 47
17 123
44 95
28 238
18 246
49 155
41 179
10 87
15 75
17 38

24 121
26 123
12 161
31 131
24 180
27 187
33 290
14 101
16 54
42 117
28 206
14 57
42 130
21 141
50 82
37 274
42 289
28 245
27 176
46 15
45 25
40 97
34 173
25 203
28 59

28 235
34 144
21 176
38 116
40 175
24 289
10 113
22 127
21 232
34 221
20 259
18 49
16 169
18 183
14 247
36 195
38 178
19 300
12 195
47 74
37 182
36 228
17 150
25 132
34 269
33 282
32 208
37 81
15 188

29 196
45 142
50 81
14 114
20 183
10 70
17 186
22 284
21 267
13 144
37 170
29 244
48 152
12 291
43 119
31 153
20 252
12 182
18 110
40 126
18 140
49 298
45 268
42 203
43 206
32 128
27 277
50 167
27 55
41 258

26 142
17 242
13 85
13 293
37 267
41 13
24 15
31 99
22 48
25 191
21 183
11 260
40 213
20 182
43 156
44 74
38 266
41 186
22 29
46 126
29 187
26 140
26 242
38 32
10 151
38 188
12 225

26 64
37 193
37 172
36 135
35 252
49 171
10 77
10 196
39 124
20 62
17 76
44 216
49 256
49 89
19 29
49 178
16 229
41 239
47 55
14 171
32 47
34 126
39 218
11 288
48 167
20 83
20 196

20 135
21 58
47 68
38 25
45 170
38 121
34 168
41 174
50 288
18 20
50 237
11 85
17 133
13 207
48 113
23 139
49 110
35 298
41 241
40 30
17 203

12 178
39 217
37 56
20 285
27 34
18 147
45 22
17 277
41 68
28 268
46 48
38 201
46 180

21 187
40 173
18 242
29 249
12 97
12 140
49 279
41 90
45 45
12 50
35 35
35 18
21 72
17 141
17 128
38 276
17 103
20 97
23 113
34 24
30 120
39 52

23 288
50 154
33 55
25 198
32 294
23 299
23 45
44 275
49 54
29 178
24 62
11 198
34 30
28 204
23 285
47 38
11 245
47 53
19 195
44 297
40 188
21 91
31 79
38 237

13 135
12 284
25 95
19 84
33 144
41 86
49 97
23 18
13 227
34 219
42 99
49 142
22 111
20 231

15 86
18 173
16 172
39 29
39 174
25 116
36 253
40 41
40 207
20 260
24 196
34 260
26 165
20 42
46 63
38 224

21 85
29 124
40 111
25 14
45 173
22 63
50 140
39 88
24 46
27 130
28 190
18 47
50 139
41 32
16 187
28 26
41 67
44 134
46 46
40 295
34 148
26 267

23 136
49 160
28 231
24 206
45 287
17 70
34 282
18 143
33 72
10 161
32 117
15 23
41 286
21 214
40 50
49 99
49 257
26 84
21 145
24 274
39 51
44 185
22 204
40 102

22 141
28 44
33 109
10 117
41 232
22 175
26 52
35 52
29 13
35 38
33 80
27 29
32 205
17 250
41 31
50 220
39 282
47 266
13 25
42 198
14 75
18 57
31 17

13 14
35 277
24 96
20 242
14 40
15 94
29 76
32 206
19 28
38 214
42 258
33 137
18 191
37 172

22 79
33 20
24 299
48 173
18 156
48 283
45 93
18 135
39 179
16 214
22 59
45 260
47 202
47 34
24 183
38 112
11 18
18 105
42 274
30 225
45 105
15 25
47 86

22 105
47 202
28 38
15 135
47 35
30 162
19 26
42 144
38 103
45 198
11 35
21 29
44 256
38 181
37 286
10 210
10 200
42 203
49 46
32 248
35 132
24 282
43 100

10 91
45 263
28 121
25 10
19 19
27 170
25 101
36 274
41 167
43 208
44 95

27 235
18 188
13 142
38 183
18 16
12 92
14 235
42 242
49 41
44 153
18 228
33 73
14 126
18 277
18 70
30 225
25 34
23 179
35 215
39 161
41 207
20 176
24 16
29 80
39 115
45 119
16 217
41 299

11 57
35 14
17 13
46 50
26 248
16 219
22 189
37 135
31 181
31 30
32 70
19 203

19 267
13 163
32 143
13 135
34 42
17 58
16 250
42 199
20 242
46 42
41 88
49 114
12 40
10 294
12 64
36 189
24 210
25 157
11 179
32 229

15 80
39 79
30 65
40 32
23 127
38 224
21 34
16 14
19 34
47 278
45 177
22 237
15 246
28 47
26 80
38 285

16 204
17 98
14 145
12 271
12 274
16 187
14 98
41 257
15 104
36 276
24 77
41 115
11 278
17 123
48 238
49 100
39 41

15 209
49 194
22 123
48 91
24 282
28 93
24 110
42 122
44 117
49 15
34 54
12 243
26 50
30 120
22 238
31 92

20 172
47 218
48 148
50 196
37 58
18 68
24 137
20 292
17 273
26 208
13 36
15 120
12 12
14 245
21 156
38 139
24 273
34 41
10 154
44 185
13 187

14 86
28 49
39 282
21 257
37 146
15 220
10 183
45 150
12 266
12 162
47 176
49 297
22 161
49 67
14 89

14 13
41 260
22 102
46 97
34 259
14 246
11 169
30 24
31 61
32 151
28 27
31 234
41 69
31 12
35 26

15 300
16 83
39 276
41 84
34 121
42 95
42 78
13 44
14 197
37 146
43 48
22 62
50 128
33 143
28 145
47 252

16 130
21 235
40 145
13 214
44 177
14 175
31 99
27 142
43 212
46 162
10 190
48 49
11 228
50 92
13 146
45 213
15 148

11 225
38 168
47 266
32 85
16 107
10 12
40 37
33 61
19 254
31 191
29 72
25 21

25 84
26 249
43 50
47 75
29 275
37 119
18 190
45 119
32 40
45 24
26 287
10 122
41 276
43 297
49 269
41 129
13 240
19 79
38 160
45 275
47 234
29 199
43 126
24 185
47 159
23 297

27 171
27 126
42 72
14 184
44 54
26 48
15 152
27 11
13 57
28 25
35 88
27 284
30 154
32 66
40 128
33 34
43 253
24 154
50 89
35 163
34 213
25 199
24 172
17 114
10 49
45 226
25 203
34 61

25 113
20 23
12 257
40 181
10 264
25 56
15 75
26 184
31 151
19 63
44 103
14 297
16 229
29 80
44 219
41 206
29 232
12 105
16 165
28 37
27 94
22 61
28 199
23 27
17 299
20 45

26 131
50 82
50 300
49 205
34 191
36 154
34 70
36 180
31 87
30 240
33 136
20 22
33 193
43 233
42 278
44 261
32 103
16 117
14 43
38 259
27 260
36 77
17 243
19 257
27 63
28 196
46 26

14 85
44 54
32 19
34 263
31 246
33 42
18 249
17 78
22 278
22 200
18 14
22 88
18 145
36 78
23 120

15 213
42 277
34 114
47 220
41 85
26 288
25 263
18 38
37 103
28 179
50 99
23 201
45 43
27 64
49 212
34 276

17 190
15 138
44 54
14 179
23 129
43 256
35 14
18 178
12 108
50 173
27 13
11 100
44 101
22 99
26 153
17 296
38 279
46 249

11 190
22 159
16 272
19 133
36 215
50 283
33 72
27 142
49 120
21 293
26 223
47 115

22 106
24 169
36 110
39 262
44 279
41 20
40 57
43 200
17 112
20 233
50 101
20 154
26 276
48 91
30 42
37 141
43 116
31 153
44 91
36 32
35 299
47 38
48 36

19 212
50 57
42 143
33 34
30 188
19 31
42 119
41 123
35 105
26 268
49 10
12 36
44 104
26 259
34 197
16 123
41 220
50 192
18 120
34 39

27 203
31 228
13 81
26 73
23 286
28 178
18 254
22 244
28 125
29 195
14 32
40 209
10 203
31 102
47 179
43 166
12 100
40 20
29 45
33 125
29 159
39 47
38 272
27 106
46 292
39 270
12 119
32 269

26 16
19 44
32 269
31 132
46 135
14 294
19 230
17 176
30 208
35 49
18 116
47 195
46 151
34 11
16 244
39 240
20 279
37 131
25 195
44 45
31 137
41 55
37 265
22 188
15 105
40 125
29 183

14 54
19 154
15 223
36 280
32 265
26 231
40 56
20 24
47 134
38 242
36 12
38 291
35 169
26 179
24 153

28 223
21 172
34 87
41 24
17 30
33 51
10 207
37 91
34 238
47 160
15 249
27 224
22 11
23 271
22 122
26 115
47 201
43 132
14 28
12 46
16 133
12 154
43 242
49 247
21 68
38 275
23 176
21 231
13 263

