62

12 63
18 218
37 206
26 105
37 68
42 90
43 120
17 281
37 232
19 33
22 62
49 206
28 160

20 169
33 178
35 230
30 119
32 62
26 217
13 170
31 267
35 255
12 144
37 287
30 73
15 167
17 67
30 239
18 289
49 34
12 261
11 165
13 182
29 18

13 242
43 188
36 285
29 268
26 229
32 109
50 120
15 81
33 127
44 10
30 206
46 197
46 29
13 74

26 214
19 228
43 142
11 202
39 231
29 93
21 230
25 14
34 68
47 268
24 138
22 74
41 266
17 65
11 49
43 229
25 277
48 242
45 65
25 188
16 138
37 134
10 78
22 231
49 207
50 24
14 63

20 35
27 111
49 173
20 250
16 111
37 122
34 204
43 188
31 160
22 171
40 67
45 24
26 177
20 158
12 184
33 55
10 203
48 194
33 217
15 201
24 261

13 102
20 136
35 168
20 207
43 110
27 120
17 188
27 182
39 143
10 114
40 32
20 180
35 248
28 166

18 217
26 80
43 257
11 106
36 71
22 92
34 135
35 254
12 71
15 136
48 115
49 99
22 118
12 70
17 39
29 164
50 157
22 102
25 109

18 184
47 268
43 86
22 151
34 166
24 77
25 141
29 246
44 30
19 21
40 270
48 103
42 25
44 152
19 266
20 224
19 167
18 288
26 163

18 28
21 165
21 131
23 26
41 175
14 187
33 259
15 23
17 276
10 165
19 175
32 101
31 220
27 176
13 40
27 170
17 65
42 192
38 241

23 208
35 225
23 142
43 48
16 128
49 57
29 144
46 109
16 214
49 81
16 12
44 185
19 256
44 31
46 278
39 93
26 60
31 194
14 273
14 277
49 130
24 196
36 91
17 126

23 24
36 149
30 80
26 236
13 19
39 86
40 60
15 187
45 290
17 175
32 150
39 203
24 251
20 46
45 173
27 142
28 278
27 141
19 160
50 88
46 40
47 115
40 114
20 208

11 248
42 300
18 95
14 283
29 219
44 60
24 176
14 243
18 187
19 27
15 123
47 19

12 27
32 20
36 18
42 238
23 240
33 122
13 212
11 29
35 200
28 297
38 195
40 264
35 34

20 151
48 81
49 147
20 91
50 227
49 175
33 158
17 241
16 29
37 113
11 119
30 16
23 114
39 65
21 296
20 134
39 61
19 83
32 295
19 144
49 140

23 143
12 224
11 240
23 117
35 228
19 239
44 124
41 133
38 150
14 277
21 195
40 116
17 259
12 199
26 288
47 133
13 24
32 226
35 134
40 175
38 210
38 170
28 260
46 67

17 94
37 122
38 137
30 188
15 122
37 52
33 284
18 288
18 156
46 111
50 222
17 76
26 273
44 196
37 85
19 225
48 61
46 112

15 293
36 29
36 25
31 251
16 296
27 72
14 147
50 274
27 54
31 245
15 243
50 48
22 198
34 296
16 244
46 77

17 179
28 214
24 245
11 105
34 106
47 37
25 111
46 235
15 184
39 33
23 289
43 118
50 157
45 14
44 277
32 10
47 52
16 293

27 97
23 182
34 285
45 189
37 76
35 297
21 58
45 283
42 26
25 53
29 208
34 295
14 76
30 75
31 221
46 107
22 67
35 289
32 288
40 95
49 12
21 289
42 13
22 198
42 75
48 36
37 297
11 100

24 93
20 218
21 233
38 203
40 40
12 105
21 154
43 186
16 53
36 216
36 278
24 170
45 216
12 12
47 249
39 114
44 142
28 112
26 20
38 233
39 126
31 244
44 162
19 83
31 161

15 144
49 66
50 111
25 107
14 195
16 76
38 40
38 253
18 163
23 271
23 289
44 286
32 19
48 222
31 135
15 282

30 146
19 58
25 31
21 35
36 68
17 126
13 44
14 266
13 132
44 254
14 166
38 289
39 298
18 114
46 61
32 169
45 275
25 287
29 266
42 79
31 83
38 77
38 46
33 147
31 118
19 126
19 186
14 53
22 236
22 169
15 215

27 65
36 39
29 203
17 260
11 291
45 197
11 142
26 65
18 19
35 41
43 198
22 295
22 236
48 270
21 42
48 167
17 258
45 119
17 249
12 264
38 16
16 281
28 43
36 220
49 80
31 68
34 227
37 91

15 268
40 106
35 50
26 222
30 281
40 156
38 127
16 207
23 246
29 158
18 179
48 289
42 29
27 53
10 203
10 276

11 235
17 47
37 20
26 141
20 34
47 200
17 293
22 181
35 179
45 164
18 132
25 13

19 80
35 250
48 224
42 195
16 296
24 23
23 82
29 177
27 112
36 197
46 91
24 243
20 285
16 135
43 275
12 291
39 194
44 204
12 168
17 37

21 75
31 300
22 162
22 226
35 209
40 104
16 236
11 171
24 210
33 242
25 194
15 283
45 52
10 37
29 11
26 246
29 262
14 269
43 128
48 295
42 38
48 106

19 183
36 24
33 121
20 254
32 234
20 196
23 197
36 88
11 96
29 170
37 40
36 42
26 133
46 177
24 84
40 222
42 41
16 163
45 116
43 139

19 25
39 80
16 19
34 78
33 217
22 99
42 203
24 232
20 53
39 29
34 11
31 157
37 153
44 212
12 24
13 35
25 230
49 265
27 273
49 278

19 39
32 42
32 49
26 189
45 174
27 13
17 268
49 293
41 213
10 58
38 253
35 15
26 291
30 33
43 117
45 179
11 78
39 277
11 43
24 280

19 170
26 149
29 211
14 77
29 217
34 282
13 87
33 62
20 275
12 236
39 111
26 144
28 192
30 138
46 96
11 147
49 93
43 180
45 240
37 229

16 53
18 89
44 213
41 186
42 174
10 112
10 254
42 39
48 202
41 45
16 245
16 100
10 296
10 258
38 254
35 23
27 272

17 240
25 143
39 196
17 277
29 139
22 207
28 40
18 150
40 80
42 212
22 136
42 166
46 121
42 269
36 300
44 220
25 115
44 102

13 98
21 227
34 58
50 143
13 278
31 50
50 259
28 161
20 114
47 261
48 241
12 208
34 240
39 151

18 292
37 15
10 109
42 76
41 44
31 141
46 136
41 22
19 126
24 141
12 155
17 249
50 19
13 25
41 285
11 188
15 161
32 39
21 231

19 81
18 267
12 276
22 228
21 292
14 128
34 44
38 60
11 164
18 179
40 111
27 226
39 85
22 285
15 123
25 241
10 227
15 292
43 118
26 155

25 73
16 263
49 130
39 133
36 25
20 176
32 108
20 21
32 256
11 60
39 156
45 194
23 137
22 197
32 161
39 60
31 263
20 104
46 184
36 191
44 159
17 43
36 230
48 75
28 255
16 24

26 69
47 142
24 124
45 36
31 296
44 156
24 276
47 282
43 95
25 228
48 167
10 200
31 273
16 216
14 100
26 163
12 71
48 190
23 17
23 102
31 192
45 81
47 294
43 31
24 253
24 193
20 249

28 119
39 24
14 89
48 268
49 114
15 153
29 176
27 103
45 207
31 202
25 181
13 192
45 67
32 46
41 119
38 101
37 280
20 253
15 27
42 144
28 72
46 246
15 82
33 156
46 49
32 218
15 59
50 157
48 230

26 258
49 153
39 204
12 285
48 112
15 279
43 276
34 39
37 205
50 290
43 144
34 237
17 97
18 192
31 35
28 212
10 264
45 269
10 143
35 73
30 221
47 102
49 267
38 50
44 65
16 151
16 258

13 198
31 261
29 283
13 208
40 90
38 141
12 46
44 224
20 161
15 204
22 72
50 168
50 258
38 115

23 27
30 33
50 182
10 122
26 41
23 36
24 23
24 268
15 177
47 124
36 283
28 15
18 80
36 171
48 204
20 265
25 261
15 179
36 133
31 125
14 64
39 291
45 195
37 275

13 10
32 112
47 189
41 103
32 236
11 60
21 190
26 92
37 76
21 150
25 29
32 219
48 29
26 262

15 95
26 116
11 260
15 13
49 146
13 109
20 107
41 23
30 210
22 236
13 15
37 81
27 212
18 10
41 215
28 223

19 236
49 241
20 234
35 221
49 207
44 214
12 167
24 127
23 24
40 17
22 282
48 258
14 160
14 235
11 227
33 100
50 239
14 79
13 225
42 147

20 297
23 210
46 161
24 240
37 89
31 100
34 153
14 131
46 247
25 24
35 131
24 39
11 114
10 113
14 217
32 295
17 236
50 173
39 276
32 88
23 265

12 34
30 267
11 49
12 286
22 166
20 260
48 62
24 37
34 62
17 36
18 99
36 78
26 25

12 204
29 261
34 16
30 187
28 101
42 202
21 249
11 53
30 11
33 253
30 293
18 211
16 138

21 35
13 94
44 132
14 150
34 46
19 152
11 137
22 225
13 143
35 119
10 246
27 201
49 222
31 50
22 97
37 256
21 166
15 128
24 229
35 235
47 180
24 158

19 124
37 226
17 17
23 171
15 31
50 151
18 86
26 181
20 41
46 230
20 159
10 176
23 17
32 257
35 92
41 164
24 14
44 128
22 144
18 227

24 214
21 18
49 278
37 172
11 160
16 146
23 56
14 150
36 121
43 282
39 281
46 91
50 88
41 285
44 270
19 56
47 113
41 234
15 68
33 15
12 52
18 241
14 154
23 99
29 129

10 165
39 156
27 267
33 181
48 112
16 24
19 282
35 46
32 281
11 28
11 193

18 280
13 41
27 296
28 292
30 155
28 33
45 188
23 143
49 135
35 46
35 280
41 31
49 73
34 191
14 143
10 176
31 144
17 111
12 93

13 40
37 184
25 179
43 28
16 274
14 92
47 72
48 29
12 239
50 93
36 220
11 39
12 196
26 62

15 32
37 59
40 99
50 69
46 10
48 149
17 269
44 113
32 250
12 109
10 89
16 275
34 288
44 145
10 192
38 202

19 202
23 294
14 78
32 124
32 127
41 94
37 291
46 290
19 48
13 254
18 16
22 103
18 99
42 52
39 300
17 165
48 229
16 225
39 276
47 294

28 191
10 98
46 172
29 168
49 149
16 27
17 122
11 37
41 50
39 265
50 97
28 92
22 205
32 27
29 209
15 197
34 291
39 278
31 208
50 263
18 264
23 247
46 216
35 90
44 226
27 140
50 165
50 259
10 282

25 200
26 164
24 17
43 218
38 255
28 45
41 256
11 183
28 146
14 89
32 294
18 255
39 192
45 114
33 115
15 153
37 155
29 77
15 279
34 194
25 229
29 84
35 110
22 297
41 281
11 221

30 286
31 257
41 279
31 234
19 217
38 171
12 255
29 273
28 194
11 268
15 291
35 118
11 190
41 44
23 180
44 158
48 97
33 294
16 296
42 71
40 25
35 170
12 131
38 122
41 190
30 283
28 90
27 73
49 142
19 285
38 274

25 18
34 130
13 211
16 246
21 215
35 179
26 53
26 157
16 132
15 27
28 127
21 91
46 118
15 204
25 130
26 273
38 45
31 204
12 17
48 268
36 10
23 55
45 282
37 135
27 55
35 145

30 26
25 90
37 264
46 242
46 182
31 176
49 84
14 56
34 37
12 124
12 12
43 208
15 38
18 109
32 111
50 107
46 187
22 227
45 297
13 146
37 44
15 84
11 24
16 194
39 196
36 242
16 131
44 120
47 222
30 151
10 192

22 247
27 251
48 42
33 149
49 195
16 128
48 139
15 145
45 280
30 81
40 290
10 189
30 114
35 51
14 294
11 48
11 274
36 44
13 47
12 267
43 259
19 64
39 203

