79

26 199
40 149
13 116
27 111
10 119
39 225
38 21
12 43
23 229
27 88
41 153
10 235
43 71
39 196
17 116
16 20
27 286
38 191
32 217
22 278
23 247
14 13
48 39
41 237
22 95
23 11
17 122

30 214
11 189
47 205
13 55
50 295
25 224
44 71
15 10
29 184
11 92
37 95
10 116
50 182
33 146
44 280
49 38
32 60
40 240
28 14
44 51
12 243
36 10
39 103
49 280
14 208
11 194
18 201
30 258
32 71
33 198
22 21

28 50
10 216
40 52
46 81
17 94
33 217
34 113
41 74
20 272
35 149
12 294
28 109
23 37
31 92
23 147
16 41
38 21
41 15
34 154
48 48
46 171
44 163
22 202
34 117
35 292
21 299
47 121
15 119
21 238

11 16
16 121
19 220
28 149
49 58
34 17
48 22
42 50
17 163
40 161
45 67
13 258

13 110
26 219
41 96
32 86
45 100
36 189
47 214
27 285
45 20
21 223
41 287
32 92
39 262
18 120

26 180
36 170
19 179
22 105
37 241
26 210
43 265
28 240
38 247
27 109
34 168
18 112
24 75
50 163
15 184
20 224
39 162
11 293
22 242
27 23
19 200
17 269
21 52
24 68
27 51
35 165
34 26

11 229
36 76
19 235
19 205
32 41
43 84
45 67
19 23
26 210
48 179
26 59
18 85

13 164
25 185
21 61
19 49
44 100
28 228
21 45
32 256
36 57
23 39
47 170
12 107
16 294
43 48

22 216
49 163
45 189
18 116
33 188
37 156
26 72
15 55
36 91
12 289
24 164
44 177
29 211
37 263
30 185
45 252
22 145
17 141
44 197
30 83
24 88
18 98
21 201

13 50
49 39
15 33
47 66
25 186
36 16
26 76
34 147
50 212
17 120
26 231
21 179
10 53
13 264

23 27
38 81
48 203
30 255
11 34
30 188
43 197
14 123
24 180
33 34
31 245
10 104
50 98
25 109
12 258
26 30
38 15
49 27
31 276
40 103
32 261
43 208
14 287
11 267

24 267
49 82
19 182
15 207
40 153
36 171
29 20
32 125
42 97
50 226
29 251
18 258
38 259
35 236
50 263
42 197
16 250
30 14
37 161
30 198
19 17
28 130
36 171
22 261
44 56

20 213
17 233
19 247
19 133
47 25
13 41
13 272
24 40
31 41
45 279
13 98
30 104
17 16
41 187
10 142
18 288
13 136
28 287
48 127
34 296
49 204

26 156
24 147
25 127
20 64
28 13
13 56
46 75
25 278
43 228
21 105
14 13
35 10
39 63
20 185
17 205
34 174
45 152
21 239
27 209
24 156
16 13
24 119
49 187
21 165
48 76
34 86
40 221

25 167
37 298
34 36
10 287
38 263
42 54
29 139
35 45
20 20
42 142
34 158
47 252
21 194
28 164
41 111
46 251
27 159
37 106
49 81
19 102
32 270
49 190
39 151
40 126
30 98
15 150

29 120
46 147
28 267
12 187
50 69
42 52
20 66
40 31
18 77
14 15
36 60
48 245
49 130
38 279
19 151
17 294
44 188
29 285
25 191
29 95
27 35
12 199
45 280
34 296
41 232
31 188
17 263
10 263
16 234
39 71

24 66
14 251
26 104
17 58
29 110
43 246
26 40
47 137
13 292
25 248
25 146
43 14
36 12
28 144
17 197
40 146
33 230
48 62
29 205
21 156
45 246
11 61
32 53
49 201
38 290

17 132
15 162
44 133
32 259
28 242
21 216
22 61
13 231
32 117
34 183
14 228
47 15
24 17
28 173
24 25
16 211
45 174
26 34

17 40
47 47
41 99
45 171
10 122
37 103
22 21
38 110
47 289
40 289
24 112
28 88
23 82
17 221
31 278
32 97
22 252
20 216

21 19
42 10
41 47
41 24
45 191
20 295
29 57
38 86
14 76
27 91
44 259
16 189
38 119
15 64
14 192
29 20
29 62
13 53
23 220
19 71
29 169
27 157

23 187
17 255
38 253
19 38
29 29
46 68
30 21
25 243
31 54
19 195
20 92
30 165
42 194
22 174
26 167
27 300
16 26
47 37
17 219
39 257
38 34
19 102
25 90
44 176

30 215
21 115
41 145
12 91
31 50
48 125
49 252
14 66
34 161
35 177
32 258
20 74
41 94
48 72
29 43
42 189
13 21
11 181
20 273
11 72
18 123
38 195
17 56
39 175
42 257
18 265
10 173
36 26
11 134
26 222
30 284

21 15
41 33
40 127
37 168
43 191
32 234
28 160
45 123
50 164
33 79
20 33
31 62
41 268
23 215
41 289
24 293
32 166
39 47
23 84
22 55
26 43
27 268

17 152
47 51
31 173
45 150
12 168
27 164
11 247
16 223
47 180
42 224
29 254
23 71
10 177
45 214
48 213
17 210
18 114
28 167

29 17
34 146
25 173
16 145
30 156
19 48
30 218
33 21
15 223
24 18
49 232
49 156
15 181
19 37
21 52
40 294
15 120
39 232
18 106
43 283
10 22
42 216
44 181
22 234
24 79
21 161
30 251
37 125
14 209
19 92

15 84
11 164
48 292
26 186
43 299
32 298
42 260
36 142
32 174
23 160
30 190
39 89
13 144
26 174
24 27
12 28

14 119
25 216
19 102
25 187
36 297
11 267
33 238
23 299
26 273
17 264
26 237
28 281
49 275
25 215
20 27

27 129
39 67
14 127
18 127
46 282
22 242
47 32
25 161
33 169
11 290
20 192
45 82
18 203
13 79
15 32
24 24
33 98
41 153
45 181
26 133
38 282
25 27
40 26
46 281
49 124
40 184
41 208
28 275

13 57
49 223
12 148
13 113
42 26
49 231
34 254
39 26
33 103
27 231
28 70
36 77
39 183
17 282

11 45
24 261
43 282
18 118
40 178
45 271
49 188
43 202
30 34
35 219
19 181
34 167

19 78
26 298
36 132
37 24
24 154
27 25
39 242
46 214
18 97
20 17
16 167
13 268
43 226
29 117
19 84
46 218
12 240
39 218
10 62
24 282

17 125
12 19
36 153
12 66
35 220
20 101
26 154
35 273
48 158
11 242
36 146
40 289
37 228
44 211
18 190
30 139
19 223
21 33

20 161
48 180
41 80
19 117
10 12
36 290
30 113
27 258
30 164
28 35
28 149
22 160
10 169
41 278
47 124
44 254
22 89
24 119
15 264
33 182
45 34

20 110
22 154
23 210
39 89
15 22
19 129
41 300
38 272
33 16
38 52
22 227
28 93
18 274
14 14
19 234
24 46
12 278
36 142
42 105
35 204
22 146

13 26
47 82
29 207
40 198
47 160
48 290
24 39
30 188
21 151
45 255
41 280
46 191
44 111
36 135

12 196
34 165
33 183
22 87
11 67
47 264
47 28
21 30
25 30
42 60
40 29
18 245
22 46

28 53
29 70
47 141
33 189
21 140
18 266
28 243
37 225
35 235
25 99
20 67
40 68
12 209
41 151
33 212
40 131
17 192
41 212
29 72
37 117
31 157
37 269
40 15
36 88
34 199
10 83
49 206
15 269
23 273

29 143
14 246
25 224
21 230
46 276
36 241
18 136
11 227
35 47
11 155
48 10
19 13
47 263
49 75
35 172
41 22
12 168
49 173
38 32
22 14
18 138
44 216
23 222
42 146
28 240
38 94
10 95
29 69
18 128
14 122

26 82
38 147
37 127
47 81
49 245
21 293
39 155
49 30
10 274
44 150
26 10
38 295
32 85
10 212
21 108
19 276
11 29
14 195
29 22
25 199
42 125
13 267
44 279
36 218
30 200
42 215
41 124

20 31
33 140
47 288
31 217
27 32
19 154
44 208
25 287
14 100
39 124
31 112
34 156
19 44
11 264
27 11
45 122
40 148
39 261
35 88
41 176
28 76

28 68
18 27
33 184
32 20
32 68
16 59
23 153
39 226
10 246
36 164
27 285
19 248
21 91
45 286
29 281
11 37
28 174
48 209
33 73
49 246
23 71
20 282
50 147
21 222
25 179
24 89
50 245
28 64
16 76

11 81
42 213
16 66
12 250
24 144
34 84
27 81
25 196
19 280
28 241
40 82
25 186

17 287
35 118
22 168
31 25
11 288
18 268
47 146
20 50
15 226
11 248
17 185
12 62
49 140
18 202
28 142
14 251
31 16
15 92

26 14
17 141
23 34
19 205
12 117
43 258
44 205
30 263
35 179
38 235
32 111
30 256
14 255
26 291
17 268
45 298
30 154
32 68
27 115
49 55
12 283
20 143
19 87
40 260
29 251
43 95
13 198

26 56
35 72
13 91
21 32
21 77
42 218
21 170
19 252
34 88
16 47
18 52
10 236
38 284
40 125
36 159
21 243
13 300
40 222
47 150
49 148
47 223
25 290
50 136
24 220
14 274
19 157
12 172

28 70
40 181
32 247
26 233
17 92
33 287
21 147
20 23
44 63
49 190
43 155
14 242
39 14
34 273
50 47
43 176
11 109
35 279
17 244
23 95
15 282
20 65
37 252
39 40
30 33
18 47
41 203
42 121
49 201

27 107
44 280
31 294
49 226
36 210
23 58
22 116
40 166
26 212
46 175
26 107
47 284
16 15
46 110
29 94
15 299
10 133
31 123
39 184
34 41
33 186
50 119
23 19
42 75
46 263
18 81
10 156
19 119

10 140
13 149
21 38
22 273
11 142
47 23
22 212
13 59
11 237
44 53
33 150

27 148
42 133
19 281
25 15
25 106
45 102
47 226
19 157
37 15
23 24
29 136
15 258
12 47
47 67
36 95
48 89
31 38
43 32
45 29
46 74
15 188
43 135
32 189
32 256
50 240
30 221
38 172
48 263

16 104
48 73
39 138
41 105
36 116
19 49
14 192
24 152
48 136
37 260
16 49
39 36
44 121
43 238
33 213
41 192
39 191

15 186
50 128
10 100
45 197
35 96
15 182
17 19
13 254
40 48
50 214
36 151
18 233
23 38
15 56
28 76
13 107

11 183
23 275
30 99
50 176
12 169
34 239
14 273
15 17
19 84
47 137
39 70
48 11

13 210
18 236
35 300
43 11
10 133
26 106
36 45
11 128
24 214
34 284
11 129
19 17
25 144
19 212

10 44
45 45
37 72
49 235
46 20
19 232
29 274
36 81
22 185
37 234
26 115

10 76
14 84
47 17
36 205
45 130
29 67
10 63
47 67
39 180
50 38
10 132

29 217
26 211
40 53
17 233
37 69
35 106
30 46
22 155
26 214
44 200
43 109
38 147
40 91
40 26
17 147
47 223
23 278
47 249
16 207
30 256
48 140
26 295
17 119
24 148
37 293
41 255
28 23
34 51
41 39
27 241

18 177
31 163
10 94
14 160
48 24
12 186
29 295
41 208
14 223
33 62
21 86
29 196
50 286
48 119
45 215
34 126
37 94
14 121
32 205

27 132
37 186
44 253
43 159
20 99
20 106
36 260
15 247
47 159
11 164
15 67
33 216
11 142
50 166
18 120
47 175
14 27
30 73
27 181
35 280
29 131
40 61
44 22
17 202
16 264
23 252
47 83
32 113

14 222
16 247
48 215
40 239
12 110
40 196
21 175
39 203
14 181
15 209
40 104
43 63
32 290
34 124
48 161

12 248
18 22
15 63
23 13
25 246
20 300
30 148
32 76
21 147
27 132
26 54
26 283
43 102

12 161
27 20
38 94
32 256
50 89
31 218
10 178
29 113
31 173
33 58
46 269
40 216
17 135

11 55
41 52
15 23
24 65
17 141
48 13
49 161
26 180
22 135
10 31
35 299
16 147

10 101
49 233
42 170
16 282
37 148
29 113
31 57
25 26
20 89
28 276
18 184

30 137
49 36
16 16
21 112
24 202
10 40
33 285
11 12
24 177
22 71
41 97
43 13
43 178
14 216
46 190
28 230
34 120
15 133
33 246
41 245
37 277
38 223
20 248
26 10
43 110
43 57
18 265
45 197
33 286
21 178
43 91

27 140
46 173
31 262
12 126
49 176
26 88
42 43
50 97
32 127
48 118
14 197
39 153
46 16
11 28
50 55
44 183
17 83
47 116
17 253
38 266
32 149
50 208
22 129
42 109
28 89
26 207
46 153
49 142

18 217
10 206
28 81
10 91
33 260
15 103
49 148
46 290
13 168
41 169
31 282
31 49
11 297
43 158
36 217
21 118
28 129
32 83
26 299

26 268
26 15
19 253
38 250
31 105
31 91
36 196
45 120
29 65
17 200
28 37
20 279
33 117
24 42
35 217
37 152
16 284
26 86
27 249
48 185
50 143
16 219
14 111
32 65
49 156
31 99
49 143

22 193
34 220
27 174
22 241
28 229
46 105
43 40
48 163
48 102
36 100
14 235
44 152
24 213
13 138
27 130
44 159
15 47
36 229
12 153
34 98
30 207
33 60
21 256

19 253
19 127
12 80
45 169
37 164
44 93
33 78
36 24
34 172
48 266
21 109
29 24
10 90
46 30
17 235
35 273
50 259
46 106
10 143
49 88

10 36
13 91
41 154
19 223
36 54
37 283
21 185
35 291
24 86
27 174
22 281

15 131
23 195
47 257
11 51
21 249
18 250
14 133
28 178
21 183
28 57
17 10
47 241
13 299
24 189
15 202
16 142

23 145
11 211
32 234
43 194
50 56
31 193
37 32
31 142
11 206
10 180
22 179
50 45
30 300
49 135
11 214
21 39
40 147
47 37
37 144
34 205
39 214
13 124
21 13
34 284

11 204
24 203
29 271
31 49
30 202
25 154
10 252
11 274
35 14
14 100
50 133
35 101

12 57
27 204
38 50
28 288
20 271
46 273
50 285
11 23
10 101
40 146
19 110
44 111
15 293

19 286
42 211
29 212
34 270
28 236
28 84
14 58
29 188
47 69
31 19
15 55
34 207
31 134
23 252
17 204
25 279
37 289
10 86
25 33
27 71

13 194
11 161
32 283
47 99
21 98
45 130
21 176
27 167
14 166
40 197
26 261
13 196
10 118
31 56

23 235
40 231
30 30
49 41
50 289
42 161
46 207
33 75
50 45
25 134
15 97
44 249
36 160
43 273
36 111
44 219
34 224
30 116
12 253
45 286
43 200
39 278
45 220
50 49

30 214
29 64
45 131
28 77
47 159
39 132
32 168
26 275
13 47
30 93
45 46
25 295
39 194
14 166
15 39
27 42
48 60
37 165
45 54
29 35
11 177
37 28
40 296
37 255
29 154
18 63
41 81
18 253
33 257
43 12
26 234

10 142
13 17
26 273
31 116
16 259
21 62
39 285
30 144
18 68
32 154
16 96

