88

22 66
45 267
49 253
26 212
30 219
16 236
38 217
19 113
13 112
47 239
26 25
43 62
14 156
20 90
49 54
12 243
22 28
34 274
31 299
48 99
41 253
38 84
30 180

12 125
36 269
32 13
19 165
25 122
46 63
44 106
40 181
48 263
44 203
35 263
28 165
45 266

24 134
20 13
47 77
45 210
23 143
38 218
45 139
36 264
48 298
22 199
27 157
11 281
14 79
28 267
27 170
16 39
48 71
39 226
48 145
46 62
18 298
42 32
11 216
32 154
13 178

29 247
11 207
29 266
20 138
34 196
14 51
32 11
29 83
14 272
22 181
12 49
32 102
45 184
29 209
42 297
14 177
50 221
22 91
50 284
41 220
22 252
11 192
28 259
11 257
20 32
34 264
24 232
40 171
16 188
20 41

21 32
29 150
20 59
18 51
44 226
31 172
18 15
44 238
33 193
48 100
15 117
30 187
10 187
34 214
20 108
44 111
33 30
40 124
29 50
26 147
21 162
40 183

19 223
45 166
32 35
20 59
26 291
19 112
17 86
36 79
42 154
47 135
10 58
22 128
35 231
46 193
27 78
16 73
11 153
18 67
34 176
50 52

18 239
31 159
24 272
34 163
23 282
26 255
27 196
10 130
36 271
35 170
14 229
40 28
50 117
27 170
30 112
50 117
20 242
37 68
32 32

16 127
30 39
40 13
40 288
24 264
34 240
37 148
38 67
12 27
48 94
49 203
15 278
22 70
37 100
28 110
11 81
13 40

24 136
26 287
45 145
40 263
31 275
41 26
47 267
27 110
43 191
43 289
27 155
34 54
36 71
48 130
44 247
15 136
15 247
21 13
42 143
31 25
14 164
30 243
40 274
38 132
41 280

30 74
45 175
19 235
49 299
29 227
28 87
14 133
28 181
42 181
41 47
35 247
14 44
19 291
27 66
28 176
45 201
46 103
29 269
49 187
12 146
20 62
45 180
27 221
16 222
12 185
44 52
43 93
29 239
20 176
46 215
26 66

30 27
46 69
33 131
47 168
35 36
50 186
44 281
18 239
24 234
37 87
25 273
12 271
36 74
22 131
48 24
24 93
35 267
16 110
14 216
25 181
44 276
44 188
26 256
31 63
48 242
45 72
13 13
25 34
32 78
29 274
29 47

26 171
14 31
44 190
19 164
20 250
34 102
31 264
39 40
16 276
32 294
22 16
13 69
33 52
26 240
21 236
28 65
18 44
49 99
15 72
34 116
17 290
31 245
37 169
31 25
47 235
13 58
30 131

21 150
40 25
50 282
11 158
28 277
11 282
37 210
31 189
13 195
24 27
25 228
32 252
17 108
26 17
44 14
45 173
16 57
20 95
30 181
24 290
41 221
19 244

28 41
37 57
38 52
26 183
40 67
16 265
22 149
17 194
31 229
50 46
23 15
39 230
43 188
36 281
34 167
50 228
43 171
27 181
14 257
21 141
28 60
16 247
21 15
27 107
35 32
13 271
32 240
31 26
41 143

11 164
25 100
28 162
41 158
33 258
48 145
28 242
39 44
36 31
42 207
15 37
17 189

11 99
43 257
42 126
41 131
28 285
41 206
12 81
31 24
48 39
17 222
34 243
15 161

11 250
28 160
13 192
30 27
18 293
26 264
50 198
40 18
41 214
38 26
33 87
13 174

26 98
14 157
47 87
28 44
47 63
26 34
22 175
36 288
12 30
21 27
40 116
15 293
45 101
39 161
48 263
32 207
34 183
42 121
19 222
42 285
37 233
28 239
37 131
16 231
32 30
21 132
50 221

10 86
36 193
21 32
27 235
12 241
44 97
26 297
17 75
27 215
40 226
47 299

24 193
34 149
17 282
47 138
47 176
42 215
33 153
50 249
24 270
35 23
22 55
17 25
17 64
22 30
40 286
39 247
10 58
15 147
17 116
34 54
32 281
17 234
29 85
14 148
26 24

21 70
21 269
49 42
32 267
28 95
28 181
49 204
40 215
48 68
44 150
21 137
13 172
39 145
16 22
31 15
20 244
22 249
50 293
11 70
21 54
31 223
16 127

11 208
14 268
46 62
38 209
11 193
10 79
20 15
25 20
38 155
36 49
19 211
25 103

26 293
30 64
16 134
14 241
50 211
31 110
42 257
40 230
40 181
14 15
14 91
49 121
40 224
46 15
31 178
34 224
18 294
10 76
15 203
19 268
49 196
30 79
47 192
47 47
27 203
32 83
28 135

20 154
14 146
31 88
23 235
47 106
26 181
28 52
23 126
47 39
25 143
43 192
37 187
33 105
33 242
41 17
11 270
44 147
21 131
13 118
48 98
42 214

24 138
49 91
17 133
12 254
11 67
16 256
41 148
36 261
37 35
46 102
17 231
40 27
15 184
14 258
20 159
42 25
15 40
25 61
42 183
18 24
47 43
15 132
23 289
30 137
38 94

26 79
35 95
22 207
15 48
40 139
25 85
20 45
19 130
42 227
33 47
33 109
32 180
43 281
37 240
30 113
29 169
45 74
36 155
18 139
17 116
50 186
13 219
44 157
41 108
44 266
37 299
40 112

10 138
45 180
49 282
36 265
18 204
28 162
28 99
43 278
13 197
21 156
32 96

14 109
22 106
38 35
37 244
37 270
44 125
46 154
46 187
30 188
17 34
14 211
36 86
24 216
44 191
37 66

27 61
30 18
34 202
48 109
31 216
15 286
46 264
21 118
22 150
15 172
40 83
38 273
42 249
19 264
48 166
48 93
36 241
35 258
12 230
45 276
10 199
42 134
20 94
39 215
21 226
35 153
40 206
18 215

27 91
31 299
40 166
40 127
36 28
50 295
48 164
25 184
45 34
32 179
33 281
21 149
33 99
18 297
38 264
11 146
32 74
34 12
17 262
34 180
14 56
30 258
21 46
17 166
29 269
14 77
47 207
36 298

19 230
10 97
47 127
30 200
26 233
22 205
41 106
44 209
23 100
17 264
25 140
31 275
35 123
30 22
41 119
37 286
25 187
46 166
14 281
18 23

15 100
39 172
30 259
20 163
20 198
11 94
39 85
16 276
38 186
22 145
45 114
18 181
42 91
45 256
25 23
31 131

29 119
45 230
39 294
13 210
24 95
26 285
49 150
47 40
49 169
44 102
44 111
42 75
14 11
32 189
20 129
49 264
46 37
33 126
30 242
12 246
26 207
15 300
32 259
24 157
25 174
39 264
35 137
29 157
11 267
42 258

14 201
15 208
50 211
49 178
32 109
32 106
40 40
31 96
42 213
29 135
43 255
34 160
16 143
25 158
22 239

16 32
36 292
24 78
10 66
43 294
30 134
43 298
28 280
30 257
25 284
50 104
24 121
23 120
28 39
49 237
18 291
40 194

27 175
39 81
41 238
10 157
22 258
32 129
50 93
14 83
10 204
20 240
10 25
44 38
39 148
22 98
19 204
14 291
28 89
41 171
28 223
31 116
37 246
26 233
10 136
13 245
36 254
37 273
28 240
23 205

26 41
50 243
37 296
13 86
48 37
19 166
47 100
35 77
46 229
20 28
12 189
44 249
22 143
16 260
47 272
44 31
35 34
24 108
13 77
10 64
13 84
17 201
24 168
17 186
28 133
13 10
10 276

19 186
49 200
43 93
47 154
35 102
41 120
41 29
42 224
48 72
28 68
17 239
20 167
40 86
31 227
49 238
35 250
31 274
43 124
29 176
40 267

30 254
28 278
43 278
49 248
42 181
28 281
42 62
18 80
23 184
36 122
23 123
47 83
29 214
44 90
24 243
42 35
26 175
29 235
28 27
13 225
25 179
10 25
42 240
29 291
35 290
36 62
50 112
46 217
48 46
17 149
24 198

26 237
36 150
37 180
15 198
33 181
16 75
23 289
45 147
49 122
26 250
22 49
19 84
10 270
45 37
43 48
11 209
17 61
46 294
18 202
11 258
50 232
44 58
16 206
40 93
48 116
24 112
30 180

30 146
10 139
19 20
22 153
26 259
10 201
27 96
48 284
25 142
15 82
38 165
22 140
34 171
15 152
36 158
41 223
50 39
20 151
21 12
44 102
49 212
26 41
15 287
46 145
18 160
25 116
44 237
37 10
44 134
33 190
17 138

19 295
19 54
39 270
48 192
33 231
33 56
22 228
21 153
47 166
12 177
37 34
46 171
29 119
31 243
38 247
45 87
31 89
48 161
25 284
20 238

15 200
34 42
17 182
50 179
46 239
15 65
45 214
41 130
39 89
25 50
44 265
14 18
48 98
12 110
12 198
25 270

30 218
13 55
22 40
40 60
16 244
39 114
26 278
15 110
39 144
12 122
13 295
18 87
45 239
39 286
36 197
28 26
49 100
14 22
46 205
43 195
19 34
25 276
46 242
16 16
20 142
28 282
39 215
24 119
38 293
28 228
44 185

27 123
42 141
20 293
40 251
11 38
27 100
24 51
35 293
25 187
10 21
26 64
41 168
33 82
36 201
32 70
22 40
16 268
17 103
23 195
31 165
27 61
23 177
47 148
38 94
16 106
35 28
21 28
49 78

13 251
44 48
10 34
11 286
36 249
43 273
21 29
30 116
37 121
39 80
43 141
41 55
38 151
30 20

22 10
48 235
23 226
16 104
38 118
45 224
36 128
15 86
37 157
17 98
43 73
13 249
40 65
23 57
30 248
46 139
10 143
48 13
10 24
29 218
38 185
50 179
39 234

10 241
31 27
17 204
46 44
33 158
24 16
26 114
45 289
41 196
32 217
37 175

24 270
25 137
12 95
10 131
39 32
11 227
18 19
42 124
15 227
21 81
21 100
20 137
17 72
39 121
16 269
23 235
49 186
21 53
39 180
47 98
39 201
13 282
22 229
21 28
18 161

24 81
31 146
12 285
20 156
48 70
46 162
25 208
23 76
38 285
35 157
25 221
42 226
10 67
21 67
17 124
11 108
33 268
40 280
48 48
23 96
12 203
39 18
49 172
48 239
32 135

14 107
23 97
19 246
12 296
47 294
37 253
50 21
35 222
38 230
34 171
42 178
25 12
22 73
33 126
10 121

10 263
10 230
16 182
48 129
34 167
15 130
45 298
14 260
35 219
37 198
16 273

15 286
13 269
50 143
45 212
33 34
20 48
45 110
25 262
16 16
40 18
37 77
47 268
42 278
20 276
25 267
31 127

30 191
20 238
42 44
40 243
34 55
10 214
11 279
42 121
48 259
47 294
11 136
15 276
24 158
17 112
43 203
24 99
24 24
36 137
49 174
31 12
31 206
37 62
42 199
29 269
35 49
38 10
10 14
29 37
17 236
16 228
49 160

24 71
31 294
32 295
29 38
42 59
50 133
34 73
33 50
28 270
14 114
44 214
29 83
34 175
32 30
24 132
38 288
50 240
31 261
18 137
15 250
50 242
22 134
12 63
32 29
21 55

18 287
15 36
23 286
15 174
30 113
19 221
14 218
16 90
30 65
24 283
21 297
13 41
40 87
34 42
26 151
24 92
40 181
45 263
36 280

13 103
26 152
27 125
30 230
12 195
50 238
31 97
47 71
15 253
47 255
26 106
30 249
40 220
17 82

24 164
29 63
17 284
24 163
19 233
29 99
31 129
39 30
36 99
18 171
35 298
38 253
15 39
10 162
45 178
10 37
29 44
26 140
50 88
42 164
15 205
10 115
19 138
41 236
24 149

18 202
36 99
13 208
42 47
40 58
28 101
38 203
35 144
45 228
21 108
11 186
18 179
14 38
25 55
38 140
39 268
39 101
39 118
10 38

15 119
18 153
39 105
27 241
44 63
36 115
28 243
43 98
14 145
11 87
17 93
35 142
21 15
49 95
30 177
18 117

18 125
29 185
47 242
11 221
21 98
37 196
33 164
42 110
45 154
39 115
32 73
14 18
17 170
50 11
25 154
44 217
42 115
26 265
45 102

30 95
25 234
31 260
41 129
47 26
22 72
21 168
31 37
35 223
12 224
17 271
37 255
46 203
14 219
28 66
28 57
35 34
38 65
19 191
43 42
11 203
28 70
39 143
37 86
32 175
12 265
28 116
30 233
18 205
26 206
15 184

12 75
33 157
20 86
17 284
27 136
40 38
44 128
25 246
44 156
36 71
14 275
39 105
44 254

26 242
39 297
38 115
41 15
12 278
29 81
31 295
19 175
12 144
14 282
35 57
49 204
35 147
30 218
25 66
34 82
45 253
35 195
25 196
10 90
40 192
37 279
50 160
31 158
19 176
37 130
23 272

22 167
42 154
25 115
37 246
26 35
37 214
28 95
19 87
10 122
49 136
17 66
27 96
42 64
31 52
19 284
10 96
34 85
21 167
42 190
42 117
16 206
28 17
35 210

25 226
36 276
16 150
24 12
37 199
47 160
21 140
32 207
19 256
19 10
12 108
49 298
25 194
32 171
20 33
11 279
40 208
22 197
26 295
49 159
37 270
26 279
11 45
17 39
24 51
37 289

18 221
17 218
40 38
12 13
13 119
16 229
19 206
40 75
32 149
44 148
50 109
45 23
50 140
21 251
29 46
41 249
24 197
43 202
13 293

16 226
37 21
11 57
35 90
38 28
20 18
38 101
33 178
12 55
36 131
23 38
47 194
42 226
15 19
32 149
25 287
33 265

26 174
28 298
44 101
18 250
48 51
43 279
28 248
27 227
37 65
49 89
36 99
42 230
35 235
36 200
27 197
26 35
44 36
38 145
47 111
50 172
42 148
17 15
45 249
25 91
48 44
31 55
30 31

12 229
39 272
41 31
24 203
34 272
43 45
35 141
19 17
17 19
23 57
37 102
35 181
42 283

27 75
15 228
39 120
32 61
50 145
34 179
38 264
16 62
19 133
30 231
49 293
42 242
29 267
40 26
28 300
16 41
47 84
16 43
45 232
41 89
12 193
21 255
14 121
18 268
17 283
48 50
16 285
36 265

10 125
39 15
50 144
38 244
40 138
31 171
28 272
30 125
19 195
47 229
25 139

26 138
28 214
11 194
42 20
31 216
20 201
32 213
12 241
32 298
39 39
45 235
50 241
33 12
17 68
46 231
42 237
22 49
50 101
43 87
12 216
20 150
45 234
25 135
17 58
28 109
20 32
44 288

29 76
21 103
13 167
29 19
37 253
11 111
44 77
40 69
22 277
34 85
45 98
42 113
45 89
48 122
39 298
27 116
49 257
34 62
32 17
37 72
14 75
24 34
29 15
27 184
23 155
33 62
19 229
11 285
40 19
32 153

19 88
29 160
23 253
29 164
34 275
47 115
31 40
39 155
24 265
48 126
26 90
25 239
44 289
17 203
31 24
10 138
21 208
43 250
11 269
43 86

11 148
14 32
12 26
23 60
15 187
20 174
44 171
21 189
34 250
41 65
32 217
31 86

23 190
15 21
29 98
16 246
15 224
20 294
33 32
43 204
37 287
49 23
16 73
23 91
43 66
11 134
18 296
44 292
32 247
16 239
29 113
12 45
16 117
14 154
23 138
34 229

16 188
25 176
40 291
42 46
23 114
42 134
11 118
47 219
13 198
12 234
17 130
34 293
40 292
31 276
42 250
26 165
29 72

28 187
24 28
11 220
39 13
39 215
15 148
28 278
18 188
36 251
34 197
15 226
17 28
47 44
27 217
31 271
35 66
37 288
32 181
48 20
17 168
21 112
27 297
11 235
31 63
34 211
23 14
36 249
43 211
28 201

20 156
50 11
27 30
10 162
41 154
43 245
10 144
40 32
19 190
32 127
24 215
12 12
46 82
42 104
47 32
33 166
43 236
35 274
10 44
10 186
47 214

11 78
32 20
21 160
13 131
31 116
12 219
37 276
27 277
42 244
36 179
44 47
34 140

22 76
47 25
21 12
34 138
43 20
41 251
26 75
33 286
28 92
43 210
13 52
46 181
34 89
34 118
31 118
33 131
17 251
32 57
37 251
41 43
17 108
46 34
30 134

14 50
22 78
40 199
14 229
11 104
27 295
13 278
31 290
20 202
18 91
29 148
41 46
10 168
34 236
33 139

27 294
27 231
30 155
43 22
25 151
21 266
32 88
30 28
20 265
19 77
44 207
36 32
30 136
46 202
27 31
23 266
27 100
31 215
33 263
36 124
13 145
50 24
10 63
45 98
36 28
50 267
42 271
16 278

19 37
42 182
42 82
28 184
34 80
40 109
29 125
49 287
47 293
28 103
21 165
46 255
25 28
24 75
30 63
21 217
39 73
45 262
26 123
25 58

20 138
42 72
47 64
30 41
22 227
36 209
28 279
38 138
13 198
30 285
11 12
34 162
38 259
34 71
17 259
31 270
44 132
22 173
49 157
35 287
38 232

11 155
35 147
36 249
49 173
49 43
17 236
22 56
20 253
34 187
30 202
40 33
13 62

14 146
34 31
10 15
17 22
32 50
26 108
33 169
44 282
41 281
32 155
41 201
22 129
18 86
42 29
23 134

