70

14 252
10 57
50 204
41 187
36 278
48 217
13 215
45 79
16 59
33 185
45 206
25 202
33 289
49 213
24 130

11 120
15 104
19 59
19 170
21 78
46 97
36 163
36 54
21 42
32 43
27 222
45 42

12 231
50 271
20 30
10 196
21 279
26 153
38 261
34 207
27 260
12 42
11 143
34 259
14 266

27 258
38 111
42 295
27 264
15 218
38 138
22 175
11 287
18 242
40 272
34 193
31 274
36 219
15 124
46 245
20 91
14 206
36 251
32 155
44 166
35 281
23 155
45 32
26 231
49 30
44 31
35 91
28 155

20 119
17 53
12 224
25 216
27 53
44 200
48 263
13 199
47 236
35 260
45 228
17 150
19 153
39 156
33 108
20 66
27 86
43 87
11 172
24 278
35 248

19 252
31 265
48 210
32 300
13 287
47 238
40 58
13 186
43 221
36 221
46 79
47 260
36 169
25 296
45 236
45 97
25 78
47 24
42 48
35 32

10 201
50 169
25 224
28 141
11 234
44 94
38 151
23 209
46 15
28 73
40 140

16 294
10 245
18 224
12 300
49 41
30 12
10 226
15 187
45 128
17 127
44 245
29 132
35 56
13 113
42 243
31 152
41 284

19 229
24 252
29 52
25 234
31 262
37 181
37 288
20 261
35 207
17 177
15 155
14 67
43 66
48 279
24 178
40 261
26 134
17 259
15 148
42 232

23 66
45 156
50 177
26 193
16 264
30 10
41 181
28 217
31 15
33 277
33 29
20 246
44 200
14 62
47 235
30 141
47 300
15 271
22 38
12 149
14 81
24 50
39 163
33 289

19 242
45 275
40 189
41 284
27 239
28 198
35 81
29 295
32 211
27 20
21 121
46 119
15 182
45 166
50 43
12 136
38 262
45 22
45 102
21 248

18 226
47 75
15 148
48 165
24 245
37 43
37 50
29 148
24 155
10 16
24 233
18 256
41 220
28 153
13 240
43 223
14 151
45 146
40 179

22 299
13 125
43 258
41 199
45 214
49 153
18 14
24 32
32 69
33 32
16 221
18 201
39 162
12 300
30 146
14 96
32 11
46 120
28 256
43 53
26 228
26 17
20 63

11 232
29 295
33 142
12 67
47 119
32 285
33 70
32 16
16 282
22 296
32 130
41 225

15 104
12 19
33 258
39 196
47 145
35 99
33 122
23 146
36 131
40 81
14 149
18 242
16 52
27 252
37 40
35 274

30 191
47 85
35 14
18 48
19 42
45 122
23 260
45 75
35 12
43 44
36 291
25 295
27 253
49 278
37 189
25 273
38 289
14 89
12 101
32 80
26 209
32 242
20 258
35 267
16 37
11 152
33 105
28 251
17 262
19 105
12 112

30 265
45 86
24 162
30 151
24 237
32 61
41 215
25 135
26 49
39 111
17 239
38 94
18 88
29 10
39 260
34 89
18 230
50 169
49 106
10 277
10 139
41 185
42 92
29 255
26 253
49 153
12 35
10 25
18 143
30 165
11 210

14 40
41 156
41 165
17 81
24 17
47 300
22 85
14 264
33 156
15 203
24 141
31 77
48 153
32 10
34 297

16 222
26 211
27 135
12 226
21 155
28 147
34 123
47 172
45 257
46 151
22 205
43 159
34 284
42 153
39 98
30 26
24 188

23 163
43 71
19 18
48 226
24 281
37 62
44 132
35 108
18 248
33 89
49 284
10 164
30 125
24 203
43 235
41 236
27 124
18 23
33 54
10 149
22 284
31 264
31 203
25 290

20 284
17 94
34 241
18 72
45 25
34 269
40 246
45 97
29 162
19 285
39 274
40 168
13 124
18 179
42 67
42 117
12 293
30 98
42 96
47 239
14 235

21 289
27 121
22 230
18 143
29 163
43 68
19 125
11 227
15 166
29 222
32 211
36 231
29 180
45 182
49 22
26 144
38 295
29 224
10 193
36 253
36 165
49 285

22 45
32 187
45 259
26 88
18 273
36 119
43 286
22 78
48 45
27 286
30 125
29 297
25 146
16 155
10 142
26 20
12 47
35 242
49 27
17 84
20 148
48 201
50 190

20 151
35 214
48 159
41 28
31 97
20 79
23 235
42 190
25 82
26 236
42 107
28 70
42 143
30 255
49 49
34 269
48 300
33 237
13 100
48 200
48 79

20 226
36 169
19 41
18 55
37 82
30 84
21 173
45 24
43 184
23 126
20 266
47 63
36 112
31 24
50 66
20 223
39 218
12 274
34 161
35 116
17 145

20 64
17 85
42 109
38 231
14 256
35 233
19 185
49 218
23 42
11 242
17 125
38 197
42 265
26 218
21 62
48 90
42 155
30 140
14 60
46 246
21 134

10 275
22 18
37 164
14 251
24 295
29 136
22 143
26 118
48 249
34 34
28 171

28 244
27 241
22 68
41 185
18 42
16 18
12 122
22 226
37 267
23 161
18 252
25 248
37 281
38 80
23 16
41 97
43 165
13 223
46 68
29 33
20 217
24 83
49 220
41 105
30 261
28 249
13 95
22 110
47 152

27 293
28 226
27 36
22 222
50 68
18 16
47 172
26 234
39 107
43 84
40 217
41 53
25 112
10 155
36 20
21 279
10 94
11 49
43 287
11 48
26 289
35 171
43 125
41 221
50 14
33 219
48 152
28 94

28 95
43 209
16 199
48 266
31 140
27 71
30 211
15 207
42 12
33 83
25 220
48 19
21 148
23 224
10 219
18 106
22 214
30 33
20 187
32 267
26 219
47 81
28 219
16 274
16 246
44 266
50 247
43 261
47 239

28 28
32 162
19 165
10 18
50 169
36 224
46 94
50 234
21 264
22 20
10 248
37 297
17 44
39 236
21 73
21 74
44 87
29 165
41 67
38 189
42 19
18 218
24 282
43 167
21 170
38 270
46 224
45 216
10 292

12 96
40 201
13 89
30 28
48 174
40 90
40 97
31 255
17 49
39 240
46 152
20 110
27 65

16 219
41 73
10 199
30 255
35 102
30 239
45 243
11 176
50 226
20 250
18 76
38 111
22 192
44 186
47 224
35 155
45 22

15 293
17 135
26 271
19 299
39 112
11 248
33 256
46 116
47 296
40 117
42 60
39 247
10 237
48 126
30 245
47 26

21 20
17 185
46 52
44 18
11 129
10 204
30 163
29 80
27 279
43 246
13 97
37 214
28 201
46 98
45 266
15 245
37 278
40 266
37 165
27 171
42 24
19 298

29 36
13 65
44 278
28 66
15 287
14 246
16 143
14 33
44 50
13 97
19 113
17 172
31 143
39 280
23 81
40 199
11 161
11 18
38 273
19 173
29 121
49 43
17 212
13 173
14 130
38 68
43 132
16 97
45 263
49 180

25 11
23 64
22 239
13 247
36 99
10 230
21 92
33 82
17 157
25 227
30 14
20 22
18 220
34 101
13 264
49 278
46 228
46 228
42 103
41 93
33 241
40 17
34 17
29 173
18 205
29 18

18 142
44 222
34 242
18 89
29 274
12 222
47 82
47 268
34 78
30 276
30 60
48 213
13 52
48 287
20 112
41 147
20 107
18 62
43 102

24 296
24 281
29 103
30 138
49 199
28 284
48 43
42 229
42 255
20 250
33 113
19 255
30 263
39 168
17 36
43 51
27 281
33 26
13 14
49 244
37 267
47 212
36 78
50 154
19 267

22 89
39 67
24 70
16 125
14 217
47 207
14 297
26 54
49 111
43 238
42 33
44 122
38 153
37 221
41 166
47 148
24 258
32 49
50 125
46 208
15 135
13 101
37 116

29 137
46 116
46 215
40 190
30 274
42 80
20 61
41 150
22 23
17 259
25 81
47 133
42 246
28 28
13 216
10 112
13 76
49 181
14 25
36 118
34 139
22 242
14 250
33 58
15 82
17 299
30 168
32 65
40 206
29 23

10 40
15 222
39 213
38 270
21 43
24 188
30 75
16 157
27 280
30 186
16 131

22 64
35 128
27 49
50 28
35 224
17 287
16 172
13 243
11 169
14 128
10 246
49 119
23 114
10 66
39 213
46 291
39 132
21 258
24 181
16 244
19 67
43 155
42 135

25 171
17 160
34 242
37 140
23 237
19 39
48 55
41 24
28 247
39 110
37 232
10 281
50 199
40 295
36 291
39 92
34 141
13 266
39 245
11 256
13 151
15 192
10 88
33 55
30 234
15 259

10 219
44 92
49 250
26 141
23 68
33 32
15 228
33 65
10 236
24 209
38 273

28 27
36 191
26 205
19 248
26 18
43 53
18 175
12 100
19 37
39 22
10 92
48 159
39 97
24 156
37 83
34 248
28 171
33 147
15 138
14 38
14 43
15 226
11 150
33 242
42 106
32 284
46 17
28 103
48 221

29 109
16 250
20 214
33 73
43 281
30 11
36 94
41 42
13 111
30 130
45 205
45 26
13 38
13 182
30 251
37 78
38 241
46 79
20 269
14 206
22 201
50 86
30 116
47 241
42 151
22 122
14 69
24 60
29 229
31 43

15 233
19 200
31 228
25 266
50 253
33 168
33 78
36 158
17 79
13 280
19 39
25 122
11 201
39 276
16 293
18 184

29 30
42 208
15 183
21 128
33 93
42 13
25 145
25 266
19 157
41 36
49 254
48 126
13 257
14 54
13 226
29 237
37 170
41 274
36 218
38 46
40 70
47 49
41 256
33 87
13 228
25 145
31 34
28 165
40 100
15 29

10 89
12 262
41 137
38 73
18 135
40 130
31 67
30 149
44 42
19 31
31 82

28 14
47 257
35 127
20 109
40 209
13 33
32 170
14 165
44 74
12 20
17 182
14 65
32 72
28 184
17 211
26 274
47 127
19 46
41 124
17 146
48 219
40 39
22 257
15 213
23 133
34 95
13 271
22 95
45 287

19 204
26 225
36 253
43 189
24 298
50 235
32 142
35 260
17 284
36 93
26 92
33 159
21 103
14 270
19 292
13 24
23 52
15 140
43 251
40 161

19 30
24 118
32 31
26 120
16 247
14 49
16 196
24 135
21 210
40 81
18 13
18 261
27 177
13 101
30 188
22 10
27 139
25 92
15 225
18 101

30 66
32 99
44 164
28 205
25 178
18 189
27 150
39 167
35 63
11 133
17 48
31 34
48 126
38 58
40 239
19 144
34 53
43 263
27 179
14 243
30 158
31 267
21 293
31 248
39 256
26 66
24 244
44 58
16 45
21 297
41 224

12 50
14 102
11 92
40 190
33 244
38 46
19 187
40 184
44 241
18 182
44 234
19 179
12 218

16 114
43 204
12 38
47 211
13 286
25 170
21 274
23 241
50 94
42 274
45 106
27 248
44 85
18 266
44 21
42 252
34 189

22 155
19 199
40 295
12 55
17 125
18 111
38 131
47 206
41 218
29 169
31 248
31 222
25 161
36 92
32 93
12 236
34 108
41 145
18 122
21 146
16 226
28 40
18 30

16 17
50 197
46 226
49 13
20 77
18 170
49 205
27 185
40 281
18 17
41 14
29 292
18 280
36 282
44 128
34 52
20 66

16 242
11 214
43 142
32 108
30 18
22 228
31 107
24 37
30 120
39 263
45 209
45 198
46 33
12 23
31 229
49 289
11 111

14 189
37 199
19 255
26 138
45 238
10 40
10 272
12 132
24 94
37 169
23 239
25 131
21 103
49 59
35 83

26 85
36 125
39 83
44 99
16 113
14 132
37 25
15 35
19 210
26 255
14 83
28 208
29 199
28 292
23 183
49 26
11 103
48 188
40 173
27 55
27 117
15 150
33 222
50 36
21 152
18 97
30 292

10 113
18 203
10 23
48 266
15 199
22 52
16 141
49 265
49 135
37 206
14 274

16 144
36 62
22 264
15 159
28 294
27 132
49 170
47 267
16 15
21 211
28 179
36 22
19 299
27 105
18 87
17 113
11 192

15 37
16 27
33 167
35 35
27 134
37 160
29 107
17 74
45 80
19 89
23 167
27 269
32 153
20 46
43 160
21 241

30 227
17 267
19 36
27 92
45 104
36 159
15 134
48 44
22 93
14 266
46 56
37 266
20 256
14 221
31 119
16 153
26 87
29 83
49 92
12 99
48 35
27 64
28 274
40 147
49 186
26 95
27 62
43 234
31 10
19 209
24 14

12 154
26 181
44 88
13 217
30 56
31 81
44 234
23 274
42 145
32 55
35 155
14 97
37 72

24 193
45 196
12 284
28 20
14 249
50 66
47 11
17 45
29 164
34 127
15 282
49 175
39 136
41 195
40 293
14 297
38 105
24 255
24 35
22 274
12 83
12 77
32 161
34 232
10 207

30 22
26 102
21 232
50 149
39 121
20 236
17 62
18 279
20 46
29 76
18 38
11 119
37 34
30 216
36 13
41 61
26 155
10 13
35 256
26 13
40 166
20 297
48 272
15 171
48 126
28 98
19 100
22 80
43 233
11 164
11 289

26 105
36 256
13 61
18 284
30 164
16 32
23 48
49 53
47 150
32 245
32 258
19 239
31 56
12 252
10 218
19 56
22 66
44 182
21 51
50 189
40 235
24 61
28 12
35 224
33 32
45 46
35 116

24 190
43 38
48 218
28 291
48 203
35 22
11 70
25 113
35 185
43 246
31 70
46 75
19 283
41 14
22 92
17 279
11 271
47 266
41 145
48 68
38 200
50 118
22 26
17 78
47 197

