54

13 90
39 181
13 238
23 126
39 173
26 218
23 258
35 195
38 138
42 299
14 168
49 269
11 185
15 194

24 116
25 22
20 38
50 288
44 156
24 77
43 239
22 97
20 172
13 137
15 182
49 78
47 99
48 289
44 196
16 215
16 295
19 171
27 130
18 256
49 33
15 295
12 276
44 253
24 207

14 295
50 31
48 204
33 202
27 226
24 232
36 230
26 113
43 58
33 300
35 287
16 54
27 144
28 50
20 165

28 281
47 24
50 112
11 267
47 95
21 174
10 204
46 10
37 228
48 142
31 35
30 182
21 33
40 26
16 116
15 279
31 107
29 246
17 239
24 32
22 174
48 76
25 60
45 198
38 71
35 159
39 210
31 199
26 96

30 194
11 245
28 78
18 166
24 263
50 180
26 213
21 191
24 281
10 21
37 54
12 113
40 55
41 170
20 244
42 63
49 126
35 295
24 187
49 236
33 290
16 61
18 214
28 17
17 265
23 57
31 14
28 119
10 107
14 239
11 254

11 207
42 239
20 17
46 60
16 215
23 227
15 215
26 219
36 121
13 188
36 74
29 299

16 239
15 285
46 76
27 231
12 47
10 89
45 292
10 17
38 189
11 18
27 13
44 112
47 152
26 234
14 206
31 98
13 124

23 207
10 65
11 217
14 169
41 169
12 245
35 72
15 293
37 162
36 149
31 24
12 16
11 138
32 295
20 296
43 171
40 42
29 73
47 154
45 122
40 269
27 79
11 97
26 188

20 88
18 86
31 254
36 258
50 99
23 81
30 29
23 200
45 102
41 27
17 43
47 238
17 127
13 253
42 289
28 202
22 238
30 176
23 105
46 166
12 253

16 37
48 181
19 236
43 34
41 77
45 85
22 161
32 26
12 230
23 266
10 187
29 147
41 34
35 19
31 264
48 154
14 24

26 91
40 169
41 108
33 199
43 254
29 279
35 90
11 161
46 174
13 134
23 199
37 192
47 283
35 160
16 95
17 191
40 286
18 130
10 164
17 27
43 105
44 76
44 94
45 259
24 73
20 248
14 122

16 107
49 259
31 240
49 11
13 43
37 21
29 119
19 278
36 282
43 22
12 250
22 109
12 177
50 154
13 288
49 103
16 201

14 125
23 114
20 252
31 245
22 168
30 189
14 244
21 31
50 269
15 256
39 219
36 26
14 12
33 174
22 196

20 106
14 183
40 122
12 145
47 25
42 39
27 102
12 141
22 122
38 25
50 119
48 56
15 197
21 266
23 164
28 242
25 244
13 198
13 116
45 73
46 275

30 43
50 20
19 159
21 93
11 209
21 181
25 91
19 237
11 219
47 183
47 104
23 96
39 117
18 107
48 203
37 120
29 91
28 231
45 277
24 31
44 46
48 66
22 295
25 25
46 139
40 255
27 20
11 34
20 22
32 172
33 101

12 93
34 213
49 79
40 117
45 296
42 71
35 224
36 280
42 242
24 64
39 234
40 202
17 87

14 199
28 10
41 247
44 114
14 213
44 46
47 220
41 254
24 24
47 13
47 71
34 227
47 197
45 207
38 251

29 87
41 137
37 10
18 196
25 24
37 240
45 13
26 252
30 200
47 263
28 11
50 159
37 275
16 22
49 106
28 76
44 298
49 160
17 232
26 38
17 95
13 31
38 231
17 278
15 246
40 54
36 77
26 112
31 171
31 71

10 278
34 35
26 260
18 231
26 120
49 227
13 27
15 270
37 263
26 30
39 59

20 277
12 229
24 93
32 284
30 61
34 176
34 155
38 138
13 30
29 130
21 116
20 269
23 293
33 147
24 38
12 149
35 184
32 157
50 49
35 242
29 249

11 125
34 113
16 41
47 227
29 234
35 206
35 60
13 118
13 20
39 62
17 172
42 192

19 215
48 65
23 223
47 260
40 180
47 126
48 95
25 32
24 28
26 44
45 101
49 176
43 114
19 118
29 76
38 40
21 168
44 259
17 173
25 281

15 220
26 117
11 92
50 65
34 240
21 231
13 110
48 280
28 263
40 263
35 129
29 250
28 234
40 260
25 189
44 195

26 24
11 126
45 230
33 144
26 14
10 178
37 77
40 124
23 168
41 79
44 211
33 251
41 172
35 290
45 214
17 190
47 65
25 178
48 239
26 82
45 299
19 286
39 205
38 35
38 15
38 64
42 237

17 120
27 68
36 128
34 149
38 93
26 40
36 167
18 45
37 251
42 172
39 295
41 63
10 31
11 189
37 66
17 267
15 176
22 272

11 300
10 172
25 140
48 266
30 176
33 109
22 135
13 180
20 174
49 167
35 258
10 198

27 276
45 103
26 72
36 113
40 48
47 163
13 232
40 246
20 271
14 56
18 282
37 160
31 295
16 113
39 170
13 118
14 54
26 83
41 297
49 264
24 38
33 213
38 12
43 234
37 258
49 97
18 190
29 230

14 282
35 174
14 200
41 166
23 111
25 207
46 234
44 300
37 84
40 146
45 181
35 268
48 277
24 82
31 181

28 57
40 121
39 219
39 123
35 232
13 168
15 48
12 201
14 248
23 189
32 290
45 170
28 145
36 148
46 282
26 15
14 76
50 34
41 127
43 15
31 143
24 134
15 267
28 55
37 50
18 264
14 226
29 152
44 275

30 25
11 78
31 288
40 147
24 198
10 121
40 145
36 252
43 73
24 96
48 104
32 106
32 201
29 143
45 108
41 212
39 135
49 224
30 233
50 279
40 92
22 159
20 165
20 274
16 129
43 145
11 168
39 174
16 132
12 16
16 174

25 273
23 73
16 298
21 231
49 277
27 198
39 251
22 294
35 276
29 110
38 211
31 14
48 73
40 295
36 283
35 259
10 87
20 193
21 237
23 28
24 264
40 83
27 230
49 193
43 239
40 171

21 58
30 286
49 261
16 264
29 15
19 116
21 287
41 72
12 284
13 173
28 114
22 167
11 158
10 14
26 135
18 150
16 263
10 199
15 93
22 254
36 27
31 104

10 69
41 162
35 48
24 235
24 100
13 163
44 187
31 103
39 25
48 127
36 158

22 246
46 123
18 84
38 145
45 89
18 185
46 147
36 294
36 166
46 194
19 108
33 254
17 275
18 68
50 88
12 19
37 20
49 25
47 136
31 209
28 224
47 127
22 69

30 248
29 28
43 98
34 268
33 44
21 156
35 17
50 293
12 102
48 239
45 271
24 187
13 233
11 296
19 128
48 242
45 147
30 36
21 86
24 300
44 252
20 119
19 105
11 83
26 163
23 198
23 299
46 261
48 145
28 267
25 288

14 104
40 268
39 27
14 19
41 246
35 45
12 39
10 47
14 16
28 67
10 117
24 137
13 289
48 147
47 257

30 26
50 192
47 208
35 49
19 56
41 80
15 61
16 179
14 249
29 71
14 149
12 277
41 142
11 65
19 39
45 195
17 37
13 161
22 21
38 209
14 29
26 166
45 36
48 280
22 98
32 172
32 151
18 73
41 97
22 202
45 151

25 148
35 274
30 64
44 229
20 243
14 188
33 141
17 53
37 84
40 207
48 20
49 184
32 167
30 111
14 168
11 179
21 112
24 162
46 143
20 100
34 110
40 290
23 132
28 40
38 48
33 120

27 265
17 241
19 202
16 239
22 119
16 194
28 200
14 159
32 231
15 248
42 18
38 239
30 46
48 66
20 226
41 78
42 99
32 32
10 33
12 65
14 71
18 202
21 32
28 293
16 286
38 33
36 215
40 276

17 42
10 190
39 61
23 139
45 191
38 182
35 138
15 180
26 63
17 110
39 219
33 184
32 141
12 269
10 179
45 276
15 109
40 59

19 70
19 227
25 246
44 129
16 166
46 253
49 263
11 286
22 68
15 152
49 202
15 53
46 92
16 218
43 227
40 89
28 185
45 32
34 178
39 102

20 142
45 181
27 227
21 239
31 216
37 27
10 154
49 135
42 53
15 113
31 130
43 232
45 98
28 265
21 211
36 180
34 46
13 288
13 36
23 169
34 39

22 289
13 272
43 171
19 256
24 20
18 183
36 210
19 215
43 67
17 146
46 272
38 243
10 285
29 150
47 38
19 153
45 79
18 245
30 110
35 182
13 69
21 120
49 84

28 127
23 162
40 63
40 13
28 280
23 159
20 45
48 114
50 79
24 185
23 250
46 220
30 244
44 226
35 247
48 172
14 27
49 141
22 10
18 248
37 136
43 52
18 75
29 159
25 41
28 276
10 117
48 179
20 180

14 107
12 261
13 223
38 281
14 219
10 158
38 149
25 22
24 191
28 274
29 179
21 186
47 14
22 280
10 255

29 71
12 298
40 98
10 81
11 219
36 245
30 74
13 286
30 150
12 255
16 206
33 235
11 11
37 66
28 166
19 196
43 151
23 119
14 16
32 289
41 38
32 118
23 84
26 134
31 54
17 110
40 127
41 246
27 214
17 53

16 57
25 192
50 229
35 197
33 82
28 226
14 138
25 28
47 279
12 282
28 166
20 273
29 203
21 52
43 162
37 121
50 128

14 107
42 78
45 108
12 105
40 117
32 254
18 83
20 298
22 260
14 157
33 241
30 284
30 130
25 229
22 261

26 279
20 227
24 169
48 108
50 212
26 60
28 189
37 133
49 153
31 86
21 193
15 133
16 64
37 284
44 209
31 105
25 178
12 18
47 287
10 143
47 138
15 83
40 22
49 298
36 83
25 75
24 203

30 251
32 235
16 215
32 290
40 46
35 29
24 289
50 24
41 232
23 231
34 51
41 250
31 263
24 142
26 188
34 121
42 12
19 35
48 211
26 47
50 181
22 42
42 297
20 33
35 16
50 215
50 205
49 112
20 294
43 111
18 199

11 195
36 49
45 209
18 240
20 188
44 21
24 54
33 253
43 125
34 67
35 223
23 117

28 51
14 227
35 145
50 270
12 140
17 43
22 225
16 279
47 139
28 96
10 71
18 232
43 193
39 123
47 163
31 260
31 288
17 206
36 167
19 190
49 69
22 181
40 239
27 232
32 19
14 160
41 25
24 257
22 114

17 215
24 71
14 257
41 170
16 47
44 169
46 193
26 98
21 165
14 282
44 181
44 49
36 166
10 174
36 44
36 36
32 29
38 78

24 283
12 12
29 215
26 229
34 252
31 23
46 277
10 111
25 198
35 171
25 183
26 259
50 81
30 125
33 76
13 24
23 257
12 48
23 238
23 214
39 72
28 252
33 243
41 91
21 20

