94

23 290
34 279
11 123
34 222
31 51
35 109
25 162
16 68
44 122
10 96
40 263
13 108
46 261
37 271
20 164
32 151
50 17
15 172
46 164
17 178
20 240
30 95
32 69
18 295

22 163
27 217
39 113
24 157
32 277
14 216
23 63
42 257
28 89
19 90
11 170
40 147
47 269
29 56
33 13
49 82
18 195
11 82
49 121
29 255
17 104
46 170
48 264

14 151
31 55
32 60
28 136
19 138
42 230
29 66
29 197
37 119
42 27
48 186
20 111
28 245
35 284
32 200

13 34
39 196
27 203
24 58
28 186
32 266
31 80
12 159
44 96
45 295
15 125
46 48
17 237
17 162

19 284
15 244
30 90
26 114
43 93
48 140
38 297
17 169
13 154
22 166
24 115
16 33
22 96
46 231
14 176
42 298
40 120
18 189
37 299
43 91

20 287
20 163
20 14
49 17
10 85
39 18
38 163
40 124
49 63
47 101
34 213
22 62
50 134
15 38
42 49
39 52
34 172
42 19
42 183
26 36
21 147

24 219
47 170
11 224
19 67
39 147
14 153
29 153
46 181
26 96
50 15
15 14
22 83
43 17
22 208
19 59
13 80
12 171
24 112
28 184
24 122
37 239
34 235
22 280
46 167
12 278

15 291
34 110
47 216
40 121
17 209
26 128
41 153
46 217
46 125
28 254
25 36
32 81
22 105
32 187
16 26
13 127

28 238
27 55
49 94
40 57
19 156
15 259
41 226
33 250
34 265
14 151
48 90
32 183
23 287
44 220
15 282
11 214
23 106
38 220
32 95
32 83
11 215
30 86
12 180
40 18
39 218
20 291
42 110
31 263
22 197

14 105
42 75
38 182
44 63
48 38
41 103
26 276
39 39
39 52
18 272
45 282
45 170
38 148
28 192
32 151

19 116
11 168
40 158
16 203
11 262
39 134
16 84
16 200
44 229
14 171
17 47
48 201
40 164
46 210
34 215
22 230
37 47
36 200
21 167
30 197

25 194
48 62
15 214
42 122
47 238
44 108
41 185
32 45
27 99
21 228
37 261
19 90
43 35
19 129
39 211
34 204
34 107
15 103
43 197
17 86
37 226
37 269
23 183
20 68
17 232
10 151

10 21
36 150
40 239
10 277
33 248
32 118
19 286
18 145
29 273
17 297
10 163

10 253
46 11
10 228
10 185
41 66
30 269
19 92
15 122
25 230
46 23
10 56

28 267
18 151
37 147
46 158
47 21
21 109
14 100
11 298
37 139
18 182
42 20
14 138
12 219
25 186
17 182
19 53
15 129
35 161
20 108
36 124
23 164
46 176
19 112
14 231
14 261
45 145
21 249
44 81
37 151

19 245
31 193
16 175
19 112
28 66
22 155
33 159
39 287
24 125
25 191
39 96
23 49
22 245
33 162
28 288
32 68
48 187
14 193
26 133
12 120

16 210
20 99
42 152
15 35
29 105
18 147
17 206
40 227
30 205
48 19
30 24
25 52
18 144
13 161
28 66
24 60
46 129

22 155
37 24
39 204
12 21
24 124
33 232
16 201
48 132
47 182
20 81
35 39
32 140
28 88
23 161
11 172
12 269
17 296
37 144
22 152
32 68
17 229
40 60
29 259

26 203
28 66
34 236
45 216
33 122
17 28
12 264
44 89
43 170
42 152
35 133
20 208
32 180
14 195
19 98
15 122
23 102
23 135
14 203
40 182
43 282
19 169
50 108
50 182
44 99
11 29
12 139

26 52
14 112
23 193
22 297
39 122
14 53
22 141
11 157
31 157
44 192
16 151
48 107
35 228
44 90
23 20
44 151
47 123
50 266
23 148
16 37
13 296
37 128
43 163
30 201
18 223
40 102
42 192

11 235
48 14
47 160
17 264
29 261
13 93
47 55
38 20
50 239
34 266
29 180
46 233

14 212
33 248
20 95
46 194
12 18
37 97
45 38
13 118
19 206
39 90
10 280
12 202
16 289
46 95
38 31

16 269
35 104
48 273
31 162
10 119
17 156
30 106
29 37
48 55
34 243
18 33
39 156
50 84
15 251
11 12
47 244
19 230

26 41
22 28
29 71
44 255
21 275
21 143
21 139
43 211
32 93
50 37
29 77
36 73
33 59
26 148
14 261
37 79
29 217
36 123
28 288
21 79
36 260
26 113
16 237
21 167
33 116
28 214
38 218

18 185
49 245
43 212
43 294
18 171
19 17
36 163
47 227
16 183
20 272
38 171
37 226
21 24
31 257
46 231
38 117
27 118
22 237
50 43

24 131
12 221
28 47
39 276
28 153
35 199
37 282
15 126
48 277
28 70
17 266
48 57
41 247
45 238
26 100
39 101
19 115
43 78
15 118
29 181
46 240
40 238
28 124
47 248
22 251

18 256
47 109
29 182
50 161
49 277
32 290
25 69
41 186
12 38
42 174
35 250
39 300
33 189
41 155
24 65
18 293
10 67
47 46
46 211

29 164
28 251
43 217
50 185
21 277
14 13
12 66
13 218
31 85
41 96
17 53
47 12
25 192
18 62
32 127
32 77
12 198
32 63
18 163
26 73
45 86
37 240
30 268
48 140
15 272
40 140
30 230
12 145
13 299
18 71

28 282
25 287
47 139
43 234
45 224
10 264
36 130
29 116
37 95
17 294
29 185
24 229
11 163
50 50
47 113
13 197
13 79
44 108
14 235
27 275
30 275
41 35
41 17
24 257
50 57
47 176
28 237
12 75
30 140

24 115
20 153
36 70
15 106
12 209
14 168
13 246
31 298
40 153
16 105
20 169
25 60
47 178
46 180
19 27
41 212
38 285
34 123
12 30
19 73
10 135
49 18
48 271
35 110
39 27

23 206
40 45
43 201
19 249
29 177
37 88
46 168
50 145
28 152
49 34
36 238
27 123
35 246
19 237
22 37
26 269
47 78
25 20
13 109
36 212
47 257
11 15
38 172
15 126

13 77
24 54
47 222
29 35
32 41
29 171
47 252
33 16
47 108
43 269
15 183
10 199
42 13
48 171

26 43
17 297
44 208
36 32
16 294
33 65
40 101
27 283
17 140
48 128
45 182
18 105
19 24
10 24
27 160
10 279
43 102
16 300
26 140
25 262
18 112
24 95
39 112
20 182
49 130
46 29
20 141

21 72
19 231
36 127
40 57
47 105
31 209
47 83
31 43
16 286
15 179
12 184
48 13
27 115
34 237
22 62
23 224
35 297
19 26
29 277
27 211
41 182
37 225

25 84
47 53
13 145
48 139
29 292
22 264
25 38
26 267
12 97
26 231
47 289
15 218
25 48
12 159
48 11
47 69
50 266
22 262
50 282
43 292
19 73
16 142
19 195
24 175
26 165
12 49

23 12
14 226
31 139
27 291
31 292
47 70
40 246
27 88
29 291
50 168
23 47
16 99
25 281
39 293
28 126
12 154
39 90
21 249
43 87
21 148
41 295
35 172
10 51
44 155

15 251
20 147
38 149
33 106
48 152
35 47
39 273
44 219
34 60
11 232
13 243
29 188
47 80
15 215
43 31
33 209

19 76
27 11
19 170
25 170
17 49
34 291
37 45
12 199
31 210
32 185
38 248
32 234
17 12
46 213
28 99
44 44
34 171
44 269
31 271
46 196

30 111
41 97
18 254
50 270
37 231
42 51
11 24
19 29
22 282
38 167
12 271
15 189
23 122
32 85
11 160
40 23
35 131
18 294
48 293
46 69
10 201
26 136
43 266
34 197
13 239
11 265
10 118
44 199
50 224
35 86
34 55

23 47
34 279
42 243
42 12
28 72
23 90
46 88
46 36
25 176
37 300
10 224
32 69
46 299
35 176
18 95
48 195
21 255
28 170
36 178
23 134
27 109
21 293
39 258
28 292

18 89
47 292
23 30
25 226
37 204
28 16
25 229
22 202
47 205
16 299
45 242
49 85
30 289
18 300
20 269
41 282
16 258
15 93
49 46

23 114
16 278
36 70
40 68
20 72
29 87
16 43
26 250
24 257
43 266
48 42
30 54
49 161
12 242
12 270
38 32
15 254
31 57
42 127
11 189
10 211
45 108
39 84
33 110

23 289
42 68
46 189
50 113
25 203
36 256
28 167
23 104
18 32
34 210
42 161
41 40
19 31
10 111
20 129
36 53
16 125
29 186
43 281
13 227
11 104
29 156
48 125
37 237

30 176
50 155
18 237
17 56
44 256
16 33
50 268
33 192
45 201
44 45
45 55
10 55
18 207
30 30
30 92
46 34
26 97
48 196
31 114
21 125
23 163
14 42
14 260
43 51
31 282
50 73
14 240
30 47
15 234
14 163
17 223

11 75
11 160
49 247
38 25
44 150
39 169
19 46
43 155
11 164
26 193
33 98
34 125

22 101
23 112
13 90
39 182
34 207
37 273
31 164
22 203
25 267
20 166
41 87
46 78
19 194
27 208
26 72
10 70
42 47
44 85
17 78
27 195
20 176
37 243
16 118

13 160
10 49
12 10
47 132
20 140
16 136
36 55
21 126
40 68
23 111
24 198
20 222
17 253
25 220

25 187
49 20
10 106
31 167
46 48
44 144
37 171
25 32
43 41
16 101
25 214
42 230
21 115
31 256
23 145
29 23
17 278
45 73
22 298
45 10
42 140
12 63
36 225
46 297
43 234
35 115

22 277
11 273
45 291
38 300
19 97
16 245
34 33
11 214
10 175
40 232
22 85
18 68
38 297
45 161
32 92
13 95
34 265
14 35
19 165
28 165
37 112
45 40
29 92

19 67
10 207
10 100
44 17
35 255
35 103
47 135
15 15
12 261
25 251
34 51
32 142
49 196
26 288
26 108
48 284
22 216
16 59
47 120
20 93

28 103
24 265
14 144
25 155
21 157
38 105
21 17
14 103
28 63
48 277
36 225
47 15
28 149
19 298
17 212
25 170
50 161
33 173
19 69
12 232
35 38
34 229
50 36
34 177
49 137
41 167
22 201
20 194
48 198

11 98
12 68
45 53
12 147
27 256
33 80
33 168
42 20
43 49
31 104
17 36
18 42

18 299
25 68
48 267
37 232
12 135
44 132
46 291
31 163
22 225
21 168
10 297
15 288
12 32
33 123
12 215
24 188
43 275
28 151
22 159

16 137
50 236
13 71
49 226
41 164
28 131
48 234
34 115
47 210
44 62
24 31
30 37
40 269
49 271
37 224
28 251
38 17

10 33
41 105
13 225
40 269
12 89
13 185
36 270
15 50
48 82
16 131
28 221

23 81
47 278
19 100
25 104
25 289
50 269
15 45
34 19
16 195
20 70
28 206
14 74
22 123
23 287
30 178
12 28
41 155
42 155
50 222
13 189
19 164
13 180
38 177
31 201

11 296
11 284
35 131
16 71
48 199
23 109
31 243
13 102
25 190
12 127
17 229
41 275

20 212
17 74
26 34
14 175
18 72
11 179
24 271
18 46
46 268
23 113
24 228
12 37
38 130
20 190
24 86
28 55
48 296
45 190
27 29
21 228
12 203

21 55
24 76
33 17
20 297
40 76
29 170
21 291
16 155
35 277
22 145
27 90
11 180
16 117
44 159
13 61
33 148
26 236
22 274
46 83
44 225
50 226
17 185

30 25
28 200
24 153
33 23
34 33
26 171
20 221
35 211
22 66
47 285
24 44
34 65
11 165
22 93
20 56
31 112
19 171
31 156
29 101
46 37
49 74
13 183
11 158
42 64
27 116
40 226
25 127
16 83
43 181
35 156
32 23

19 279
27 73
19 133
44 276
38 80
50 122
36 98
35 82
46 250
16 55
46 53
41 167
34 79
19 179
33 104
10 200
20 257
33 33
19 192
50 205

12 32
35 38
28 67
17 264
27 205
38 24
22 122
21 78
12 268
50 136
16 286
43 41
13 72

13 25
32 54
46 85
10 104
22 51
36 259
28 263
45 27
38 179
18 175
42 248
23 170
38 42
38 258

25 249
37 143
50 127
10 240
19 235
50 26
30 195
18 152
20 191
39 144
47 169
37 300
15 254
45 217
10 207
19 67
49 46
40 222
42 295
42 30
50 129
36 272
38 29
16 50
37 52
29 25

29 209
43 22
22 84
39 233
13 172
27 120
50 210
39 145
19 260
38 150
42 139
38 211
39 183
43 37
48 134
35 170
47 187
35 259
29 139
35 149
24 292
35 80
25 123
15 160
32 200
13 137
11 209
49 196
36 287
49 23

29 246
27 239
25 58
18 291
47 130
30 165
28 241
20 15
49 107
29 18
11 231
21 17
11 177
16 263
45 10
49 223
23 281
43 174
42 15
33 40
10 46
24 106
21 266
27 17
24 136
42 169
18 89
26 152
15 162
18 273

23 287
18 42
14 162
37 134
26 103
25 214
50 154
42 158
47 97
19 60
22 16
49 99
39 291
39 25
46 277
16 211
23 158
38 156
35 246
48 207
11 180
14 268
34 205
50 62

22 219
12 151
34 299
35 220
29 145
11 227
12 287
26 123
13 80
44 152
45 289
17 29
11 112
16 83
49 171
45 234
19 286
44 188
42 41
36 84
39 148
19 67
10 38

13 60
29 286
42 266
11 36
33 187
35 107
22 104
12 295
27 90
14 146
23 79
15 162
24 152
38 168

11 274
32 228
20 29
26 283
43 179
12 78
31 40
46 131
16 280
50 232
31 129
16 184

30 108
44 71
40 222
43 239
17 19
26 159
42 11
50 25
49 18
31 285
11 112
13 64
14 11
43 65
43 106
29 132
21 73
36 175
20 53
14 239
45 93
22 27
49 233
29 137
15 292
47 137
28 195
38 149
22 46
12 103
21 251

11 195
37 126
33 72
28 56
49 179
43 104
28 198
49 133
42 215
12 155
13 264
28 121

15 144
20 102
22 143
28 21
43 259
13 110
34 239
38 47
15 73
15 246
39 23
26 38
10 198
30 278
16 14
42 300

16 194
41 23
42 90
33 105
12 256
29 193
27 190
10 143
48 98
47 189
32 140
36 108
31 218
29 97
40 215
27 165
13 201

27 40
34 258
34 300
36 90
45 146
36 193
21 110
37 155
21 72
15 161
38 23
28 55
27 288
45 159
49 75
33 173
31 144
25 121
46 299
13 294
47 281
18 27
35 12
30 269
19 212
22 15
19 289
50 72

16 181
39 221
38 84
49 140
35 130
29 181
36 201
48 215
40 154
14 84
17 252
18 255
19 106
35 179
19 156
16 299
12 186

17 11
47 210
41 72
47 275
27 89
10 88
12 214
45 57
26 17
34 31
24 208
23 188
23 152
42 31
33 237
34 215
12 152
44 206

21 113
17 257
36 196
43 34
24 55
10 41
21 117
49 57
45 15
41 108
12 298
41 40
37 44
31 94
32 38
46 297
42 119
11 140
10 141
19 190
49 162
18 291

27 182
27 38
38 243
15 151
25 32
38 194
33 257
40 117
28 235
11 297
30 288
16 73
18 183
15 20
15 199
49 89
32 261
38 282
41 14
16 24
28 128
47 293
32 173
32 87
34 123
30 236
22 194
41 294

22 254
10 210
17 243
16 188
30 101
26 74
25 129
28 172
18 128
23 298
29 14
18 288
17 86
10 195
20 17
21 136
34 288
28 40
38 189
47 294
49 145
18 101
39 195

17 112
24 56
10 220
32 239
11 195
14 65
27 189
10 168
41 15
28 275
40 57
32 152
36 49
50 87
49 16
21 180
38 100
46 282

25 175
44 112
46 231
12 70
50 174
38 99
30 25
41 59
34 286
15 200
44 57
25 196
39 20
26 12
29 227
12 93
25 176
18 211
12 100
12 43
33 169
16 98
16 278
27 234
43 44
50 56

10 108
15 17
49 208
47 68
22 230
35 152
45 122
20 217
18 29
50 33
44 181

26 113
37 87
43 221
33 60
38 227
38 94
35 246
47 72
24 247
16 21
49 65
47 67
42 140
21 220
35 60
34 214
17 181
12 159
20 256
32 130
42 229
10 104
11 100
11 144
14 234
27 17
34 21

22 39
16 77
17 159
41 126
13 225
17 230
33 225
18 267
34 122
39 297
10 111
28 117
47 27
36 47
30 161
41 262
41 238
13 187
18 224
13 217
29 219
27 10
46 160

10 202
25 147
27 297
30 88
27 240
38 296
50 41
32 14
39 18
46 14
31 19

21 11
14 283
31 128
30 20
20 61
32 164
22 168
47 49
32 165
28 84
43 271
12 245
33 72
22 36
22 11
35 56
31 222
15 196
40 159
29 16
14 125
45 281

16 105
11 147
37 18
33 238
34 19
16 215
18 290
18 175
33 214
15 141
44 153
49 14
33 261
44 63
14 291
50 42
29 69

18 23
20 105
26 300
47 201
21 76
28 140
46 201
17 156
15 94
16 114
28 102
35 14
34 52
24 228
28 87
47 240
12 216
24 218
27 213

29 29
35 218
44 244
30 51
50 143
41 162
35 219
25 106
24 243
31 40
17 67
17 39
20 237
32 217
36 108
30 292
27 254
15 194
22 267
34 84
28 81
27 115
38 112
37 93
23 21
26 241
20 12
44 206
19 38
42 294

17 259
40 123
13 237
50 40
32 73
21 263
32 172
45 180
10 216
44 11
17 138
26 39
22 166
41 300
20 187
39 276
37 83
16 58

25 33
45 259
41 243
28 289
37 137
31 114
20 206
25 120
28 126
50 206
38 112
25 209
26 23
16 36
30 161
36 138
11 163
46 247
15 250
37 254
16 254
43 33
10 23
18 134
16 11
15 86

29 19
44 35
28 251
32 141
47 197
22 174
37 113
22 220
42 179
23 156
14 201
16 30
34 142
36 21
39 230
14 265
46 22
18 196
28 46
15 202
19 197
21 92
39 175
31 236
44 75
36 69
18 10
21 216
27 53
15 260

22 281
38 169
29 212
47 75
44 31
11 125
26 258
28 108
48 247
19 233
20 88
33 295
31 167
20 118
13 142
48 203
14 138
21 225
47 26
50 66
29 15
17 73
50 236

