100

12 211
10 291
13 94
32 283
50 249
18 168
16 253
37 274
38 228
42 224
21 145
29 90
42 120

21 201
35 235
50 248
46 155
40 253
15 75
50 104
26 66
50 151
24 259
43 193
29 245
28 234
43 227
48 264
27 295
49 60
42 173
25 196
16 246
48 137
41 84

19 19
44 55
15 242
32 134
26 201
42 187
27 208
31 181
48 160
21 223
18 110
31 166
14 204
48 160
43 31
20 56
41 243
43 124
27 203
30 270

24 285
30 38
37 131
15 94
39 161
38 118
23 128
10 98
30 240
30 275
32 13
13 170
14 223
15 165
24 73
44 59
31 231
43 253
28 219
24 270
21 36
33 45
42 215
19 36
13 254

15 170
44 37
47 74
24 204
47 117
33 140
33 121
10 105
19 122
24 59
27 298
35 116
15 259
48 267
25 196
50 33

19 111
42 240
27 255
14 118
12 46
39 287
32 215
13 73
28 31
19 229
33 258
26 21
25 13
25 135
45 299
27 66
38 245
34 290
43 43
21 225

15 118
33 72
40 129
47 85
18 73
13 221
43 207
31 97
40 212
34 158
12 60
42 268
45 70
24 69
11 101
14 157

26 62
44 133
30 211
22 53
45 155
13 216
43 234
46 238
41 165
24 272
14 242
30 79
12 108
28 219
40 17
26 72
46 185
13 126
44 195
45 79
31 79
41 237
13 284
40 203
31 180
28 163
43 126

17 10
27 27
34 188
39 204
27 98
28 199
45 290
31 82
18 184
28 145
26 258
33 166
11 159
20 210
47 84
10 74
17 131
44 269

30 276
44 65
34 231
33 198
13 141
45 264
29 125
34 176
17 176
14 275
45 184
33 101
37 11
12 74
39 278
19 196
42 65
26 51
40 68
33 136
15 299
28 134
35 173
34 255
40 32
49 96
40 81
49 255
38 242
32 173
41 141

15 55
26 51
31 207
23 160
33 224
16 108
10 261
45 24
15 253
35 151
30 22
15 96
39 124
20 216
18 77
12 214

12 58
20 223
29 233
21 77
33 270
31 292
47 60
23 224
18 60
14 232
24 285
32 36
14 59

26 273
38 269
35 140
13 248
10 49
17 66
24 263
40 194
45 228
10 73
29 26
43 86
50 173
43 135
44 187
18 121
41 165
17 105
37 242
16 182
46 116
45 51
41 205
39 208
22 117
40 131
43 173

22 184
31 114
11 191
30 276
33 160
48 173
35 119
16 65
28 41
28 281
37 283
11 265
13 119
44 25
32 132
15 237
46 134
14 123
34 98
40 246
18 173
45 27
19 158

10 177
14 230
38 99
47 101
46 27
43 46
32 115
48 262
22 93
39 300
49 226

13 157
50 167
27 183
18 300
13 165
25 64
22 12
24 111
18 255
50 32
38 25
22 68
45 128
30 109

20 112
28 292
43 200
31 118
47 114
35 256
35 178
26 248
23 124
48 298
17 286
49 65
36 35
25 105
25 265
26 104
35 72
48 85
26 54
23 80
18 255

21 118
26 241
41 32
38 104
36 288
46 38
12 290
24 244
48 137
13 241
19 251
25 133
33 113
20 132
31 204
46 19
36 60
42 165
10 299
35 117
11 157
50 45

21 84
42 158
42 85
39 73
23 178
40 120
37 35
34 48
35 256
44 37
21 224
13 169
23 75
10 167
21 26
23 184
29 184
10 210
29 50
40 215
17 224
34 27

12 105
32 158
47 188
32 111
26 102
12 225
40 36
21 268
29 91
41 66
16 261
30 46
24 211

27 299
38 279
32 272
36 252
34 191
38 39
24 59
13 211
39 38
10 220
49 249
19 282
25 200
10 244
24 113
27 243
41 185
16 61
30 134
14 129
25 55
16 27
41 97
25 300
38 294
14 153
22 182
44 101

14 25
50 75
17 123
41 298
32 116
21 274
21 98
13 52
15 168
49 205
16 111
18 191
16 116
44 61
38 293

13 233
15 162
22 231
22 282
22 70
47 128
11 92
30 63
15 11
49 51
26 63
15 150
14 286
12 201

26 36
14 294
40 86
19 33
27 70
28 159
39 280
33 65
19 20
16 217
33 89
49 153
27 103
49 295
21 127
25 249
45 138
16 52
15 211
14 39
19 59
22 77
46 35
14 37
25 31
19 207
49 70

19 75
19 97
47 76
10 151
50 85
36 289
15 125
16 178
22 86
11 17
22 48
50 23
14 182
41 39
21 45
18 156
32 293
20 88
40 207
12 227

22 144
45 87
47 46
46 178
44 172
11 151
25 97
19 48
45 228
20 149
12 296
25 116
14 212
33 145
21 157
15 17
17 293
20 193
10 246
35 189
27 60
11 85
18 177

24 207
45 162
35 118
11 66
44 117
25 280
36 288
42 128
38 101
48 299
19 298
17 154
33 228
37 142
11 293
10 77
25 128
33 25
32 53
50 235
33 175
44 172
18 171
50 73
31 178

21 140
18 289
29 226
46 287
17 81
23 152
37 221
49 96
12 221
30 137
13 196
23 105
25 215
19 226
20 228
29 195
11 157
26 17
36 109
10 213
45 195
31 120

29 214
11 232
24 273
37 160
23 97
47 44
34 209
30 60
19 218
24 117
26 27
29 126
40 273
43 156
49 206
39 180
39 266
42 80
36 197
13 168
22 138
47 140
25 238
25 285
36 285
39 115
18 112
10 70
23 69
34 243

14 132
43 165
45 98
23 176
20 197
26 151
37 67
38 219
49 237
19 261
40 179
22 87
44 34
40 263
50 97

24 127
15 196
41 46
22 227
22 163
10 104
13 97
40 183
32 257
16 60
14 19
36 79
49 257
35 205
25 120
23 106
10 79
19 116
50 144
18 171
35 32
24 93
45 16
47 233
20 243

11 268
10 102
38 20
26 43
38 138
32 49
33 195
13 290
30 247
32 119
48 248
42 113

30 145
16 294
41 144
31 123
19 162
18 180
14 168
47 87
20 131
18 80
41 243
40 150
25 89
32 111
10 168
21 145
22 267
31 188
10 15
46 118
13 226
41 276
17 169
48 122
39 11
27 140
39 221
33 189
22 126
16 295
44 291

10 63
13 38
37 28
33 293
14 232
29 241
28 131
45 55
22 140
20 110
30 12

21 221
22 235
29 224
26 28
26 33
34 50
44 70
10 130
38 87
31 114
44 59
38 204
29 118
22 233
43 10
25 272
26 18
21 57
34 90
38 161
15 114
11 258

29 274
26 149
13 276
16 135
44 145
19 137
45 197
12 90
13 247
33 22
42 229
46 283
46 137
35 290
16 40
34 283
49 180
24 269
30 157
20 84
29 44
46 88
17 204
10 260
40 170
31 66
34 99
40 133
40 144
32 49

23 242
22 121
18 77
37 175
47 226
27 274
40 207
49 205
13 108
14 87
30 120
13 17
40 236
25 107
46 237
30 153
20 83
31 96
28 250
28 150
13 146
49 300
19 91
35 128

18 232
38 262
15 265
28 36
16 271
32 258
23 184
50 117
47 195
29 231
41 171
37 95
44 252
33 23
16 10
12 202
17 96
14 57
37 247

30 220
14 135
38 40
45 273
28 32
39 192
44 160
43 190
47 42
29 271
14 218
38 142
45 151
10 147
41 94
24 73
35 174
35 21
16 118
23 206
33 19
35 293
29 230
21 237
39 69
41 161
36 73
22 74
19 299
12 235
31 217

16 288
12 155
43 92
26 263
35 80
49 292
15 47
47 97
21 280
50 264
24 65
41 95
27 264
20 242
31 176
47 258
31 26

23 58
19 282
39 277
26 282
39 286
50 277
28 49
41 122
32 236
11 175
35 148
12 17
31 60
43 281
10 115
34 96
31 298
41 29
25 95
14 33
35 28
28 94
37 196
34 198

19 209
10 138
28 270
40 31
20 67
30 33
12 238
21 16
31 237
39 59
42 86
29 50
12 58
11 218
30 74
29 278
39 64
26 61
37 13
38 115

22 279
17 59
31 209
26 18
25 274
50 110
35 24
39 193
14 210
34 89
23 274
43 36
36 254
32 110
28 181
30 271
33 193
50 34
18 238
23 172
20 247
17 46
11 117

26 224
32 165
43 16
26 138
36 294
37 205
17 55
20 291
29 106
46 167
18 103
44 174
49 92
27 164
27 257
40 288
19 236
24 265
41 274
47 242
50 273
24 235
27 133
43 39
35 160
35 146
28 205

25 143
40 79
47 218
29 64
39 70
30 173
36 25
40 215
46 252
49 30
31 140
35 112
43 108
29 194
45 283
39 57
32 44
16 185
47 235
43 173
42 121
38 128
24 149
34 279
49 203
15 36

10 63
32 78
40 128
20 120
28 261
13 180
35 157
33 279
30 148
46 134
17 245

18 148
32 258
13 266
21 86
23 61
40 231
21 254
42 36
27 169
29 115
31 90
22 194
25 23
20 269
25 248
41 145
13 153
23 96
21 50

28 185
28 192
29 223
19 175
18 119
42 286
41 82
18 97
31 205
36 263
18 226
18 287
10 222
41 88
20 288
50 112
14 45
26 195
22 278
25 63
30 284
34 257
23 125
38 148
19 250
42 122
39 124
10 155
16 84

18 211
14 146
34 168
26 279
28 293
34 239
36 180
28 78
43 260
41 162
38 82
17 194
35 255
17 271
12 181
44 274
29 111
36 244
14 266

21 68
17 239
21 24
11 123
38 12
36 233
32 27
48 167
18 120
41 148
11 291
30 236
14 172
47 241
31 226
41 138
16 138
36 262
50 53
35 181
38 230
30 207

27 179
27 117
14 170
15 137
41 109
28 194
23 200
15 248
26 182
40 240
16 139
26 247
43 213
26 30
11 107
13 264
43 106
10 183
42 101
16 20
41 61
46 100
27 48
20 189
38 136
47 12
10 133
13 42

16 60
10 14
35 51
13 180
33 120
12 180
30 30
20 40
48 107
48 114
42 139
35 282
33 300
16 77
13 96
22 285
10 296

18 82
25 83
50 23
40 125
16 278
17 295
50 222
36 175
10 239
41 158
23 205
43 13
24 281
14 10
38 74
26 300
46 77
20 81
10 93

17 108
31 41
19 76
20 12
37 53
17 265
23 258
17 95
44 251
30 42
39 94
17 247
39 248
32 63
11 130
36 155
27 39
14 258

30 171
36 163
30 171
13 202
48 300
33 146
49 226
21 38
14 209
18 257
33 58
17 270
21 82
15 74
26 171
10 162
25 43
32 181
20 155
17 20
33 53
22 218
14 52
24 129
14 185
41 73
48 106
12 103
42 296
39 161
42 204

29 107
13 200
10 167
16 109
12 93
11 165
45 105
18 175
48 152
39 154
31 121
15 223
27 26
33 143
12 145
32 256
14 111
15 101
15 168
38 59
38 177
44 252
33 113
40 209
10 174
41 283
42 228
32 142
42 188
34 260

16 60
12 115
32 70
15 223
32 152
37 62
45 160
49 104
33 192
49 29
23 121
23 134
42 12
20 191
40 297
20 295
19 10

21 202
20 131
14 67
35 288
28 193
27 191
37 129
19 131
22 290
48 85
28 25
15 57
38 234
49 34
46 90
49 249
29 229
23 235
12 117
10 274
16 180
43 293

11 120
31 215
43 34
49 10
23 213
44 33
26 60
18 95
47 191
49 32
16 120
36 241

17 232
36 109
35 268
37 183
12 12
43 220
38 300
19 43
37 173
29 176
11 45
22 133
11 265
27 232
49 194
26 243
48 25
30 275

17 44
39 160
36 72
13 64
42 163
30 137
20 32
24 130
29 66
30 256
45 244
30 34
26 82
34 279
18 213
44 116
27 102
43 292

29 99
31 27
11 206
14 141
44 70
27 235
12 282
16 233
24 12
13 50
35 274
41 107
12 134
30 233
17 165
31 203
46 168
39 66
45 98
50 125
19 210
37 112
25 104
27 197
16 97
46 67
23 51
47 16
32 145
38 22

18 262
44 129
46 232
19 45
25 34
24 273
37 65
22 15
30 89
40 288
50 277
49 208
50 88
12 299
27 209
35 300
24 142
35 125
30 247

13 171
27 150
17 51
24 295
33 101
13 91
45 159
28 286
35 141
48 113
48 20
29 212
29 140
41 251

14 221
32 227
50 88
25 181
41 196
45 237
47 39
33 295
47 204
22 64
30 249
50 68
36 268
36 214
24 196

23 88
17 11
11 276
28 148
26 245
12 179
21 249
38 281
27 109
13 83
35 189
23 206
22 220
50 191
26 59
44 261
10 215
21 71
43 196
21 163
10 188
11 13
25 173
11 94

18 84
22 18
10 201
26 207
25 14
24 12
26 285
42 15
17 173
28 288
23 53
26 290
42 87
24 184
46 109
40 235
19 230
15 118
30 140

30 122
29 68
50 288
25 269
27 269
44 63
47 218
10 113
21 202
35 101
12 240
24 118
43 229
26 291
15 16
16 249
19 97
22 296
10 170
12 175
20 241
32 97
13 51
22 201
43 43
15 239
36 299
14 281
43 100
26 281
47 59

13 298
27 179
39 207
22 27
13 108
50 54
12 92
41 282
36 185
20 260
39 150
10 249
18 119
35 49

30 78
24 246
21 166
12 121
10 177
22 146
47 114
20 164
15 202
45 49
17 78
19 240
18 92
23 33
28 83
18 178
44 85
48 80
36 165
20 272
24 272
26 201
10 102
19 281
35 263
16 197
30 280
30 81
40 67
48 276
19 135

13 105
16 78
32 146
31 80
15 137
14 47
43 115
35 75
31 266
32 290
19 291
44 84
33 162
39 300

28 83
22 67
29 274
34 204
29 300
44 106
22 283
28 294
48 173
30 241
19 255
37 119
15 62
48 208
29 193
22 70
11 239
35 101
26 105
35 234
30 193
32 287
33 113
31 81
11 90
31 19
37 281
33 235
23 77

17 116
10 254
47 248
47 252
16 115
16 51
48 215
18 232
43 138
16 202
35 283
23 232
27 221
49 154
16 130
28 74
34 68
28 179

16 20
28 50
24 246
41 299
36 284
16 63
33 15
44 12
26 21
14 44
25 146
23 43
29 280
44 110
48 217
32 98
16 196

26 186
38 12
37 198
10 131
31 82
33 188
31 249
27 106
30 48
29 147
46 150
11 175
20 196
14 82
16 237
25 184
41 21
26 171
16 203
32 35
39 97
34 112
36 13
19 282
43 116
50 263
42 59

14 206
14 280
40 249
41 93
18 181
11 289
41 31
13 167
31 154
47 70
48 206
16 203
42 88
42 17
20 161

20 195
49 107
50 119
20 90
35 42
20 109
48 85
27 238
18 192
32 223
44 13
42 242
25 97
20 42
20 81
33 232
49 207
43 72
31 291
12 19
15 107

24 205
43 130
31 168
34 187
19 16
16 64
48 95
31 103
11 164
32 189
23 204
17 251
13 287
12 53
42 119
14 218
23 197
15 108
47 155
30 141
24 248
37 59
29 224
44 161
49 19

10 192
42 148
34 193
23 270
34 205
47 139
19 47
10 87
13 18
46 264
41 119

17 133
27 173
43 291
34 160
39 240
39 71
45 247
34 24
19 232
28 85
43 29
19 188
11 285
45 190
13 34
19 230
13 196
30 187

18 52
27 13
20 270
43 100
13 70
47 246
30 254
14 261
24 296
33 65
21 300
21 147
11 76
40 111
36 157
46 271
44 136
40 155
34 78

14 296
19 21
47 99
35 87
45 29
33 274
20 269
21 245
14 112
24 40
12 223
27 274
45 128
18 132
15 216

25 42
17 252
32 116
40 75
27 94
42 114
37 197
28 224
42 12
44 155
40 120
45 248
25 82
36 147
37 257
27 13
12 296
27 261
12 252
10 274
34 263
20 237
38 215
31 189
20 68
46 18

14 119
17 283
27 90
19 82
38 258
28 270
22 185
38 121
38 235
34 42
23 212
12 164
20 102
34 283
20 134

25 187
24 113
27 142
50 239
13 200
22 208
50 284
50 169
32 111
18 182
43 236
21 137
26 289
29 202
31 245
45 51
11 93
18 92
48 211
33 52
41 173
10 295
46 134
27 249
50 189
29 166

22 218
14 41
40 10
32 107
13 144
23 201
25 222
50 194
18 253
14 273
48 136
46 243
10 172
49 165
47 81
16 17
44 261
45 198
33 89
11 117
19 63
15 34
29 250

14 225
36 288
32 77
19 246
20 46
14 165
35 213
28 77
45 147
32 267
18 53
48 114
45 223
38 236
47 236

25 45
25 28
33 159
25 135
44 148
40 113
35 45
42 285
47 279
23 131
24 174
28 167
10 126
40 94
29 52
14 233
41 245
46 84
26 213
32 88
43 295
44 285
21 120
48 181
34 264
23 126

23 184
31 53
47 34
46 70
50 252
14 233
21 183
13 45
20 265
30 55
30 10
15 83
38 103
50 120
21 36
27 20
26 109
10 271
49 13
20 50
45 168
37 33
43 99
40 93

29 12
10 219
38 150
38 256
12 257
23 272
29 233
14 156
26 295
20 291
26 93
15 285
14 95
32 62
47 37
25 173
40 263
40 233
43 111
11 202
13 181
20 278
17 211
14 44
33 92
22 69
24 114
11 115
49 175
28 101

16 284
25 165
21 75
22 42
37 21
46 41
36 225
25 290
26 256
41 141
30 165
26 195
43 189
32 99
50 224
32 139
39 28

11 68
36 290
39 131
27 84
29 46
28 82
22 81
48 231
26 19
17 262
42 60
22 53

12 159
24 98
14 42
39 76
21 133
20 27
33 100
47 16
39 202
17 210
17 88
18 174
50 40

18 190
19 80
19 71
42 63
50 57
25 212
42 207
33 251
18 243
40 13
21 23
44 167
26 223
44 39
49 135
27 186
33 70
23 36
11 97

17 45
20 117
15 246
46 245
30 36
31 237
14 83
29 178
32 53
17 135
40 208
23 134
15 245
30 100
40 82
29 201
13 257
24 71

28 244
13 280
22 126
30 36
32 184
28 189
13 51
28 102
34 210
46 218
28 178
38 103
26 183
25 37
12 121
49 194
33 232
28 279
37 55
15 111
26 236
50 163
37 252
26 173
34 258
33 102
27 82
18 54
11 35

17 295
33 108
10 217
23 165
38 36
31 59
43 186
14 297
29 201
35 130
47 95
28 178
15 126
33 117
47 241
26 20
30 227
31 235

10 60
33 132
50 141
28 239
28 158
31 27
23 294
26 216
48 167
42 262
17 52

11 111
42 148
44 179
12 88
21 33
27 174
14 117
16 240
46 207
44 193
37 117
26 15

27 180
37 33
46 146
16 198
39 94
16 123
29 52
27 225
44 14
41 100
24 147
12 142
23 192
46 284
26 264
25 259
45 156
35 103
21 292
28 168
15 101
47 283
33 266
28 104
33 77
30 69
25 228
42 221

