79

16 299
25 115
34 95
44 118
37 105
38 113
14 59
37 198
23 108
43 109
42 86
30 41
43 89
46 88
13 204
49 169
43 152

13 88
33 101
34 105
12 189
12 103
13 91
33 146
25 97
20 127
29 99
25 247
25 98
47 157
21 79

20 19
17 126
21 250
31 156
48 249
31 276
13 19
14 167
46 246
42 244
13 138
27 31
18 225
45 240
36 34
24 82
46 185
36 21
20 162
33 249
19 145

29 181
11 100
34 195
16 273
27 186
26 269
36 138
41 51
20 179
27 249
10 143
33 162
10 39
12 56
12 12
29 241
34 95
10 126
28 213
46 200
49 42
49 102
17 259
45 83
18 202
34 221
29 209
43 134
17 179
36 192

29 150
18 268
40 62
17 170
11 161
29 294
27 190
44 79
23 89
47 41
24 213
13 104
37 147
47 177
49 86
15 114
14 130
25 80
50 300
49 270
24 146
11 57
28 42
30 91
34 204
27 261
48 129
42 249
29 278
32 190

24 189
26 287
17 31
17 206
26 229
37 206
26 134
37 130
29 185
17 201
49 242
39 32
42 245
23 281
18 215
12 58
12 154
50 39
33 272
26 124
16 228
32 211
23 43
44 242
30 149

13 209
45 117
13 77
19 185
14 205
21 86
22 288
32 20
46 133
47 68
38 78
26 178
17 185
30 228

25 193
25 107
14 19
41 89
47 142
26 227
32 84
17 218
14 156
31 103
15 87
44 226
31 102
10 170
49 149
20 185
50 236
46 88
24 292
18 70
40 121
43 97
35 218
37 55
40 225
21 67

13 133
10 251
16 82
37 228
37 238
22 53
35 64
12 292
15 122
23 211
41 222
29 129
38 186
40 92

29 165
14 64
43 126
28 40
29 169
19 195
24 295
41 268
38 64
31 90
47 169
42 25
50 175
16 213
49 63
16 235
16 189
28 66
24 139
38 177
17 276
22 65
40 69
17 123
40 156
23 171
13 200
25 239
32 181
39 59

22 48
10 283
31 132
50 263
28 145
47 236
39 257
29 66
18 192
48 68
21 161
38 60
35 275
34 186
27 121
37 113
24 230
21 46
29 100
48 46
11 39
14 70
47 236

24 251
43 229
25 74
43 174
21 20
25 222
48 26
23 105
43 44
16 251
24 76
25 169
12 124
42 71
17 126
41 257
37 144
45 45
25 66
25 52
48 267
39 72
38 104
35 43
11 58

14 15
35 68
22 103
23 48
42 151
22 276
25 139
33 277
11 288
42 193
38 69
21 111
50 136
39 33
40 116

16 218
19 159
15 142
25 105
50 199
49 147
15 10
31 199
36 201
12 293
10 81
40 38
47 228
22 89
22 73
29 62
46 11

29 124
45 20
23 228
11 254
42 57
24 45
29 96
33 283
40 25
38 44
50 148
23 153
32 175
12 258
21 299
28 133
17 131
13 32
22 188
14 186
20 127
47 65
42 182
38 166
32 61
13 188
12 189
46 147
31 90
32 64

28 44
28 63
38 287
34 254
19 124
28 238
25 38
23 112
46 252
34 247
34 145
43 244
28 236
10 283
24 76
49 135
24 217
31 124
27 224
23 149
10 177
22 102
47 278
50 101
36 251
26 72
46 225
32 277
37 236

25 30
47 224
24 100
16 98
12 16
36 275
42 65
23 284
19 232
40 300
38 286
20 198
44 53
39 218
16 138
30 12
34 170
17 61
19 193
12 176
37 38
35 262
45 216
23 296
32 28
41 120

25 28
39 295
31 128
14 264
15 291
35 206
48 204
14 255
33 107
30 71
23 144
23 91
20 237
48 156
22 266
29 225
43 10
32 210
40 20
15 119
18 266
14 163
25 296
48 70
14 267
42 77

15 51
20 222
11 58
15 108
19 165
50 178
20 189
15 40
20 216
37 293
41 276
38 39
41 213
39 237
12 209
15 51

24 93
45 30
17 147
45 22
44 97
28 50
40 228
41 231
49 69
25 63
37 80
34 211
30 194
43 163
29 250
44 149
18 150
40 75
25 205
50 189
30 152
31 255
35 149
17 115
47 46

26 297
42 189
14 135
41 53
42 223
45 193
39 13
47 214
10 230
41 29
44 50
24 207
32 39
46 233
40 206
39 300
37 248
50 205
26 158
41 237
28 156
11 247
27 125
29 271
45 20
23 218
11 183

22 274
50 297
30 260
49 110
20 71
44 50
45 279
30 161
28 124
13 289
40 67
38 178
14 244
47 105
42 297
40 31
48 193
49 253
40 227
24 247
38 161
32 55
14 16

25 155
50 252
46 72
37 22
14 114
15 251
28 96
16 172
39 274
17 26
31 91
13 170
39 285
38 200
49 83
43 169
21 160
15 102
27 278
18 203
44 57
27 99
16 121
47 35
35 251
16 62

13 183
15 135
30 103
28 15
19 35
12 168
19 30
26 153
27 174
18 41
30 66
20 228
12 96
10 273

10 300
30 261
25 284
18 65
29 18
45 20
22 23
44 291
20 233
39 276
37 180

17 232
20 259
34 94
40 271
15 60
37 208
11 260
49 62
48 150
15 59
38 61
43 284
35 262
22 152
27 122
24 262
34 243
18 151

25 30
20 286
40 56
12 281
15 96
31 80
37 153
50 27
11 36
37 89
43 123
47 252
44 267
15 44
44 44
50 105
43 259
19 192
38 141
36 169
50 186
50 297
38 262
28 106
34 269
33 117

12 195
41 32
18 299
11 273
15 258
36 296
17 174
35 116
19 154
22 276
42 216
38 250
14 128

18 132
22 57
44 216
35 83
41 116
11 30
35 36
23 86
28 111
24 11
23 10
17 32
30 232
11 242
21 126
31 283
41 130
15 44
48 50

26 40
12 48
43 45
28 233
17 253
22 177
44 27
29 92
15 122
50 203
15 132
42 154
44 198
47 100
40 154
39 58
38 256
45 204
20 150
19 65
42 275
46 243
15 181
19 107
41 259
25 37
26 204

12 184
22 34
23 79
41 24
19 259
31 223
12 50
30 63
37 292
30 207
34 96
29 100
48 67

25 225
30 203
35 166
50 277
31 214
50 185
24 243
42 92
42 19
41 237
12 289
18 35
44 69
48 22
42 272
16 263
22 132
17 21
40 132
31 279
36 70
34 129
22 150
18 115
46 269
39 175

23 248
40 285
34 243
19 52
38 220
21 71
26 74
24 255
34 17
35 48
35 90
45 24
20 34
38 231
25 221
16 62
25 53
29 167
32 182
32 288
28 52
27 191
26 59
17 117

16 140
23 118
20 222
40 285
23 194
34 151
13 137
26 20
39 200
35 141
38 264
39 107
26 233
13 23
42 69
29 209
42 247

20 83
23 97
34 33
12 283
21 85
20 208
24 145
20 121
20 283
27 226
32 128
24 38
37 238
21 70
16 44
32 26
31 100
41 33
33 159
44 285
11 217

25 131
20 96
35 126
19 234
35 76
17 285
18 237
40 25
47 142
50 289
25 293
46 55
22 174
44 137
21 108
31 172
23 173
49 242
25 160
33 45
38 99
10 14
23 116
48 180
36 98
29 68

15 287
23 177
26 157
10 156
49 186
40 256
17 143
11 110
25 181
39 202
14 18
17 198
29 10
45 162
36 228
41 296

19 80
45 180
34 102
29 185
32 133
39 14
16 189
27 78
15 220
46 72
28 216
41 217
11 105
38 121
30 41
49 256
30 58
15 269
32 298
23 53

16 284
39 222
47 27
16 97
31 32
20 109
47 210
18 119
12 117
13 228
25 96
37 160
20 134
49 184
41 141
24 198
12 155

30 248
34 90
27 151
50 17
43 253
35 17
18 263
20 27
16 293
41 253
33 39
12 97
29 182
15 74
34 68
43 251
41 60
46 46
28 41
39 45
19 126
25 69
30 275
29 85
41 182
21 239
15 125
24 232
41 217
23 37
25 130

10 177
17 191
14 215
29 13
44 277
20 274
20 260
33 128
10 126
38 239
28 260

28 24
41 242
30 16
18 185
50 135
50 119
25 288
36 153
16 58
20 269
32 158
21 133
47 181
33 58
13 92
38 114
20 81
27 266
35 28
41 53
27 12
49 221
14 148
14 13
18 67
36 164
38 260
46 64
10 210

27 28
32 290
37 198
37 118
33 204
18 134
11 176
26 184
38 78
43 145
25 67
24 265
29 295
11 42
34 196
36 255
20 294
27 116
14 101
11 136
15 225
12 131
34 206
29 156
22 108
36 47
13 273
12 188

22 248
44 180
36 15
26 65
21 283
47 247
49 159
10 283
48 152
17 293
27 164
22 101
12 46
45 247
15 127
35 67
10 77
18 294
14 137
48 43
20 126
27 284
20 11

22 43
46 244
13 202
10 57
18 113
40 84
30 69
48 185
41 262
32 75
31 183
14 209
47 147
44 123
26 23
33 22
36 95
22 244
46 61
29 187
26 149
10 85
22 248

26 64
12 17
10 125
32 167
50 68
30 294
49 278
24 263
41 53
37 66
20 189
42 271
35 202
19 18
21 234
31 37
13 117
39 175
11 96
48 160
24 80
10 164
44 73
15 143
18 25
32 37
14 154

18 245
18 10
37 278
48 90
44 127
30 275
20 250
47 268
13 207
47 223
19 257
44 173
22 154
47 31
45 289
29 94
24 24
27 292
48 69

29 189
10 167
23 234
23 219
25 132
24 106
17 185
10 11
14 32
37 268
16 118
14 189
37 162
39 31
48 134
41 199
31 96
17 137
49 85
14 147
19 99
10 268
22 183
50 233
40 20
17 161
42 116
42 34
38 30
16 258

10 46
43 253
16 28
47 35
34 187
30 32
23 21
38 288
32 258
26 63
12 60

21 240
22 34
42 292
12 138
11 218
24 148
45 164
20 132
34 185
49 280
21 121
44 169
16 31
37 249
24 150
27 131
26 73
17 226
42 13
20 280
44 192
49 176

12 142
49 74
31 156
13 250
38 142
29 38
10 165
24 300
14 115
16 24
35 155
26 181
21 228

13 145
35 62
31 198
23 212
48 53
50 247
48 11
16 23
42 125
37 151
41 27
16 56
15 188
12 33

29 81
48 144
18 234
28 242
32 161
16 261
10 165
37 227
37 193
48 225
40 13
33 35
10 231
38 49
36 114
15 102
40 111
48 191
34 134
40 193
17 230
34 254
19 109
43 77
25 88
24 24
43 43
15 59
40 120
25 14

18 283
35 40
34 71
21 151
44 133
46 70
17 60
38 151
42 116
22 112
49 28
29 10
18 39
31 115
14 251
46 257
10 61
17 263
19 214

30 259
26 97
38 189
44 229
35 146
43 116
41 46
16 170
12 25
44 109
44 17
11 56
13 94
42 272
34 171
46 67
49 65
37 29
43 123
44 66
33 67
47 34
19 33
14 151
25 95
11 195
35 164
42 27
32 202
27 227
44 84

24 98
40 244
45 215
50 29
18 145
44 49
35 224
13 52
34 15
22 146
48 251
44 201
24 90
27 61
22 62
14 212
30 234
33 65
17 291
29 83
40 77
20 92
22 71
49 226
25 282

19 288
31 192
29 260
19 134
37 49
42 233
46 227
43 201
25 199
32 167
50 96
44 101
21 97
29 243
22 51
19 141
37 114
38 218
17 214
24 170

27 17
23 146
25 270
49 17
44 287
43 145
24 259
23 158
42 296
24 141
13 144
10 41
15 218
11 178
34 81
20 260
37 87
20 118
24 62
13 44
38 132
50 172
21 191
17 284
14 211
11 246
26 166
36 161

26 123
14 208
19 266
45 246
36 54
33 197
33 128
46 26
25 190
26 104
45 117
23 138
29 37
11 222
47 116
22 20
20 134
38 266
40 133
21 230
16 133
37 133
33 109
14 202
19 157
11 277
33 208

21 152
15 92
28 231
22 130
50 34
40 195
19 280
19 56
43 224
36 36
44 38
29 264
23 99
30 233
30 263
23 133
14 185
14 292
23 240
13 121
23 63
31 53

26 274
47 26
31 221
34 232
45 161
32 211
37 53
48 183
11 259
47 296
38 58
13 185
31 55
28 229
35 50
41 64
50 294
33 165
29 69
26 99
27 37
31 212
38 156
29 210
11 243
38 299
12 17

10 33
32 66
26 169
13 239
35 273
25 262
21 222
13 87
34 212
38 167
44 17

19 184
22 290
29 253
48 225
18 290
13 98
26 169
13 63
15 198
24 122
40 97
16 283
43 18
38 295
30 101
43 249
28 286
49 86
35 207
37 230

17 267
44 181
22 100
37 155
34 35
39 247
20 221
20 118
16 56
24 218
10 123
12 114
50 223
14 141
16 19
21 108
20 172
50 261

18 71
19 73
27 197
40 35
41 235
23 22
13 157
38 23
33 89
47 41
14 198
22 238
45 188
43 75
26 90
33 191
27 200
19 204
21 99

22 211
14 293
36 67
33 129
26 55
39 250
22 15
14 218
17 76
12 144
27 230
41 80
47 241
11 275
18 280
28 176
33 105
40 213
50 140
33 200
10 130
42 73
15 195

14 223
10 159
10 134
40 216
10 89
43 52
33 269
14 197
17 246
45 181
24 212
43 181
41 214
22 125
19 166

22 273
46 221
23 205
36 110
31 190
42 85
15 52
21 116
23 135
42 75
35 284
36 120
35 107
21 195
47 228
17 78
49 45
15 230
17 104
30 145
37 79
32 70
32 42

19 99
34 105
30 296
22 79
30 84
10 276
18 197
22 253
40 97
50 252
24 125
23 300
27 140
23 165
22 89
40 50
24 43
40 73
48 201
13 284

22 38
39 145
40 293
20 252
17 124
11 181
17 239
25 135
32 130
12 205
46 49
16 26
25 24
31 67
38 271
50 250
13 107
49 214
41 99
15 244
13 257
41 185
36 59

19 88
40 250
18 297
25 151
28 275
41 254
30 175
31 286
32 84
50 169
41 133
26 226
15 68
42 115
42 181
49 161
25 119
27 114
22 119
26 81

16 37
37 220
21 55
34 148
18 281
17 36
47 226
11 170
41 232
32 200
19 129
48 117
24 176
16 273
26 116
35 47
37 51

13 273
31 12
43 263
20 64
12 197
10 299
30 265
26 111
37 178
22 46
27 74
40 69
20 118
17 88

13 161
23 90
37 16
42 207
27 171
50 81
33 85
24 115
31 25
30 94
48 29
27 277
31 53
34 245

11 146
46 13
33 126
41 174
25 189
17 197
29 81
33 197
47 106
31 288
39 12
40 39

20 262
10 151
28 62
49 266
14 300
44 113
15 56
46 155
50 284
27 75
14 209
47 32
10 285
49 207
35 224
31 209
31 181
25 273
24 84
34 198
19 17

26 287
27 57
11 98
50 247
34 34
27 251
27 164
17 223
34 209
43 274
24 193
19 26
20 44
29 227
44 145
49 252
24 129
48 131
49 77
14 121
40 42
37 143
47 118
31 221
36 112
14 240
29 142

13 50
11 16
11 121
11 269
17 254
22 102
24 160
15 47
47 220
39 226
10 195
37 65
14 251
27 154

24 282
44 212
25 144
19 200
37 176
18 20
42 248
16 259
31 55
30 228
17 93
25 129
29 237
40 220
18 12
17 184
23 110
27 112
42 83
43 277
24 185
28 83
22 271
27 49
16 131

