67

26 260
43 141
44 178
45 63
13 197
36 126
29 239
31 87
40 195
29 78
20 215
14 206
36 145
23 73
14 58
21 40
21 69
47 95
15 215
43 247
26 256
46 67
45 137
48 258
13 65
40 292
33 161

23 234
41 247
47 216
26 101
19 164
38 260
13 97
38 116
48 154
19 268
28 202
30 47
21 216
40 212
12 64
44 44
45 187
18 237
39 169
21 150
44 257
34 266
47 180
32 231

25 22
37 71
44 236
15 279
32 281
16 232
28 135
20 57
41 211
16 90
44 273
15 241
39 261
37 187
20 251
11 214
31 232
35 229
28 81
49 266
16 121
49 213
19 128
50 227
23 13
24 296

21 65
11 167
36 10
23 147
21 214
20 229
45 191
10 155
30 80
28 70
24 210
31 264
35 289
25 281
50 241
21 47
42 189
27 167
25 16
30 128
16 206
36 12

22 182
33 294
15 40
29 24
10 27
27 60
26 84
31 125
31 15
25 71
21 26
36 163
46 163
33 200
11 128
46 184
48 229
39 259
25 167
37 100
26 190
31 14
49 66

28 124
33 110
27 245
20 252
12 168
24 211
29 77
17 31
34 242
36 288
11 44
11 69
34 197
49 55
30 75
16 130
43 282
13 177
40 81
11 144
19 157
43 259
42 163
37 294
10 190
14 148
22 24
12 235
24 124

30 275
24 120
39 89
49 163
10 174
31 81
38 210
50 12
33 218
34 186
21 12
39 226
31 293
45 64
39 116
14 21
15 97
11 113
46 130
11 188
28 149
37 194
29 48
20 242
36 22
19 221
10 20
46 27
32 244
33 253
34 151

11 105
40 269
21 138
33 48
44 146
42 252
40 56
38 172
10 236
45 116
39 117
10 270

20 199
49 200
15 202
11 148
34 64
19 267
44 296
49 272
15 19
44 207
19 149
31 145
19 20
40 241
36 139
26 210
13 267
10 240
38 180
28 213
23 95

15 187
38 135
25 167
49 242
19 20
45 110
21 52
23 239
29 274
27 95
35 53
27 198
29 113
37 72
28 23
49 208

29 69
20 265
31 90
44 128
11 152
17 191
15 71
15 28
36 178
34 33
29 160
21 216
14 259
32 262
31 37
19 52
17 83
25 64
18 44
13 247
11 136
45 294
14 135
21 243
30 17
18 213
12 13
10 242
38 136
29 41

19 294
24 168
21 104
41 210
41 181
32 214
45 84
10 122
37 288
41 216
14 163
26 22
40 122
46 133
18 77
29 211
23 179
17 139
50 58
30 150

23 24
21 147
28 105
28 289
27 222
16 37
32 255
14 105
44 197
30 254
48 131
14 253
33 77
43 118
18 103
41 204
41 28
46 122
30 75
27 213
37 120
37 128
19 232
29 210

11 211
39 134
16 132
28 138
45 80
45 19
39 119
12 283
46 95
17 70
19 43
50 77

14 257
34 74
41 257
13 142
12 45
12 264
22 219
33 80
16 211
33 211
24 82
43 233
26 292
42 103
45 284

24 159
30 242
43 82
31 231
26 199
44 188
29 28
17 160
44 25
45 179
22 157
44 176
33 99
23 234
16 212
44 221
36 185
38 89
41 151
33 145
17 127
19 86
50 99
12 288
38 96

18 21
14 247
27 179
19 135
35 217
50 80
16 128
37 158
10 253
46 177
11 221
37 46
12 228
20 176
41 119
44 193
47 139
24 243
12 129

22 223
14 281
29 128
36 243
18 234
19 140
32 243
35 42
44 176
47 14
50 222
40 82
27 126
28 243
20 66
41 22
20 247
48 85
35 185
22 274
36 233
18 243
27 188

22 99
38 147
33 151
49 155
14 155
47 65
48 239
30 186
43 191
23 179
46 221
44 295
37 108
25 23
15 131
13 240
17 101
47 15
36 137
32 114
16 197
16 261
31 62

30 16
14 60
26 251
21 178
49 218
34 71
40 168
30 89
42 133
32 50
25 291
33 93
10 247
41 201
50 47
41 221
42 249
20 269
19 247
22 255
22 90
47 135
11 161
24 196
22 254
31 59
23 26
46 91
30 135
27 101
37 81

11 128
36 261
31 11
28 157
17 239
31 32
29 180
45 146
23 194
18 100
34 297
29 298

19 143
35 232
50 91
38 210
40 220
39 182
31 182
14 293
38 240
22 288
36 175
40 47
48 185
36 168
36 74
48 42
19 37
10 102
27 136
43 90

27 86
49 33
36 291
47 247
39 294
11 249
32 210
28 188
27 197
26 215
29 230
36 225
13 52
13 101
32 214
48 111
47 193
26 111
32 229
34 196
29 126
26 139
27 59
48 57
14 13
32 161
47 50
26 12

12 231
23 134
39 276
50 239
41 238
40 58
48 64
41 81
30 163
29 19
23 116
14 275
34 194

29 162
48 271
14 113
26 261
48 133
12 235
20 15
31 225
15 34
47 47
18 88
20 56
39 155
40 102
49 235
24 225
39 177
34 291
32 225
43 48
11 20
17 75
41 207
33 40
38 249
47 125
50 277
28 26
42 212
13 166

14 60
34 104
11 82
22 275
10 121
45 281
38 231
45 161
18 61
18 42
16 248
37 105
37 23
27 294
28 24

28 17
40 285
40 292
25 262
13 68
18 200
30 149
36 17
12 21
10 224
32 229
41 170
32 233
14 116
30 21
47 234
50 13
21 177
12 127
27 102
46 194
19 219
35 149
32 21
18 79
50 135
13 257
39 82
34 250

11 282
23 35
14 265
10 101
12 82
36 71
21 44
39 281
43 296
46 237
39 37
12 299

22 86
47 251
38 142
43 139
30 175
30 99
26 42
38 31
37 13
29 84
37 62
35 297
24 53
43 279
30 206
25 115
33 195
47 291
17 24
13 274
17 184
49 219
15 297

11 230
49 151
23 177
38 238
28 290
47 190
32 131
38 164
21 227
25 256
38 159
14 171

17 75
22 37
49 64
41 124
18 57
11 229
20 86
24 149
22 215
31 74
11 187
29 196
33 114
31 283
48 151
25 259
32 279
25 249

11 113
19 27
14 202
40 15
29 89
29 16
15 91
35 245
26 139
14 20
38 277
50 251

15 168
25 222
25 194
50 29
12 206
33 32
28 202
33 87
36 253
28 270
29 57
24 108
41 64
41 137
29 207
49 261

26 230
41 207
11 205
50 162
11 203
47 238
13 147
23 164
31 204
47 189
48 267
22 147
32 37
50 108
31 69
39 57
14 62
12 284
26 37
32 49
40 67
23 71
21 85
49 296
46 55
44 161
13 103

28 272
33 282
42 47
20 136
49 38
38 295
36 131
50 122
38 135
15 47
47 85
50 26
12 246
20 115
38 125
28 75
46 193
11 66
25 88
20 210
46 165
30 254
15 268
17 49
17 196
25 200
24 124
14 232
22 97

29 49
49 58
13 205
44 99
17 131
22 150
11 127
50 171
47 300
20 264
48 209
17 44
18 227
15 285
24 186
47 102
14 297
38 147
41 138
43 128
27 285
41 168
35 229
34 106
30 108
41 231
10 45
35 30
29 161
24 97

20 79
12 134
34 209
31 30
23 125
31 232
22 300
12 152
18 261
46 266
21 121
26 267
32 94
24 145
23 213
31 105
48 115
44 244
36 125
30 136
17 136

21 30
18 245
24 63
48 29
16 158
32 253
31 109
19 113
25 287
45 214
10 216
39 13
13 60
38 147
49 114
14 262
41 223
21 266
18 111
11 39
45 223
30 281

11 49
22 118
32 264
14 289
33 175
20 58
32 116
36 109
31 144
22 216
31 199
42 28

23 204
35 24
21 160
16 288
45 57
14 266
29 190
20 13
19 217
34 179
20 70
33 136
18 63
15 140
43 124
14 36
22 293
32 132
36 296
49 88
13 219
23 39
30 280
31 34

10 249
44 268
46 298
32 287
43 82
29 242
12 35
10 213
10 36
41 119
37 179

12 186
15 181
47 14
31 202
10 96
13 37
16 12
32 32
22 131
49 52
13 289
17 30
23 240

12 262
14 119
33 279
15 18
23 256
18 212
10 72
50 168
49 154
11 144
42 78
41 110
11 66

20 231
41 116
37 217
34 73
26 63
35 116
43 211
43 254
45 115
48 92
41 226
14 264
44 119
22 103
49 55
39 86
23 114
49 142
36 248
45 295
22 201

12 98
13 186
13 232
12 56
14 284
22 68
33 273
16 80
49 130
41 145
28 295
22 148
20 210

29 20
39 136
44 31
17 225
28 45
10 17
32 186
28 252
19 17
34 258
36 109
24 260
42 180
46 32
46 176
33 226
16 107
35 87
25 293
31 294
48 42
21 218
48 237
48 259
23 75
25 275
26 28
42 107
37 289
24 271

26 207
25 231
11 221
14 226
25 79
41 115
10 260
16 135
38 264
40 119
48 42
48 270
41 85
31 12
38 244
46 296
45 154
17 253
10 75
17 100
14 199
49 201
31 228
36 63
42 166
32 49
41 75

13 86
24 84
35 123
19 240
39 255
11 90
31 146
49 85
27 264
11 245
40 240
28 51
48 185
33 29

21 164
35 48
45 215
38 242
39 178
31 34
40 156
22 98
49 101
19 298
20 293
17 53
25 125
42 290
46 217
48 37
33 254
47 144
25 129
20 261
47 145
17 203

15 216
24 178
35 148
29 213
16 112
14 56
26 39
41 23
45 161
15 173
47 251
25 189
40 28
19 68
46 38
44 210

21 198
46 122
11 298
41 293
12 84
28 179
39 31
28 166
16 161
27 118
48 46
28 246
50 50
30 255
32 31
14 101
21 37
41 216
33 89
22 42
48 259
14 137

13 272
14 27
10 172
44 115
17 149
16 270
27 66
16 216
47 164
24 242
45 257
46 245
46 136
23 272

19 265
40 158
23 55
50 229
20 182
32 139
49 232
37 275
23 252
36 221
24 162
35 224
32 132
49 239
36 154
12 223
36 126
49 276
25 100
10 34

22 123
44 28
47 122
36 221
47 169
21 117
31 46
45 275
42 261
35 268
10 184
49 115
31 284
38 167
20 253
29 56
20 68
21 27
31 251
34 67
38 289
13 168
49 230

28 274
31 118
38 185
27 236
22 75
50 276
39 19
50 138
19 222
49 192
33 144
12 158
13 262
47 239
29 241
38 78
18 257
43 112
23 233
36 279
15 212
20 55
30 113
10 26
16 270
41 205
13 66
47 154
22 75

16 70
19 129
18 240
41 266
16 105
25 275
13 186
23 145
47 135
32 202
44 59
23 224
17 256
22 168
36 156
38 51
38 129

24 85
29 286
46 275
44 199
20 142
40 230
28 168
21 167
33 104
25 229
37 43
17 286
35 182
28 140
23 62
13 235
41 235
43 271
18 276
45 175
29 147
14 55
36 15
47 26
12 166

16 167
45 71
12 249
24 32
48 170
42 153
26 165
12 49
35 250
32 10
22 133
17 221
40 126
49 45
23 191
34 95
46 242

17 215
21 159
31 128
24 57
46 72
16 14
40 297
41 87
40 159
16 220
27 203
45 61
16 126
26 64
22 246
23 245
28 291
27 59

23 17
50 121
11 16
46 102
38 83
23 233
20 16
20 176
32 296
37 180
35 98
40 86
27 46
37 90
20 18
19 210
21 282
29 14
21 163
28 248
33 245
33 275
20 20
43 220

11 290
28 63
29 146
47 181
44 186
33 132
40 61
16 52
18 46
45 15
14 22
50 149

28 269
10 175
37 250
30 209
29 39
28 262
48 139
49 206
44 29
37 228
19 192
50 74
32 45
49 108
48 206
20 266
38 11
41 150
22 225
34 38
23 287
41 249
11 182
24 246
10 243
30 47
30 196
44 36
27 267

14 19
34 274
22 119
32 111
45 37
48 38
13 45
50 142
48 292
32 54
31 200
16 281
21 102
37 274
48 29

25 285
28 288
32 119
10 280
16 181
26 14
35 120
11 284
28 26
44 233
40 12
32 262
33 257
39 100
11 77
32 78
46 83
40 67
49 150
11 185
16 143
34 159
49 223
22 92
41 209
40 247

24 51
28 72
32 263
19 161
29 167
22 283
50 15
25 245
39 170
24 182
18 93
12 199
18 69
21 223
37 251
47 101
20 246
36 166
44 237
47 90
13 50
33 254
35 199
10 279
16 217

20 296
39 24
44 269
24 264
26 256
41 67
24 165
50 35
21 128
17 227
37 283
24 234
15 221
35 154
13 189
12 139
11 213
34 143
39 37
15 46
32 233

16 159
42 251
16 37
14 283
21 97
41 31
17 62
22 124
43 129
21 32
14 185
19 141
41 266
16 298
36 181
44 298
19 256

