91

25 217
50 191
44 299
35 138
13 149
10 154
29 11
12 142
34 148
19 158
28 170
28 166
46 65
12 23
19 296
41 27
16 264
25 133
36 170
14 231
23 148
33 69
27 271
24 183
16 33
23 274

22 281
24 262
45 94
29 190
30 86
33 278
19 112
15 181
35 284
17 21
11 221
10 86
48 54
18 86
14 246
26 69
23 61
20 251
25 121
21 171
36 115
45 72
28 35

14 253
11 84
10 88
10 128
28 221
15 135
13 18
11 255
28 67
28 187
27 283
10 168
35 17
42 274
41 67

27 113
29 290
28 192
27 224
17 12
36 130
39 85
34 35
32 278
36 42
29 33
17 207
17 178
16 65
37 160
47 231
29 173
35 186
27 25
46 271
30 210
10 276
49 51
46 201
33 236
10 36
18 79
11 183

22 211
15 219
27 45
30 22
27 102
12 17
29 125
28 243
50 227
46 207
33 12
47 243
34 134
10 138
37 156
27 102
42 262
37 132
15 225
48 24
19 183
43 206
43 297

14 46
48 48
30 37
34 16
50 147
13 223
20 110
24 147
12 125
24 104
42 155
43 174
14 92
37 90
32 55

29 104
47 125
39 43
40 22
47 89
26 33
13 258
13 166
26 222
50 223
10 233
19 98
12 181
49 127
20 60
17 105
10 139
42 36
20 63
50 299
41 140
41 159
30 233
32 49
28 150
39 133
20 45
50 179
23 175
24 279

21 108
38 74
47 81
27 243
49 93
49 162
38 120
48 148
43 219
17 93
39 202
15 44
37 136
22 45
40 176
10 245
16 68
26 287
45 79
47 50
27 238
28 10

23 265
25 204
19 247
10 28
32 107
18 176
31 88
36 207
44 12
26 263
35 239
12 247
46 253
50 191
24 232
22 167
34 57
44 55
46 83
22 15
12 189
50 260
36 151
24 240

14 272
20 271
49 105
32 165
41 258
31 134
10 145
25 158
48 23
40 62
25 65
46 194
36 116
35 23
13 281

29 204
34 259
46 159
36 231
14 297
36 124
42 143
34 270
48 78
47 121
38 16
17 60
40 205
25 59
43 238
27 196
28 82
38 12
50 29
12 300
26 48
46 82
30 88
20 121
22 64
42 12
44 168
24 290
32 88
33 228

30 243
10 158
19 247
16 82
35 15
50 272
23 141
39 268
37 43
23 133
27 267
27 50
16 288
16 123
26 239
15 193
21 227
15 253
26 227
14 95
45 231
29 247
12 131
22 31
25 169
27 64
20 86
35 202
30 48
21 82
26 94

14 189
35 46
50 70
45 260
25 113
37 160
23 34
13 253
24 187
48 62
30 119
36 281
28 88
50 91
28 187

12 70
19 158
49 175
30 249
37 46
12 68
33 157
33 58
49 77
48 206
48 70
41 18
35 273

26 125
20 144
24 294
46 57
25 95
26 69
10 187
37 134
31 225
34 28
39 161
19 245
15 57
15 39
25 91
17 229
45 132
49 151
12 45
44 207
18 200
13 200
20 270
14 203
42 226
48 62
45 261

26 108
36 293
37 239
38 92
41 53
16 122
43 77
33 73
27 185
34 223
44 171
40 134
20 60
38 297
38 30
29 124
50 269
21 187
26 179
19 256
47 133
28 172
36 35
34 58
46 242
23 83
42 24

19 59
15 187
41 182
11 155
12 198
46 24
14 238
22 76
14 292
25 78
32 292
29 139
28 103
30 50
36 155
17 182
19 175
28 217
24 84
47 18

26 253
43 295
11 50
32 183
26 60
26 70
32 164
35 124
35 162
46 37
49 217
22 79
27 127
42 23
28 116
49 153
34 246
23 199
49 274
45 38
17 205
28 72
48 100
27 77
48 29
16 242
50 299

16 283
25 122
16 230
25 223
48 183
30 282
24 258
28 162
37 202
43 242
48 49
44 33
48 216
12 167
41 129
39 186
10 81

29 141
11 154
13 267
18 129
29 82
38 162
24 148
26 68
49 175
13 32
43 39
49 154
16 165
48 24
24 219
15 85
30 233
44 143
37 271
20 191
19 282
36 73
14 203
22 168
16 77
34 292
33 264
10 55
39 58
30 239

13 46
17 176
25 31
25 105
24 285
27 298
14 227
49 39
39 207
19 272
23 115
16 148
35 127
37 145

12 218
38 84
50 142
12 226
27 206
48 64
33 21
11 34
25 178
37 81
26 89
10 160
38 100

23 295
43 242
10 209
28 31
15 83
13 201
35 213
49 148
15 125
23 193
27 294
49 50
40 211
31 211
41 71
10 79
21 119
27 149
13 290
36 120
29 157
32 65
45 42
43 63

18 256
13 189
42 256
21 56
17 86
33 137
23 44
31 48
40 295
28 218
41 172
13 213
21 156
23 267
24 151
17 32
41 27
49 248
45 77

24 293
10 137
11 13
30 219
50 276
29 212
48 131
34 126
40 174
39 264
17 109
34 234
27 10
48 200
44 211
49 119
33 222
44 233
33 188
37 157
37 168
24 88
42 146
26 17
40 187

26 196
27 54
32 185
39 220
34 80
21 87
10 100
17 285
11 12
25 30
43 254
39 186
39 223
35 233
25 277
11 130
35 11
37 113
40 87
22 187
40 120
42 221
39 44
26 163
46 110
39 125
41 198

20 282
45 220
41 115
15 278
33 146
31 114
17 123
39 235
29 238
19 100
13 177
10 292
12 27
37 138
40 258
47 19
14 200
10 209
43 160
23 105
49 141

21 24
42 122
46 17
27 148
43 243
28 215
25 63
12 260
38 258
48 60
42 52
48 100
16 299
18 15
49 130
34 94
47 121
44 16
17 290
44 55
43 69
20 209

26 280
31 31
10 232
31 211
11 264
30 87
14 167
10 93
21 205
26 33
50 178
42 128
50 300
35 291
34 209
50 205
10 280
40 299
47 271
12 210
15 198
38 91
40 102
20 51
38 202
35 202
46 137

22 267
42 250
24 66
21 227
40 58
37 148
14 138
41 130
43 170
33 136
50 275
50 240
13 56
14 282
32 88
39 63
29 173
27 96
47 31
36 45
25 161
37 12
37 271

20 125
22 78
44 71
19 10
28 267
17 46
43 33
36 151
35 105
28 116
50 261
16 197
48 128
26 185
11 37
40 181
33 12
16 39
33 248
49 25
35 292

18 232
32 231
36 146
10 47
48 145
40 178
10 111
11 286
44 280
22 179
25 148
40 268
11 234
50 248
34 268
26 47
10 209
41 64
24 46

25 213
41 46
14 283
11 48
11 217
24 193
33 197
24 179
41 289
14 158
39 41
12 77
13 185
46 173
41 96
24 146
22 248
39 293
10 198
36 198
12 26
50 214
38 48
10 31
27 37
11 214

28 119
47 171
19 44
23 172
50 230
49 293
37 209
14 159
11 247
44 136
40 265
26 25
46 19
22 171
44 108
36 244
22 16
10 61
35 264
34 126
15 245
50 194
47 65
34 119
49 230
12 275
14 155
24 92
44 75

19 212
24 257
31 62
11 24
46 177
40 57
43 258
44 230
26 103
27 157
17 220
21 300
11 62
49 214
31 153
10 262
16 215
29 284
37 55
45 157

26 242
49 80
16 131
41 258
18 90
27 250
32 23
23 250
30 221
15 22
39 105
48 49
34 72
23 160
42 203
14 193
25 208
21 167
48 135
22 27
23 200
17 285
43 284
44 19
37 195
11 87
37 119

14 71
47 246
17 220
36 27
49 287
44 180
48 248
32 130
46 189
31 123
16 117
44 217
28 280
16 48
49 270

18 213
18 227
19 171
40 76
43 204
18 86
26 56
12 271
45 71
20 80
21 68
28 217
28 278
45 63
26 199
10 107
20 265
25 89
21 93

16 171
35 275
34 278
14 183
25 82
25 284
33 133
16 86
47 237
18 232
42 298
37 206
36 242
21 130
45 170
23 254
47 252

29 189
41 83
25 292
17 21
44 234
11 35
30 193
48 206
15 127
12 132
27 290
25 259
47 260
39 34
22 95
18 243
34 76
34 173
28 283
15 162
47 168
37 45
37 166
16 58
12 16
48 158
50 169
50 67
24 36
10 152

29 226
37 38
45 10
48 83
37 295
11 164
16 158
20 122
16 291
27 214
45 153
24 203
24 209
23 150
30 49
25 253
47 139
28 74
45 165
38 108
46 229
42 293
33 218
18 236
34 256
27 233
32 12
17 213
17 211
26 167

26 200
39 89
12 100
12 81
26 15
39 56
50 10
25 198
46 168
25 34
44 26
16 143
31 220
33 14
25 117
19 193
41 204
40 249
42 253
23 83
28 42
19 276
15 117
19 204
17 215
20 144
36 82

25 72
10 78
17 55
48 66
24 158
13 234
43 60
49 103
19 91
31 127
42 25
38 56
23 93
32 172
29 152
39 110
42 191
12 79
44 84
13 197
27 80
45 227
15 230
24 261
50 249
11 220

29 91
35 44
37 77
39 120
28 126
17 112
19 192
41 205
48 236
48 230
27 21
38 61
38 197
35 252
42 129
32 119
48 22
35 75
22 291
20 276
43 137
45 62
18 179
17 69
17 202
40 169
26 295
34 160
28 241
46 24

12 207
15 145
14 122
36 293
15 59
21 130
35 63
46 162
28 75
39 254
42 19
28 216
20 91

25 242
18 91
43 106
22 32
41 77
49 291
15 33
11 251
35 280
22 226
29 46
50 153
43 236
22 206
42 55
39 148
40 269
14 76
43 171
45 177
24 174
15 102
15 22
33 177
50 91
28 263

25 158
49 281
31 257
34 25
16 169
45 255
17 244
24 91
20 231
36 164
35 167
24 257
14 21
28 294
36 131
15 72
30 152
48 204
50 110
29 49
12 183
34 58
21 51
31 231
22 234
24 135

10 45
46 104
16 295
48 185
11 96
14 102
17 70
48 103
11 215
36 49
40 36

19 268
18 299
49 258
18 93
31 136
49 244
30 210
34 138
44 186
22 180
48 158
20 152
22 69
28 260
25 99
47 285
48 202
28 256
32 142
38 294

25 99
16 275
10 228
25 145
39 131
29 117
37 171
30 255
15 133
46 300
50 102
49 37
10 217
35 186
12 217
19 253
15 208
35 256
44 52
46 52
50 85
33 164
17 195
37 238
31 215
18 284

24 17
14 164
21 25
14 131
12 209
17 132
43 14
19 144
12 230
37 206
23 254
22 71
36 293
20 78
40 162
48 62
22 193
17 18
14 193
34 47
36 10
21 142
35 83
18 112
48 172

11 256
37 85
20 265
25 144
29 86
14 250
34 276
20 212
24 187
38 228
17 152
28 296

14 108
20 154
31 172
35 183
16 234
50 114
39 42
14 120
49 52
11 259
16 32
45 236
31 115
46 41
23 268

19 238
35 118
47 142
34 284
49 17
18 211
46 111
34 182
48 117
14 222
31 173
25 212
31 79
13 116
26 22
18 204
49 203
29 181
24 191
33 169

23 277
29 242
40 209
17 166
45 202
12 195
23 225
47 46
20 285
32 151
46 275
13 153
32 61
18 28
38 248
26 80
47 21
10 115
27 244
34 297
21 236
23 146
28 281
34 164

13 36
16 254
32 195
15 223
15 126
12 127
17 70
22 272
22 23
26 221
16 192
33 96
47 23
36 206

16 198
12 135
25 88
16 82
31 240
44 276
11 271
19 221
19 232
17 107
28 113
17 51
29 67
36 215
39 48
37 256
27 205

20 28
15 67
17 299
27 50
45 83
13 121
30 292
33 165
49 92
12 280
14 132
31 235
46 212
14 134
23 168
11 119
39 246
39 221
25 107
25 293
23 192

18 278
18 63
45 213
40 176
45 211
23 78
14 290
47 127
48 130
15 139
12 135
22 112
44 53
48 180
30 70
43 98
31 246
23 157
50 156

16 273
18 230
42 225
24 258
12 249
29 171
13 84
12 227
39 152
48 163
40 159
17 165
47 130
12 118
16 100
49 264
18 257

23 62
14 275
20 78
30 12
31 235
44 169
24 144
16 46
36 252
30 30
27 295
41 269
38 79
36 161
24 195
24 264
14 274
43 81
44 254
13 18
13 185
18 75
15 16
32 219

26 19
37 236
48 126
17 108
35 20
22 73
36 179
15 169
26 260
38 249
30 60
15 170
12 89
47 146
28 192
47 193
17 192
48 107
11 231
24 83
25 43
14 36
32 221
50 203
46 40
32 197
26 134

27 129
14 211
18 269
39 107
33 164
36 179
16 129
22 37
17 27
36 49
34 275
41 253
30 55
44 270
26 61
21 32
22 144
13 14
16 111
34 130
18 218
12 73
44 299
24 84
26 161
35 153
33 25
39 17

23 242
15 148
27 217
10 166
18 44
14 145
46 43
42 89
40 188
11 270
50 140
11 295
31 157
43 63
39 65
35 13
11 220
10 229
47 63
46 151
22 104
41 121
33 185
41 134

23 135
48 31
44 40
32 258
17 197
46 151
30 52
48 268
13 112
10 288
12 72
30 126
28 78
42 130
49 167
34 155
11 206
47 111
50 161
23 119
15 119
12 104
50 178
49 234

12 141
46 268
44 78
18 155
23 45
27 298
39 251
12 89
15 58
22 152
40 25
23 238
23 126

14 32
48 258
20 212
14 141
10 207
33 96
19 241
11 214
47 256
40 273
17 270
30 139
16 148
44 233
46 36

11 280
15 97
45 72
33 10
34 298
26 254
49 13
11 144
26 244
23 168
22 105
43 239

16 80
44 284
21 76
24 258
41 248
35 168
22 100
39 151
36 180
18 125
39 202
23 180
16 232
22 67
33 136
39 26
40 59

24 18
28 74
34 137
32 143
23 229
35 108
14 143
39 271
46 247
44 152
20 244
46 32
19 145
36 142
20 123
22 211
29 179
29 293
39 79
17 14
37 212
12 214
27 50
18 127
18 78

14 15
22 66
18 149
37 156
13 92
14 295
24 152
47 145
21 201
25 164
44 29
28 252
48 142
43 123
11 83

14 258
36 151
11 102
25 257
38 182
30 50
11 91
30 294
40 44
11 49
48 105
26 297
16 193
26 268
16 292

30 210
46 66
12 284
34 288
11 196
10 13
19 81
41 135
41 271
47 28
47 188
21 112
21 17
50 250
49 20
30 126
49 148
31 171
26 56
18 64
11 80
39 70
20 50
40 10
22 136
38 62
31 17
16 171
42 165
45 262
13 140

11 175
19 270
43 112
41 36
18 101
40 63
33 104
16 97
40 50
28 218
11 244
47 194

22 277
45 228
47 159
28 16
11 89
17 258
37 72
45 184
29 94
34 296
44 30
23 183
16 55
41 170
11 161
36 195
21 179
12 289
48 75
21 76
15 153
16 38
38 189

21 131
50 161
21 229
22 31
38 66
37 203
40 159
47 183
48 50
14 130
32 76
42 13
34 268
18 120
25 177
45 168
43 289
19 183
43 117
28 45
44 140
36 197

11 150
11 184
11 277
15 196
38 188
47 106
29 77
38 160
19 16
47 125
13 165
14 30

20 63
25 186
32 124
35 169
35 259
10 156
16 202
12 178
33 256
22 257
12 53
24 66
27 277
42 259
20 189
30 74
48 48
32 236
17 234
27 138
38 290

12 83
38 17
23 175
19 20
40 23
50 246
36 133
41 228
47 277
12 183
16 128
31 193
12 115

20 292
38 41
29 251
37 269
28 185
13 92
37 180
15 174
20 150
42 51
43 282
10 136
49 300
26 136
30 234
49 44
40 40
17 72
44 187
29 13
36 84

16 276
41 247
15 285
13 248
38 209
18 114
11 20
47 273
20 228
37 124
29 111
24 294
23 225
14 10
24 54
23 279
17 181

20 190
12 31
43 273
19 286
43 34
44 162
30 221
47 288
41 219
34 61
19 269
35 192
45 19
19 168
13 222
11 86
30 248
17 122
41 271
45 117
10 39

28 114
43 248
36 24
37 256
15 96
34 86
37 47
23 292
23 49
41 94
41 178
16 220
36 286
17 26
42 136
45 98
25 80
23 51
32 61
41 49
44 47
31 283
39 35
46 75
20 288
36 267
29 114
19 95
29 255

13 158
34 150
42 230
38 229
34 266
50 157
12 261
26 177
48 68
41 125
17 215
21 196
41 95
13 210

29 283
25 277
40 144
12 254
11 232
42 295
17 128
27 15
27 134
36 155
26 92
42 274
17 54
25 28
42 182
33 98
14 126
50 141
23 38
20 170
27 178
17 227
18 132
25 202
43 26
44 254
13 172
28 97
15 279
11 199

10 254
31 155
19 138
44 208
14 65
11 258
22 286
40 129
16 92
26 158
43 217

10 181
20 11
19 149
24 64
28 46
31 97
45 199
24 158
41 217
44 228
48 69

21 64
37 167
29 43
50 239
48 293
15 43
26 242
49 98
46 131
22 232
37 254
34 44
28 293
17 45
50 18
46 78
32 43
50 160
22 76
36 179
50 184
14 226

28 115
11 174
28 226
26 101
41 68
42 269
23 23
30 155
30 10
43 184
47 268
40 15
18 106
40 222
43 62
21 206
37 157
50 87
43 188
37 36
25 294
50 44
17 38
49 236
42 232
32 271
22 26
38 185
38 76

25 43
27 79
15 45
36 227
49 150
32 14
41 257
20 42
38 200
12 172
40 54
24 288
14 60
33 91
41 237
19 220
18 278
30 161
24 110
14 135
45 188
34 230
14 217
49 65
39 249
15 147

21 184
40 120
15 186
37 48
13 273
20 146
13 194
30 24
40 38
31 183
20 161
18 41
14 88
16 117
11 108
31 144
39 43
23 251
44 49
45 134
14 131
27 153

