93

10 262
21 10
37 165
34 68
47 208
47 296
43 119
19 119
50 13
19 60
44 84

29 139
49 195
12 38
35 127
32 236
50 205
30 51
23 294
15 215
26 282
46 212
20 223
22 298
44 165
32 189
47 83
17 283
43 182
13 83
32 112
36 173
35 170
21 230
34 97
17 243
26 186
21 72
29 59
10 161
48 81

25 167
33 128
50 36
31 10
38 276
17 168
21 55
21 67
14 163
15 75
45 152
13 198
40 23
47 142
13 64
37 40
33 211
40 232
34 274
42 258
49 59
39 109
36 296
36 143
41 165
13 127

25 285
28 291
18 142
10 24
38 207
50 268
27 140
41 81
37 71
18 11
29 57
14 203
18 145
40 208
48 128
30 166
36 300
35 291
47 24
49 71
36 244
16 64
17 69
35 289
45 77
46 35

14 225
25 143
30 150
43 221
34 11
44 69
18 258
41 212
32 81
44 194
49 78
23 236
21 218
46 169
46 236

28 259
26 37
26 289
34 124
16 146
44 106
45 180
26 35
31 27
19 287
38 259
23 77
17 239
35 43
49 184
42 148
21 128
17 163
28 212
10 121
34 83
47 79
13 248
48 129
10 250
21 63
40 156
37 59
35 172

14 18
31 111
24 170
39 18
12 225
24 186
28 298
48 244
34 123
33 275
10 143
31 248
15 121
37 75
22 273

17 112
20 216
19 151
24 73
24 171
23 284
17 252
31 288
48 139
19 126
12 46
34 66
44 151
15 255
25 66
10 132
12 111
46 167

14 47
42 30
44 79
28 254
49 74
37 257
10 280
45 28
38 128
31 124
39 142
46 83
24 100
30 75
44 172

12 133
34 264
39 63
43 135
48 144
13 281
11 273
21 39
26 71
13 94
29 285
44 21
30 131

11 149
42 191
23 148
50 265
19 263
28 153
28 87
35 16
48 91
42 51
31 70
19 263

25 114
50 264
47 54
32 205
27 228
30 162
24 221
49 59
20 104
10 15
42 265
13 293
17 100
37 254
30 285
47 149
40 264
41 111
12 51
27 101
14 53
19 187
25 180
11 230
20 97
40 13

18 53
38 75
36 147
32 145
24 248
20 184
13 35
45 72
50 275
28 259
24 277
32 133
50 72
20 119
19 274
43 187
37 172
39 83
32 291

17 144
15 70
38 147
14 60
30 108
43 80
35 169
27 248
28 207
14 166
49 298
21 283
34 135
40 263
41 45
29 14
25 59
16 87

29 226
20 61
17 44
46 195
30 151
47 154
30 77
21 239
38 291
39 147
28 81
36 157
33 223
36 156
40 276
35 194
44 194
27 100
37 32
40 189
47 291
49 265
25 144
45 181
31 175
34 134
38 220
44 241
13 234
19 246

19 49
46 165
46 33
18 81
23 261
36 190
50 234
37 133
40 217
44 85
40 83
22 14
38 72
31 79
18 39
29 120
41 53
23 105
26 106
25 62

16 45
17 156
13 120
30 106
16 190
14 226
30 169
16 53
32 73
26 116
10 42
23 75
16 203
14 219
45 18
36 55
44 117

25 187
37 30
12 169
45 257
17 110
39 23
39 272
44 272
20 69
41 256
16 259
10 140
33 179
47 123
45 243
12 280
28 275
22 135
34 29
40 268
29 253
29 19
20 286
11 210
44 48
13 161

11 212
49 273
44 219
19 74
48 32
28 171
49 41
15 62
44 223
25 53
11 163
47 38

20 211
17 29
28 27
23 265
18 227
29 34
10 58
45 91
48 93
36 169
44 199
28 190
38 212
43 183
16 236
39 129
29 220
45 154
44 257
31 136
40 22

16 60
27 61
47 113
19 185
48 113
12 170
16 95
38 213
43 287
14 67
35 188
32 131
31 27
25 60
10 119
26 186
50 266

30 179
29 237
21 202
29 69
16 169
39 199
14 113
36 239
15 98
24 132
35 213
10 66
18 214
23 37
27 250
36 273
38 291
16 181
47 117
16 18
47 26
45 166
50 220
19 167
38 159
43 48
38 289
40 235
27 186
43 287
11 219

25 28
16 260
40 275
13 286
18 16
43 164
27 79
27 203
12 128
22 260
10 43
11 63
38 225
39 129
29 289
40 277
38 296
35 276
16 156
37 98
37 210
19 206
45 225
48 201
10 66
13 20

25 92
29 221
49 28
39 148
11 265
14 188
47 55
21 242
47 167
39 99
28 120
19 154
11 247
37 19
34 56
45 225
45 273
37 108
30 158
10 271
16 32
39 136
22 115
14 14
10 37
28 37

13 32
43 125
19 193
32 104
20 177
48 270
18 85
22 89
19 135
42 183
35 293
37 111
11 123
34 44

12 27
42 208
25 220
20 217
36 89
46 122
47 127
10 264
40 87
20 37
15 56
50 295
22 100

17 249
44 20
34 72
45 150
26 32
27 12
43 83
10 41
21 281
31 235
44 198
30 136
41 287
20 233
10 78
26 171
30 155
45 101

30 38
23 209
38 130
30 247
16 17
46 106
17 237
32 144
26 169
45 163
24 19
40 242
37 12
36 96
24 121
29 27
12 122
33 93
36 190
14 102
28 126
13 175
13 153
34 109
48 121
25 38
43 187
24 81
31 105
43 131
24 265

24 22
35 269
17 156
35 114
40 212
24 253
28 267
49 81
25 78
41 268
48 177
38 83
38 73
43 237
22 192
46 199
27 187
32 204
41 15
43 269
37 162
15 208
50 213
43 29
34 52

28 227
45 249
39 100
42 169
27 119
13 25
25 222
35 211
36 263
13 202
31 70
44 114
38 20
10 186
25 180
27 80
12 267
23 31
11 137
33 130
33 267
35 75
33 274
17 241
22 21
40 103
50 239
37 253
21 259

19 281
25 253
12 280
10 286
27 24
13 140
37 182
11 167
27 237
34 112
37 149
29 78
29 127
17 101
13 84
35 208
33 155
16 139
33 237
20 73

20 152
40 285
29 126
22 63
20 82
39 239
17 16
19 214
23 81
14 298
46 155
31 258
49 253
48 143
30 297
15 135
37 34
32 99
47 79
45 222
11 52

17 172
31 117
37 248
15 169
24 120
33 266
48 24
12 65
14 94
25 38
27 284
17 214
46 229
15 200
26 109
40 228
38 61
23 232

11 162
38 208
16 39
33 220
17 74
16 130
37 124
18 69
49 298
27 24
27 271
25 178

20 237
16 67
25 90
31 192
37 276
34 58
48 28
24 128
26 225
10 41
30 190
26 134
48 24
44 270
34 252
11 51
34 231
27 117
12 29
18 82
49 171

18 205
27 152
12 161
19 214
19 161
15 74
20 261
32 133
31 102
30 223
40 218
19 133
25 210
11 173
23 159
41 255
17 35
41 43
28 300

17 116
29 108
41 259
22 162
26 50
22 277
20 260
31 208
17 224
17 238
50 192
17 28
10 131
36 265
29 248
50 13
40 277
13 140

10 158
46 189
26 234
15 276
10 269
29 151
33 49
45 137
13 157
18 194
35 59

28 225
43 217
46 300
27 139
35 89
50 249
37 128
34 42
48 110
45 283
13 251
16 266
25 107
30 250
43 97
23 206
33 177
43 109
22 25
15 91
46 92
16 166
34 128
50 37
25 229
19 104
26 81
16 220
25 117

20 37
23 126
25 122
32 53
47 33
40 291
25 212
16 127
11 124
36 41
11 39
41 60
36 27
23 174
26 162
21 30
27 151
41 139
27 131
15 193
30 201

13 198
41 124
21 76
21 257
30 213
45 251
28 83
14 126
38 64
17 187
39 50
28 92
27 243
29 255

11 11
24 81
38 61
12 131
21 114
37 278
22 192
15 219
45 152
22 213
44 63
25 124

12 204
19 143
15 190
49 242
31 184
36 241
33 29
14 174
17 33
35 71
44 28
31 69
46 41

16 29
19 107
12 207
30 264
17 262
36 84
10 285
37 34
36 211
19 154
10 23
17 294
48 263
50 195
35 100
16 214
30 41

14 80
16 194
18 188
39 216
22 41
41 280
33 220
14 251
45 223
49 240
50 157
23 258
47 246
19 241
18 260

10 157
29 219
18 108
39 189
30 203
37 19
12 57
14 164
43 300
32 22
11 144

19 270
40 37
48 83
28 134
13 282
14 99
43 258
14 278
35 224
13 193
18 202
50 159
29 115
23 181
45 53
43 150
27 226
36 95
45 20
10 78

17 14
39 247
14 283
28 207
31 212
25 188
30 180
36 27
41 185
17 100
34 221
20 257
35 51
33 251
37 71
16 282
14 39
18 206

11 186
41 193
19 40
22 196
48 154
45 261
41 256
14 268
44 288
39 279
29 182
13 31

25 232
34 146
50 57
12 298
33 146
27 118
30 184
18 71
45 178
19 300
18 102
10 194
20 150
39 176
15 109
50 218
38 20
43 126
43 161
29 119
16 263
38 226
47 18
39 164
11 288
18 71

21 268
28 187
40 63
50 225
38 51
30 169
11 237
14 43
38 150
39 26
20 73
21 176
22 106
24 81
50 152
14 248
14 297
25 92
26 284
26 299
13 63
29 130

13 230
37 26
38 106
21 68
42 52
36 41
45 31
24 33
44 267
46 114
39 92
13 52
41 122
39 43

11 136
27 246
19 139
44 90
31 279
36 144
27 188
34 169
16 19
26 146
39 215
48 169

15 183
45 269
15 17
23 20
38 290
36 249
28 197
32 116
29 93
26 189
25 61
33 12
39 33
42 146
43 113
38 64

29 114
22 226
42 153
33 130
32 258
50 217
17 238
11 56
33 231
49 26
30 50
38 178
49 108
16 278
22 139
36 174
46 259
43 196
45 11
28 239
47 191
21 141
46 145
10 173
27 274
37 215
28 10
28 103
48 91
42 293

11 281
39 211
48 139
39 271
50 93
50 268
38 236
13 110
31 25
16 133
15 36
29 174

27 48
30 246
35 195
32 267
48 167
16 123
22 277
24 149
24 24
27 253
25 84
31 177
11 18
41 74
12 266
42 112
47 57
42 46
37 74
25 251
11 224
27 93
31 187
19 132
38 241
37 197
21 41
44 74

27 62
39 115
17 79
50 219
14 132
45 224
36 82
23 287
41 33
33 256
46 31
40 27
23 55
23 220
48 52
33 224
20 260
45 138
12 30
49 190
29 95
34 158
29 244
38 54
15 294
23 135
49 117
32 37

28 130
34 279
13 170
22 282
46 134
28 154
23 75
43 88
31 95
48 158
14 81
42 76
24 126
40 250
33 40
43 152
34 167
21 286
21 78
12 49
42 116
22 14
18 183
32 101
47 93
39 98
37 63
41 67
44 299

14 152
23 272
27 163
11 162
41 66
50 53
29 196
32 249
15 172
50 178
17 41
20 212
21 196
21 82
42 194

25 62
19 158
48 275
30 177
38 112
38 98
30 131
13 176
32 107
22 28
47 144
41 278
34 247
20 103
42 106
49 19
46 39
38 135
43 247
49 206
44 230
42 166
35 193
16 211
11 199
46 147

13 45
36 206
19 262
12 237
17 84
16 153
49 170
28 30
46 247
31 79
23 234
22 164
19 275
29 205

22 11
27 94
20 19
11 56
30 250
33 184
31 109
25 86
25 255
18 173
50 31
29 190
43 139
11 264
38 227
48 154
28 129
48 45
43 242
44 96
33 53
20 210
27 214

10 228
43 138
14 90
47 151
20 81
20 130
19 213
33 151
28 129
10 226
50 284

25 109
33 230
25 264
46 167
45 211
32 17
39 42
48 177
40 201
44 279
26 11
39 251
24 155
50 58
16 244
41 26
39 26
12 10
17 188
16 30
20 202
40 132
37 297
45 29
27 223
49 79

27 167
37 258
27 152
46 92
50 180
34 20
43 284
44 255
11 88
42 240
22 151
35 83
49 130
26 195
34 160
13 18
29 85
41 228
37 174
23 133
27 147
10 148
34 129
36 171
13 46
46 145
13 207
20 269

19 12
46 111
41 211
36 229
12 237
29 242
37 125
39 241
45 232
35 49
12 246
39 72
40 227
20 273
13 45
28 67
46 112
45 160
43 189
26 296

28 185
15 159
37 77
25 160
34 275
17 35
45 290
37 229
30 239
41 15
23 19
11 158
21 167
34 245
22 219
28 138
16 228
26 66
23 108
41 102
40 119
41 109
37 168
40 177
45 270
50 196
29 33
24 24
43 69

20 95
22 274
44 59
31 225
26 239
45 22
21 228
21 187
50 128
17 14
26 282
46 54
39 103
10 74
13 214
15 281
36 233
15 159
31 195
16 300
34 35

18 103
20 27
40 283
45 266
12 115
21 57
33 271
15 229
41 150
40 135
48 91
12 52
34 260
47 216
40 197
48 95
39 106
29 128
41 200

13 190
39 14
28 37
25 192
44 181
29 164
31 161
43 157
16 149
36 227
11 40
47 195
41 297
24 20

16 169
11 209
10 167
38 279
49 71
28 142
38 121
36 211
47 122
31 274
38 200
33 131
19 222
40 156
45 92
28 171
31 256

25 57
38 240
13 228
27 52
17 300
17 146
37 53
27 176
20 131
27 102
36 16
43 215
17 220
12 28
39 284
25 156
19 209
25 152
14 292
11 165
36 118
45 259
28 40
39 289
34 34
50 139

28 146
10 272
14 280
35 168
17 169
36 245
29 234
34 285
31 192
41 279
38 107
23 155
34 75
40 67
24 27
27 93
25 116
27 275
30 66
32 38
20 39
21 284
10 246
18 99
31 74
37 51
47 64
38 187
18 179

26 98
14 195
22 202
27 147
46 68
33 249
38 117
32 207
22 215
20 275
32 35
17 177
33 198
19 230
44 90
45 164
15 150
22 24
49 191
27 229
13 161
15 80
22 202
13 296
50 241
48 72
35 26

24 272
28 124
44 139
46 146
37 234
39 11
43 51
24 143
45 106
46 160
33 151
24 17
13 97
37 68
22 253
42 126
17 204
37 234
15 81
10 273
48 243
48 54
26 100
26 253
45 182

14 136
13 168
18 81
10 196
34 115
29 53
22 221
42 19
39 58
32 148
12 89
50 13
18 184
20 12
12 223

14 293
32 56
28 96
37 37
29 254
20 193
27 152
44 240
50 30
48 51
36 38
14 52
16 179
27 277
36 250

15 170
42 21
32 156
44 182
27 114
27 209
27 133
47 226
41 51
13 177
45 168
37 121
23 131
32 90
38 166
34 134

11 70
39 300
47 196
36 152
34 59
30 33
38 226
14 149
37 246
21 18
24 32
49 167

15 196
19 155
43 28
24 46
42 193
26 125
45 113
50 16
29 188
32 294
12 206
27 99
40 93
19 121
43 73
16 172

27 34
33 296
49 262
38 145
40 32
26 68
46 180
36 300
10 261
46 245
34 148
26 244
46 136
18 270
39 65
44 249
27 128
14 176
36 267
21 258
23 44
33 44
37 198
10 68
19 39
17 112
16 211
11 161

22 29
11 108
10 220
31 286
14 243
45 11
46 297
35 154
16 205
16 194
17 240
33 95
37 142
22 41
16 139
29 99
31 25
16 278
27 101
22 127
16 23
29 42
40 239

13 217
39 272
22 217
47 83
14 246
50 105
46 12
12 258
37 108
10 210
39 133
12 256
41 273
44 269

20 194
15 51
13 40
35 230
30 189
18 97
19 73
30 188
48 241
12 43
49 148
12 67
43 31
19 43
31 15
28 285
37 131
38 239
46 134
17 144
26 12

26 11
33 21
17 174
18 108
43 26
41 56
21 204
49 298
33 184
47 258
47 81
38 208
46 199
47 78
11 182
50 15
13 227
34 89
45 32
26 166
14 255
27 114
24 206
42 182
18 68
46 178
12 188

28 66
12 61
31 285
41 198
36 206
49 168
18 91
19 186
40 228
27 23
28 79
13 173
11 42
49 161
35 42
49 21
27 54
29 34
33 242
13 167
25 295
30 216
36 200
35 72
36 172
22 103
24 114
45 30
49 221

28 123
44 219
45 17
28 149
16 212
16 244
33 57
19 224
49 272
15 224
48 262
24 106
37 185
28 185
33 69
21 40
10 49
25 52
20 286
41 147
41 38
38 285
22 117
29 105
29 25
37 238
10 128
37 82
42 208

28 38
24 173
42 176
31 197
40 62
30 264
37 201
26 113
28 15
33 185
41 286
43 242
16 48
47 181
42 15
37 258
47 91
46 164
22 100
38 220
20 74
17 149
26 135
37 263
40 46
34 149
28 219
44 211
45 174

24 198
47 113
25 14
47 148
38 173
19 82
12 130
28 117
34 165
15 125
46 78
12 22
16 128
22 154
30 208
14 201
12 208
35 83
32 177
31 207
16 111
44 155
38 215
22 267
18 147

11 40
16 105
26 142
11 254
41 175
22 18
40 196
48 105
46 97
12 252
24 234
16 295

25 223
34 113
33 292
49 102
22 22
48 146
40 238
43 94
41 98
14 226
35 33
25 250
38 121
47 17
39 229
47 239
32 289
12 234
17 52
48 128
37 262
48 252
28 40
35 287
16 94
16 261

21 275
44 210
50 83
19 29
32 65
42 204
23 221
16 207
12 265
10 293
41 75
10 87
32 153
47 19
27 65
40 223
31 154
48 16
19 238
18 109
13 12
19 173

