96

20 113
13 250
49 209
47 248
40 287
39 283
34 273
14 47
46 124
32 246
35 109
47 294
40 12
46 293
39 189
33 88
12 293
48 95
20 221
21 300
23 255

30 238
34 284
47 212
48 300
22 51
35 151
19 113
40 167
46 226
22 161
26 65
41 252
36 131
16 106
43 126
28 201
33 221
12 195
14 84
38 149
47 141
11 84
44 197
40 246
18 152
40 88
10 218
20 287
33 246
22 212
27 122

18 22
30 217
14 195
15 184
23 189
27 188
41 76
39 38
47 286
19 204
34 82
12 26
37 74
35 282
41 231
40 45
11 202
42 210
28 238

26 259
46 277
36 244
38 37
20 19
16 264
38 113
28 242
49 264
46 65
40 258
38 95
34 97
10 113
11 256
28 181
43 44
32 185
13 48
46 24
22 106
16 47
31 216
27 101
45 98
35 153
10 185

14 95
14 142
47 31
10 39
13 295
42 61
45 160
25 249
25 102
23 37
18 277
44 285
35 12
45 295
22 200

17 102
28 254
16 217
22 264
46 188
40 117
27 248
28 125
28 80
30 237
48 267
28 275
37 122
15 70
46 241
34 191
14 151
48 267

16 17
41 58
32 112
25 178
20 127
12 227
22 152
10 142
14 139
41 239
23 297
31 14
47 171
16 144
23 117
37 168
41 283

25 178
14 198
28 92
10 214
43 188
11 48
40 293
16 261
41 20
17 285
20 220
49 295
27 12
23 170
16 159
29 232
17 90
40 262
20 256
17 145
25 208
31 161
14 234
26 19
31 129
44 69

24 232
50 103
13 179
42 22
13 266
25 131
40 131
35 292
49 47
19 137
44 66
11 44
28 100
11 274
36 267
20 104
35 138
47 10
35 38
36 85
28 39
20 164
20 14
22 291
26 199

11 34
40 143
15 160
24 147
32 253
49 51
21 160
40 240
29 185
36 99
35 148
32 88

23 26
14 225
33 293
42 194
31 272
15 34
30 73
37 161
31 273
14 52
12 236
14 285
10 290
16 146
23 137
43 95
27 290
31 184
31 251
16 139
16 30
32 146
21 80
29 48

27 257
27 200
16 232
10 16
24 41
31 94
30 204
49 42
18 42
37 258
39 159
36 101
12 294
29 198
15 116
13 161
37 116
21 281
28 266
10 58
21 98
44 23
38 240
37 191
42 287
29 181
11 191
50 64

19 16
16 199
15 145
23 22
15 242
14 204
47 201
49 274
39 244
39 83
23 196
14 35
19 257
45 131
38 128
26 173
35 130
49 260
50 296
13 267

28 71
17 28
19 251
14 127
35 160
38 283
29 180
10 150
50 113
26 224
41 190
31 198
40 279
22 49
44 192
50 146
13 151
10 124
48 50
18 238
15 198
21 172
24 286
22 266
17 266
15 191
35 113
26 228
21 249

11 234
44 23
42 78
12 159
17 192
17 78
27 156
50 19
50 183
48 116
47 152
42 45

26 242
17 173
19 247
27 72
14 21
41 204
47 260
39 137
46 90
42 281
46 218
35 120
37 57
37 27
44 130
33 120
31 146
43 208
45 229
13 58
38 69
16 170
49 241
37 261
20 194
11 87
21 191

11 190
32 300
50 149
44 55
13 81
39 133
38 49
27 47
37 54
25 293
36 164
23 81

16 133
38 173
12 28
15 17
12 115
37 241
40 64
17 110
42 84
48 50
40 257
17 245
37 189
22 213
38 169
42 251
39 223

30 165
42 54
14 216
41 177
15 65
31 144
29 83
15 195
36 182
21 160
31 65
32 96
29 147
34 213
26 52
31 199
30 190
42 191
50 76
18 83
41 191
21 254
47 159
41 162
13 256
28 299
30 203
43 80
14 141
10 220
38 31

23 69
49 291
20 113
17 269
46 239
34 34
42 96
10 184
25 287
26 162
29 155
34 226
41 127
16 251
39 58
12 255
12 133
50 214
33 185
18 92
50 226
39 208
36 100
42 201

30 205
37 131
23 57
21 103
20 284
27 228
45 213
40 206
45 210
31 230
46 148
23 154
31 148
47 51
44 285
19 169
27 235
37 236
48 186
46 128
24 192
21 26
36 86
38 238
28 36
22 192
41 132
24 33
23 213
27 182
37 44

25 110
21 214
12 289
17 25
34 126
47 70
14 179
10 128
21 282
42 300
21 104
22 112
18 292
34 35
36 215
10 140
29 196
44 97
27 112
43 227
48 277
13 237
17 137
37 136
32 200
16 135

29 111
36 290
41 157
18 66
24 51
32 212
33 95
37 57
48 128
29 250
40 88
23 44
42 242
46 79
14 22
13 223
39 124
29 198
42 266
13 101
26 66
37 143
29 239
42 227
12 252
13 43
32 279
30 152
30 197
37 262

15 106
39 69
26 62
45 229
39 15
41 294
37 74
37 95
12 155
20 21
14 172
48 197
44 102
17 238
29 248
27 209

18 101
17 51
13 172
41 229
47 180
40 213
48 294
34 32
22 113
46 197
19 299
17 70
45 281
43 164
25 97
17 18
12 14
48 21
26 142

17 64
37 236
34 79
42 260
20 88
41 108
31 219
10 174
22 169
25 240
16 44
28 102
34 216
16 241
49 239
44 205
44 115
12 276

20 157
43 204
37 129
25 90
40 136
10 241
32 210
12 212
28 19
12 96
35 208
48 181
38 300
18 222
26 263
46 148
45 295
25 37
50 150
44 78
37 229

24 88
14 243
30 71
30 81
44 293
13 144
35 211
43 150
11 86
45 214
21 109
26 56
25 174
12 89
42 140
47 290
49 280
11 208
44 169
42 99
29 176
43 272
47 130
39 269
36 282

17 242
32 157
33 132
50 298
17 86
36 143
18 200
43 73
39 245
45 126
12 170
34 189
50 149
21 195
43 48
33 270
18 37
34 76

12 187
10 194
14 54
38 274
50 67
19 71
12 17
38 46
15 44
26 255
16 105
44 48
17 154

11 207
23 105
44 250
42 42
34 170
19 45
11 259
22 260
27 274
50 19
45 209
32 32

13 165
24 52
16 275
26 267
39 259
49 236
12 90
15 287
44 260
45 33
16 98
20 74
11 134
12 220

21 143
46 156
30 21
43 237
27 256
33 205
11 196
31 201
18 199
40 164
43 207
34 63
29 46
10 296
12 109
45 232
50 48
11 128
46 299
33 97
45 69
40 245

10 188
39 128
18 191
14 273
26 146
48 169
12 72
44 272
11 294
16 222
29 30

13 279
25 108
23 142
40 123
16 143
18 155
24 113
22 56
38 242
14 221
38 119
15 207
40 293
15 240

15 132
43 59
18 75
12 142
46 92
34 161
14 201
31 212
21 213
32 298
15 137
28 146
34 300
11 93
24 51
16 143

23 195
12 93
48 47
16 147
30 164
15 229
18 291
28 171
42 86
23 120
26 238
11 28
30 23
17 106
49 299
11 160
44 151
38 237
29 31
42 82
12 46
14 203
18 276
11 186

30 229
10 261
44 26
19 192
44 215
41 117
47 192
21 132
27 220
23 51
20 172
50 147
49 249
34 13
37 243
44 246
14 37
41 117
34 67
16 98
10 114
10 12
39 64
46 208
20 288
12 127
46 87
17 285
37 27
23 46
27 123

29 288
31 106
49 297
12 110
46 272
42 227
11 70
32 22
25 252
44 61
50 289
28 48
42 265
12 191
15 31
26 289
17 269
12 110
12 29
17 13
39 272
16 294
16 187
24 20
35 21
32 166
50 47
47 10
43 271
14 139

25 139
17 171
38 173
36 246
21 280
35 195
33 80
49 60
14 246
26 132
37 208
35 81
12 258
10 42
38 172
48 116
17 126
15 229
25 265
19 106
34 15
25 154
49 127
18 285
28 208
28 183

22 233
39 136
28 75
22 155
25 298
34 208
38 288
22 253
12 22
37 252
35 262
20 260
15 43
32 68
28 161
31 242
43 277
21 120
33 149
17 10
32 90
13 112
35 26

29 205
31 144
12 190
27 196
46 124
10 263
23 55
17 295
23 277
27 167
12 287
14 20
33 71
27 182
26 40
27 243
11 74
20 28
46 111
27 29
14 276
19 148
25 246
48 248
13 113
44 132
13 130
21 188
21 19
29 165

27 255
10 34
25 100
11 21
22 26
14 146
38 145
12 103
26 219
19 119
12 17
47 118
17 60
33 122
30 97
40 257
45 18
13 229
17 16
46 182
31 252
23 156
21 193
41 116
19 180
37 122
37 167
21 71

22 77
10 129
15 54
20 142
35 57
20 239
19 213
22 122
14 162
13 27
34 264
18 128
41 52
24 24
24 187
45 237
30 55
34 95
46 54
31 107
15 232
47 274
40 283

22 67
14 245
43 212
33 249
27 86
41 34
33 103
35 153
19 28
35 208
41 264
43 79
49 180
20 127
35 168
33 48
10 32
11 10
22 286
37 157
32 69
25 250
28 275

19 218
50 134
19 217
41 130
50 99
50 51
50 267
13 120
18 56
38 246
17 236
37 160
45 40
24 115
31 118
41 172
47 81
26 77
47 208
23 33

22 273
33 144
38 138
19 15
13 92
15 36
46 41
49 71
11 135
16 112
30 157
37 166
34 78
13 135
41 137
48 73
48 165
22 234
30 175
44 220
32 243
40 259
37 172

15 188
33 261
47 202
27 128
28 67
31 275
22 25
28 44
33 73
33 283
42 69
49 268
32 124
24 222
41 205
36 162

16 240
33 253
13 159
31 192
43 121
42 219
27 209
23 47
39 95
48 186
30 219
47 134
22 62
26 298
28 239
10 282
22 16

18 44
18 174
28 263
22 250
39 174
40 298
37 255
26 33
30 139
26 189
44 49
34 190
22 293
34 146
22 105
47 165
14 120
25 290
35 281

11 152
31 148
50 286
43 163
21 31
16 144
45 296
39 63
40 55
15 286
43 267
38 56

10 78
44 293
38 257
14 203
48 42
42 140
19 171
10 46
19 140
18 169
32 193

29 298
50 189
34 97
38 83
38 68
43 10
34 13
42 99
38 70
29 247
20 260
42 247
18 191
47 120
38 92
18 165
17 257
14 242
38 80
22 174
26 299
21 152
12 105
48 46
39 204
39 28
29 119
41 272
37 32
21 263

11 274
30 63
44 102
39 202
44 198
29 168
40 30
30 31
34 291
47 122
30 120
18 228

12 33
47 62
26 48
29 165
12 200
21 59
12 261
18 228
22 112
38 192
47 13
25 288
49 158

12 196
22 253
16 172
26 116
42 275
23 109
34 36
47 10
27 106
21 47
28 234
43 138
15 91

21 75
21 275
33 288
41 67
36 262
13 150
13 107
37 275
21 83
12 236
47 76
36 27
10 178
32 45
28 92
15 261
38 285
28 218
15 167
37 129
48 172
36 237

11 180
39 250
13 36
35 171
43 84
19 199
48 295
35 26
47 91
15 62
21 72
11 198

29 147
47 57
21 49
19 211
49 280
42 22
12 110
18 209
48 10
38 83
13 191
24 15
41 191
10 69
32 222
11 259
20 144
25 130
15 201
27 50
40 97
36 245
45 244
42 167
10 123
42 12
12 284
15 109
17 63
30 154

16 213
19 166
39 106
12 190
16 78
17 165
18 194
28 198
12 39
47 83
33 105
23 200
33 298
47 144
12 137
26 36
41 269

19 221
36 246
18 103
32 86
13 145
23 137
10 53
27 95
19 247
11 100
43 165
27 175
50 289
48 193
19 97
43 223
32 134
27 42
28 94
15 60

22 68
12 113
25 40
19 116
26 109
38 79
43 41
21 86
34 221
22 231
39 265
27 90
46 137
14 190
30 284
39 60
18 268
17 110
27 284
50 178
20 130
46 30
42 260

25 248
14 171
14 98
41 285
47 25
10 261
46 20
34 78
49 194
22 108
11 104
18 137
15 186
25 158
43 156
15 52
25 297
48 64
40 284
37 80
34 47
28 168
27 162
33 250
22 232
48 115

16 64
31 28
15 224
20 89
37 51
14 213
15 89
43 206
34 275
33 214
28 173
45 276
22 67
18 253
38 124
49 196
35 95

12 15
45 78
50 175
20 72
17 184
27 44
25 199
31 69
14 98
38 266
35 164
47 143
49 213

26 88
49 21
29 18
15 150
24 101
31 117
39 27
39 17
21 234
29 221
24 97
36 203
36 290
15 253
25 252
43 61
48 206
40 243
48 141
36 255
44 261
30 135
44 242
22 283
27 25
14 33
30 67

28 276
32 103
24 137
15 37
32 50
14 288
47 55
40 249
25 155
21 198
14 275
11 241
33 239
24 99
42 256
40 296
41 133
10 294
35 276
47 107
42 124
24 68
38 259
22 241
26 106
29 133
29 26
16 55
28 213

16 150
24 224
44 203
25 19
12 82
43 151
44 273
40 79
43 28
42 171
42 29
17 295
22 183
22 62
42 107
20 188
29 161

29 104
22 131
39 77
24 106
37 170
38 209
32 99
48 148
41 91
18 233
40 184
24 172
27 176
42 235
29 79
40 11
17 88
40 88
28 43
11 258
26 121
45 53
13 22
45 48
30 185
44 196
30 57
41 104
23 251
17 136

11 148
12 295
30 295
27 213
44 160
38 110
27 167
24 44
21 167
11 52
38 221
25 153

20 63
11 65
21 136
36 23
31 221
39 62
22 186
47 111
34 203
26 157
17 240
16 34
13 231
48 190
35 96
49 159
16 96
21 118
42 278
11 164
41 110

22 206
27 184
50 125
39 27
27 34
37 79
35 235
35 225
13 32
50 298
40 43
30 46
34 185
22 146
12 73
14 195
17 33
23 221
10 98
47 143
15 158
50 16
47 215

28 228
38 231
14 281
47 183
35 46
45 220
33 59
36 22
16 217
38 269
36 53
45 249
48 193
37 42
28 127
27 38
26 149
21 204
16 80
48 46
12 105
35 266
28 65
39 136
41 20
20 116
43 205
13 259
47 280

11 57
44 295
19 183
14 217
33 23
12 157
25 77
20 95
23 51
21 291
23 71
32 169

17 241
10 266
26 39
19 91
26 276
42 274
38 148
11 120
37 232
39 204
17 186
25 280
25 31
29 283
15 134
36 112
20 267
50 92

14 227
17 65
12 272
48 102
29 167
15 60
49 272
46 122
12 49
42 183
28 81
10 143
30 121
39 222
38 242

21 226
48 31
35 120
47 192
20 14
13 248
26 167
27 214
49 160
27 54
41 148
48 137
12 134
43 206
29 232
32 60
13 148
30 288
42 257
41 279
27 213
35 218

27 45
41 131
20 154
34 288
31 246
20 42
33 21
21 281
36 275
17 246
45 172
26 124
43 149
12 190
33 236
44 234
35 168
24 133
30 44
33 114
21 60
49 264
22 176
21 113
15 107
20 155
38 13
33 33

16 228
29 172
45 61
31 229
27 28
45 81
13 33
14 207
33 219
44 113
28 38
41 13
49 13
18 263
50 33
25 179
35 92

26 223
33 52
47 68
15 281
41 35
20 35
50 71
23 146
36 201
32 137
12 143
35 273
26 14
49 53
42 163
34 240
45 178
15 102
19 79
31 96
30 43
15 245
19 36
36 118
21 65
45 95
16 19

11 208
44 282
33 73
27 114
26 237
28 247
44 87
45 159
34 236
37 14
38 253
41 282

16 76
31 173
50 210
20 12
41 129
22 232
15 28
38 291
22 193
41 241
48 128
34 109
49 220
48 134
33 254
24 208
49 193

14 281
12 32
40 99
27 135
43 149
33 174
22 241
50 31
36 241
50 118
10 278
37 289
21 193
44 198
43 190

18 175
36 148
40 254
11 197
46 118
21 103
20 266
48 240
50 217
42 60
38 204
16 86
35 15
27 207
39 65
15 171
24 155
22 156
34 120

29 126
42 191
22 83
50 142
40 207
21 73
47 22
44 142
29 298
45 292
41 224
37 296
17 100
12 287
20 41
21 224
32 143
49 85
31 186
45 125
41 217
47 73
36 187
12 290
10 25
44 198
41 243
14 28
38 172
39 227

21 109
20 277
33 71
29 140
48 284
24 41
28 281
38 288
49 42
36 95
47 42
11 180
30 177
15 124
40 246
49 36
49 258
11 111
15 242
30 187
38 192
23 99

29 167
10 70
45 57
44 298
27 135
44 215
41 250
32 147
34 250
12 152
39 207
14 83
16 170
11 77
19 82
43 60
42 223
12 263
39 200
25 168
28 32
18 146
39 201
20 194
40 87
14 163
40 57
35 243
38 276
14 83

21 30
11 161
27 19
32 257
24 283
26 286
20 197
41 72
50 219
27 270
10 102
24 13
18 253
24 274
31 197
39 247
19 156
28 119
25 137
35 81
49 47
30 22

30 181
34 31
11 221
49 187
18 157
40 111
41 158
42 124
43 235
44 95
49 52
41 153
43 134
33 228
33 150
50 214
43 63
46 81
12 90
25 14
32 65
48 241
39 265
18 74
38 100
50 269
38 63
11 172
18 98
39 52
29 300

27 24
36 275
20 70
25 54
41 120
11 300
46 97
33 274
15 87
17 207
21 66
14 286
34 40
32 80
26 123
41 63
43 219
49 98
42 24
20 190
29 271
15 152
48 242
46 133
41 95
39 216
29 28
28 126

15 210
47 94
49 227
39 81
27 208
41 118
31 26
25 239
49 51
22 177
45 32
12 63
30 118
41 242
49 137
35 89

30 52
23 129
39 296
17 172
21 70
11 229
33 276
12 94
40 97
32 258
18 50
20 26
15 294
50 269
28 291
10 218
26 182
38 286
29 251
26 108
43 277
30 184
11 26
45 59
41 170
48 192
25 226
13 295
19 191
13 117
46 251

21 180
40 110
16 47
29 85
17 70
31 271
14 151
29 46
42 32
32 233
30 92
49 44
25 146
46 142
26 12
50 224
40 76
20 247
24 47
30 72
24 177
48 35

11 296
31 222
27 268
24 88
33 254
44 179
24 98
12 54
30 85
26 134
29 80
27 249

27 171
33 11
34 93
21 222
48 38
49 71
47 113
27 259
39 279
48 88
46 46
41 280
30 189
19 149
22 274
19 102
32 182
49 273
27 150
10 16
49 279
49 106
24 189
50 62
36 133
32 16
12 198
45 214

26 44
23 67
37 268
29 53
45 66
31 176
36 267
19 174
16 28
47 258
38 160
36 158
50 205
44 177
26 50
43 20
16 161
47 182
28 148
18 161
47 85
30 27
36 92
38 69
16 250
32 158
48 35

