90

28 96
37 58
10 217
21 83
37 195
45 209
35 74
36 168
24 99
36 46
22 277
15 107
23 200
20 23
33 176
14 295
32 284
47 75
13 203
11 69
12 84
30 168
39 268
42 256
38 46
32 198
27 90
18 55
41 267

13 46
33 64
50 97
18 65
36 13
48 192
25 206
25 268
32 137
45 135
33 294
15 297
17 102
16 169

11 170
29 213
37 284
31 263
38 108
43 294
15 181
35 113
39 299
37 91
30 284
33 280

19 193
23 216
40 277
43 132
37 262
26 43
38 25
41 220
39 210
35 224
23 102
38 143
26 88
41 257
38 24
38 112
19 77
37 205
37 165
39 80

21 104
30 22
21 258
36 159
17 149
18 49
33 119
49 184
20 245
26 175
41 269
36 285
38 196
47 258
48 205
20 232
43 279
38 68
31 231
44 283
18 238
21 88

20 190
32 148
46 131
50 259
45 126
37 275
23 177
45 162
48 63
10 30
33 105
35 274
18 100
17 22
23 132
50 82
46 97
11 86
31 201
24 241
40 58

29 85
38 98
28 172
12 264
25 277
47 109
47 147
16 205
23 193
24 160
28 156
14 90
27 190
41 20
50 192
10 220
20 201
40 261
35 26
45 103
28 283
43 289
30 176
40 252
29 179
40 266
33 51
14 217
46 148
46 142

13 239
14 26
13 15
44 110
44 247
15 200
25 211
23 16
23 24
42 276
27 184
30 203
42 277
17 86

30 207
33 221
10 266
20 266
23 214
27 206
26 191
27 230
50 266
46 298
37 13
49 236
18 197
34 184
44 69
39 196
11 146
47 203
43 261
25 106
25 24
19 165
12 292
25 96
12 287
30 157
33 257
35 231
22 154
46 101
33 287

25 243
12 179
36 13
34 252
25 40
30 186
16 144
48 241
14 280
50 153
47 124
35 116
25 246
28 121
10 163
43 73
39 273
32 115
15 289
38 120
49 15
34 37
50 243
25 23
43 161
18 74

30 13
11 77
43 281
31 172
46 237
41 94
30 99
48 87
25 53
42 280
23 54
49 167
23 62
33 90
42 276
17 29
23 155
11 49
42 64
44 122
36 149
31 66
10 258
40 44
20 295
14 100
28 255
48 216
48 12
36 49
31 269

12 298
10 58
10 116
12 260
32 177
31 209
32 129
18 20
14 149
20 260
31 216
21 51
23 86

14 253
35 242
23 62
33 17
38 89
47 50
15 50
27 191
43 251
27 86
29 200
42 204
32 153
14 41
32 155

15 143
20 278
20 30
42 169
43 166
13 128
22 288
20 16
32 268
33 222
30 30
38 67
43 210
37 279
22 273
43 162

16 261
18 38
33 51
49 273
16 166
44 184
21 120
18 271
13 64
50 264
33 184
24 158
16 61
29 49
31 296
33 206
50 245

19 136
36 232
10 105
22 227
23 205
10 63
16 23
26 72
34 34
35 11
28 157
35 61
28 161
49 101
33 48
39 224
28 59
13 182
46 168
23 65

17 99
32 277
30 174
49 53
46 138
38 132
16 47
11 225
20 260
13 218
21 225
46 65
29 181
44 76
13 200
22 176
38 162
35 197

28 117
33 116
49 108
24 42
31 206
17 213
38 56
26 260
32 259
30 46
47 188
46 123
27 198
50 296
44 197
24 52
10 119
27 248
26 244
11 99
30 203
19 172
22 72
34 259
34 234
33 163
29 190
29 262
47 60

30 97
34 28
46 268
49 249
40 159
42 20
17 178
32 271
37 203
36 139
20 260
44 78
20 160
23 196
44 144
42 75
29 41
19 47
25 129
24 102
39 258
12 92
12 175
43 156
30 149
34 241
50 92
32 85
18 72
25 216
11 178

22 17
40 210
18 140
50 214
44 234
39 44
18 14
38 164
29 214
18 285
39 262
15 63
50 257
25 124
47 42
49 251
45 98
34 196
13 219
17 133
37 164
26 294
46 261

24 20
39 221
15 238
11 138
45 88
39 170
29 295
10 261
22 118
31 204
35 109
26 59
17 295
37 141
23 185
22 181
28 157
45 158
31 110
40 95
49 94
13 29
41 99
13 60
21 273

23 63
30 228
45 139
22 181
13 193
33 275
31 150
24 232
16 179
15 14
49 49
20 192
43 291
23 30
36 82
10 89
42 181
32 75
20 285
50 49
32 25
34 10
17 142
48 65

14 206
22 246
24 165
25 170
50 17
10 183
39 194
33 177
42 34
27 267
14 235
30 172
24 36
46 88
24 37

23 105
28 242
27 71
29 25
35 140
14 110
50 55
43 107
11 53
40 141
17 245
10 255
41 90
25 73
19 278
49 297
18 77
40 67
21 288
23 82
31 49
38 260
37 138
14 30

28 21
42 239
44 81
19 245
26 24
36 216
12 144
11 147
14 15
50 152
35 226
11 208
21 128
16 208
14 233
30 137
29 103
24 79
40 65
44 79
13 77
33 188
33 217
19 62
50 159
24 79
26 35
49 298
18 41

15 252
31 247
22 139
26 256
33 65
39 127
27 126
50 152
34 233
28 57
30 244
34 262
34 295
48 206
24 123
18 113

27 98
32 298
14 252
44 88
33 81
43 118
32 48
38 55
23 15
26 121
14 288
27 64
39 161
23 241
33 152
45 194
27 58
42 281
30 51
31 220
32 227
46 17
18 50
48 39
41 56
13 155
26 231
22 108

25 80
13 289
10 116
44 290
17 275
44 274
22 31
14 167
12 11
18 197
46 12
17 183
18 141
29 96
45 137
36 216
48 95
49 31
29 45
12 208
39 243
18 150
24 144
45 280
25 155
29 209

11 235
17 137
27 100
22 10
29 15
35 163
39 276
25 182
41 174
44 205
24 119
35 50

10 57
40 163
50 106
34 81
27 259
12 31
50 124
46 117
45 47
29 216
37 289

26 149
25 286
50 183
21 186
24 239
40 254
16 232
11 165
31 51
17 133
27 130
37 144
40 279
34 186
43 261
47 87
30 55
27 256
14 250
41 47
42 63
30 55
39 130
40 93
22 81
36 13
35 288

12 53
11 295
11 58
31 31
14 117
13 94
36 103
21 76
13 84
28 103
15 224
32 58
14 135

28 106
39 222
42 224
21 26
42 189
31 179
41 72
20 199
18 212
37 241
11 27
37 22
42 285
23 144
41 85
30 120
13 236
43 21
35 202
31 113
14 140
35 291
25 176
12 58
15 147
44 77
47 261
13 293
15 248

12 81
24 283
43 48
17 100
12 70
46 288
22 44
28 299
13 281
28 81
41 23
48 36
35 50

27 199
40 48
32 43
13 180
28 21
14 195
32 249
25 168
38 23
46 109
14 65
50 274
32 269
42 44
26 106
21 244
46 251
41 219
32 229
18 55
26 158
28 152
28 86
26 185
49 271
35 181
46 72
24 121

26 156
26 39
16 174
38 38
25 51
37 47
23 220
13 119
46 129
31 134
13 30
15 137
24 80
17 82
12 36
47 183
50 30
40 109
15 179
17 34
30 177
43 271
50 110
40 296
16 275
23 212
36 18

21 289
15 101
39 106
17 236
26 216
49 45
41 31
17 61
12 178
22 176
42 77
39 47
17 121
43 283
17 240
38 256
29 140
49 55
50 232
39 99
23 74
18 78

28 148
16 132
42 86
22 11
37 153
16 142
24 72
24 84
24 268
28 168
45 280
21 190
21 266
36 166
23 202
37 232
43 221
11 295
14 270
40 244
28 297
40 78
46 161
24 166
44 284
12 77
15 79
11 132
17 242

22 151
18 173
29 47
30 263
17 31
42 163
27 36
16 236
48 275
24 281
31 74
12 219
12 265
23 15
34 134
34 122
28 173
41 26
22 181
16 239
29 131
34 52
12 218

20 279
46 74
17 29
50 122
25 76
19 280
39 268
40 261
19 250
42 150
14 271
18 296
28 112
32 165
21 142
39 46
15 56
17 227
40 293
13 138
39 129

11 52
33 214
46 117
34 178
34 220
44 246
48 34
22 100
27 217
31 152
21 17
37 17

23 114
46 81
11 33
10 253
17 136
39 41
27 59
25 89
50 153
31 32
12 288
20 291
15 273
31 57
33 256
14 244
21 94
35 251
29 80
28 164
14 226
23 181
46 262
18 31

29 69
44 163
38 36
17 162
45 240
45 172
23 76
20 119
22 96
38 168
39 157
37 185
37 23
46 60
50 188
40 179
21 149
22 147
19 53
33 234
46 166
41 265
26 216
13 97
24 235
43 213
30 199
23 85
27 277
29 258

13 254
34 233
26 115
42 183
31 236
36 238
25 293
29 296
26 119
39 189
48 237
47 298
22 173
44 246

24 105
18 217
13 92
15 59
13 243
37 275
23 80
26 96
16 213
45 273
19 215
35 11
37 22
25 283
44 189
17 168
13 165
50 16
17 245
47 215
43 139
47 142
11 295
39 300
15 222

29 53
37 115
36 77
32 277
40 185
11 197
17 65
12 292
27 126
35 225
48 155
24 218
49 34
34 122
47 24
39 222
12 231
26 281
33 193
28 140
23 233
33 292
17 244
45 62
12 196
15 46
28 24
20 231
49 270
31 61

13 236
16 153
15 84
13 71
50 22
48 86
23 94
48 221
46 148
13 64
35 191
39 174
43 62
42 105

18 179
46 276
22 258
36 172
46 157
37 88
47 21
32 75
18 226
30 222
20 282
21 298
39 295
31 26
45 66
44 150
37 79
39 268
28 187

25 280
48 243
44 32
22 89
28 224
15 279
19 92
41 207
36 104
50 39
19 81
11 142
16 230
48 137
10 155
14 59
31 210
47 27
22 275
26 272
11 234
34 14
16 181
10 141
47 228
42 166

22 210
37 177
15 210
44 278
40 182
30 224
20 195
27 225
24 235
10 179
35 73
26 217
30 73
49 26
16 277
38 77
30 62
38 294
21 135
43 156
35 145
31 238
22 30

13 173
34 246
17 147
21 21
41 267
44 149
39 193
43 240
38 257
30 197
45 251
39 66
49 223
14 140

22 251
25 260
17 274
26 158
10 76
41 111
17 67
38 165
42 30
50 88
24 279
27 292
43 124
36 241
10 126
32 231
47 205
41 72
43 201
30 191
11 199
22 94
43 53

23 90
38 202
25 112
15 94
19 67
44 161
31 148
20 231
27 88
30 31
19 283
37 129
13 187
43 174
19 284
20 111
47 141
35 96
41 123
21 134
37 46
26 73
12 192
41 201

26 115
48 61
35 159
21 120
33 200
16 245
49 294
44 235
33 174
22 186
20 130
37 271
19 25
10 10
28 37
23 62
48 107
49 108
16 100
34 92
17 210
43 184
33 103
37 263
30 105
44 257
36 170

12 27
31 250
40 300
49 98
32 142
46 204
30 69
39 111
28 36
31 202
10 209
34 187
29 13

21 138
20 217
42 182
28 190
18 204
18 276
28 155
47 149
13 130
40 71
35 106
12 182
34 226
32 255
24 86
33 42
34 28
40 141
45 80
30 34
18 40
30 171

24 79
17 146
21 197
25 214
38 241
19 55
35 132
31 64
37 259
33 16
25 158
12 206
24 13
26 86
19 20
22 293
38 106
50 299
38 281
43 30
29 212
17 64
30 275
25 132
38 261

27 252
34 181
49 19
39 67
15 296
43 131
25 112
11 285
27 261
26 29
29 119
12 50
13 63
39 108
42 172
36 190
10 65
27 172
41 48
50 247
32 179
28 251
35 84
26 47
32 168
14 287
25 121
21 267

21 79
28 230
31 114
30 162
35 263
43 253
31 65
31 112
43 241
11 182
44 281
25 290
27 177
16 241
13 251
34 195
12 100
16 253
33 296
27 129
45 293
15 272

23 188
47 111
11 212
32 103
13 229
24 94
45 281
18 133
15 130
21 286
36 32
26 282
25 53
30 192
41 217
48 49
32 49
46 135
32 88
32 46
40 296
43 135
49 118
24 181

10 240
11 270
50 287
35 261
31 70
49 106
49 74
26 77
18 111
26 15
24 14

11 237
26 212
14 61
33 199
42 152
49 44
30 62
29 172
10 231
31 170
22 168
13 258

15 229
47 231
36 146
31 131
18 59
27 38
29 225
16 294
35 300
10 19
31 102
35 243
42 278
17 83
46 57
28 11

30 125
25 38
28 209
15 185
45 187
21 110
20 20
40 118
21 268
49 291
12 251
37 280
48 96
25 81
11 100
37 140
27 250
49 127
43 284
37 35
42 254
38 247
30 87
22 180
33 247
50 22
21 281
42 51
32 53
24 206
22 225

23 18
20 240
45 83
29 133
32 262
13 187
45 174
20 19
42 242
23 209
23 22
15 112
41 274
24 120
36 149
23 220
46 247
48 81
22 52
48 226
11 190
23 30
18 258
26 127

12 125
15 293
20 195
18 23
42 186
38 203
36 111
35 187
16 65
27 16
38 63
12 92
44 239

29 66
43 193
37 264
15 141
48 96
48 219
18 203
18 296
29 170
39 101
48 254
28 287
40 293
27 242
46 191
46 216
47 145
24 250
22 35
25 240
45 49
40 159
30 264
28 206
28 165
17 199
32 211
25 288
17 45
23 134

17 136
34 167
47 252
14 145
49 126
28 216
18 212
40 258
37 54
30 17
12 17
22 67
26 192
25 155
22 74
50 180
38 184
37 142

23 176
32 230
48 296
31 251
12 107
10 197
23 173
14 74
34 259
16 155
47 80
50 144
19 167
41 88
26 118
10 108
10 88
19 293
11 157
15 142
37 254
23 19
43 232
12 197

20 227
13 260
47 163
34 247
14 26
21 284
50 47
15 130
10 76
48 138
11 292
40 122
27 253
14 35
38 109
35 258
22 113
29 135
11 223
24 59
33 203

12 286
26 16
31 219
26 287
26 240
23 68
35 105
30 191
32 237
49 23
28 35
35 229
30 16

23 45
47 248
16 181
18 108
23 223
44 62
31 197
24 185
23 113
10 60
48 238
32 298
30 270
34 85
43 159
34 207
11 284
41 104
30 109
32 240
13 95
32 83
31 77
20 173

20 243
43 249
10 222
30 228
36 134
32 163
37 223
37 62
36 115
38 158
21 300
14 116
38 238
29 51
31 286
46 277
12 15
23 29
28 152
44 233
15 75

28 286
43 155
28 296
46 85
35 115
14 184
38 243
25 265
34 112
14 21
19 77
28 153
11 186
33 166
39 152
49 152
39 10
33 95
33 107
44 43
24 284
10 191
47 24
47 142
35 116
38 186
45 118
45 67
45 197

30 161
44 117
44 154
37 244
25 215
23 67
22 161
21 143
42 218
12 237
36 26
21 60
20 137
45 201
33 271
50 250
11 249
23 165
37 266
31 90
42 18
40 219
21 127
38 167
15 56
50 124
39 199
22 110
16 33
21 280
33 276

10 218
41 26
16 279
25 103
16 275
28 55
48 51
24 297
28 259
46 134
32 39

17 133
50 41
30 282
23 182
41 139
32 280
11 296
32 145
43 108
15 154
38 278
16 136
28 259
43 239
35 103
11 125
35 196
35 11

30 38
23 221
36 49
48 55
10 299
48 16
49 69
43 160
12 248
25 157
49 20
12 187
22 33
26 204
24 29
12 232
35 116
34 74
12 47
16 44
36 10
30 222
50 27
50 63
27 186
50 15
17 142
20 179
14 167
48 295
11 137

20 212
45 102
16 192
40 182
44 90
42 175
49 123
20 159
37 197
47 292
33 65
15 70
20 175
35 275
25 243
41 101
41 198
21 271
24 37
10 137
39 167

14 210
24 33
26 267
14 83
23 300
39 263
26 227
19 82
46 263
16 260
22 100
43 281
34 289
37 122
25 87

22 247
19 13
23 134
13 53
37 100
35 239
13 93
39 112
43 192
13 66
11 282
34 76
31 126
44 214
16 266
14 12
45 94
32 185
13 138
28 130
32 294
19 125
11 76

16 191
29 23
32 254
39 254
21 211
49 207
48 30
49 233
38 202
45 70
18 228
32 66
16 65
43 180
25 13
37 179
39 181

24 160
22 107
21 288
35 59
15 176
48 66
22 51
16 42
21 225
19 276
47 22
30 53
36 267
24 277
48 298
17 18
33 292
40 204
38 136
43 53
30 18
10 175
22 238
20 161
29 60

11 150
39 68
23 142
36 272
33 240
34 69
12 130
30 289
13 165
39 28
13 157
40 94

23 106
31 72
21 215
19 229
26 213
50 115
29 78
31 148
29 252
30 30
36 179
41 158
26 136
17 101
49 295
17 119
49 56
48 64
11 126
42 38
36 146
44 208
12 217
40 11

15 35
32 40
26 273
15 236
45 65
50 121
34 293
15 103
34 91
34 282
19 145
33 242
11 105
40 109
32 58
22 10

11 214
19 106
24 247
14 276
15 80
22 237
11 204
49 49
16 174
33 258
23 48
40 44

18 18
41 272
14 30
46 108
38 117
19 120
14 14
38 87
40 195
21 165
16 119
37 70
48 258
48 243
36 37
14 260
34 114
23 204
43 91

11 21
50 121
27 34
27 214
24 67
16 203
10 153
22 30
38 294
14 259
47 136
27 66

28 195
32 172
23 280
31 250
35 214
45 16
37 228
11 164
44 266
30 122
30 276
25 272
40 274
32 37
20 24
48 276
42 182
12 207
43 31
15 295
12 72
39 161
14 112
41 272
42 245
23 39
20 137
20 135
20 266

