65

28 148
28 127
27 64
31 27
43 25
38 53
30 118
49 181
10 148
13 181
39 190
21 64
30 89
25 251
38 45
46 63
31 211
42 36
17 152
29 35
22 253
27 66
26 46
26 260
22 191
32 76
31 297
25 285
33 133

22 273
16 91
26 153
35 18
45 52
50 149
21 118
46 279
32 45
28 91
29 169
16 239
11 281
48 124
12 109
43 50
20 200
22 43
17 91
28 182
27 55
33 129
46 181

28 236
32 135
36 228
39 77
42 263
11 215
28 44
25 102
30 116
44 97
29 59
25 71
16 73
14 104
12 15
21 28
29 18
12 182
16 128
16 241
28 233
43 167
41 13
32 271
19 125
16 112
29 60
26 192
48 133

28 241
11 65
10 236
24 196
42 30
34 218
18 210
33 178
36 294
38 46
12 280
33 149
26 288
27 181
31 23
29 219
32 192
24 80
19 46
16 130
50 205
24 108
47 238
12 277
38 101
20 159
23 296
16 239
27 209

27 240
17 236
22 273
18 152
39 79
21 280
33 298
20 140
14 76
43 97
46 125
45 123
38 178
35 238
27 206
25 142
15 239
43 93
25 14
40 17
21 190
36 198
14 220
22 59
17 277
30 237
42 191
48 73

27 195
20 178
17 170
48 168
31 198
14 293
34 272
23 81
14 141
35 29
28 37
32 264
48 206
30 13
37 247
44 114
10 43
26 36
48 279
47 127
23 298
50 65
23 46
39 102
22 242
14 145
19 159
18 241

16 63
26 135
20 22
48 25
47 58
28 268
40 179
41 81
28 14
32 123
19 102
22 120
39 231
19 235
29 133
46 160
14 146

13 18
28 233
45 290
42 129
13 156
33 143
41 164
38 100
28 135
20 102
34 284
47 26
16 263
10 198

25 220
41 182
24 40
43 54
20 233
22 177
19 113
16 110
44 119
37 133
47 280
22 20
33 40
38 172
32 118
22 45
28 135
47 178
39 272
32 199
39 82
44 178
17 121
43 109
22 238
24 266

25 132
33 36
46 125
40 288
38 64
15 276
22 113
10 294
15 124
33 135
27 205
39 113
36 294
40 56
33 74
40 262
23 66
30 37
22 78
46 162
36 120
45 214
17 294
37 207
42 76
32 79

24 222
15 25
49 95
46 201
40 247
43 231
31 127
34 23
50 153
27 235
11 34
39 42
23 46
21 203
37 300
24 260
30 262
36 227
42 244
36 180
17 258
41 90
29 120
38 212
27 62

14 237
50 135
45 219
25 122
44 293
26 187
36 140
32 87
36 261
32 77
38 274
14 72
14 232
33 47
42 260

14 143
39 65
42 68
23 42
26 35
20 248
31 279
45 258
44 274
17 210
17 87
30 202
33 16
39 206
31 209

30 220
13 257
41 297
39 179
50 60
13 249
34 266
38 251
27 235
46 10
45 196
12 220
50 244
11 217
26 231
15 18
39 29
31 18
39 283
47 185
45 175
36 156
39 259
12 104
49 100
37 290
34 16
28 197
30 141
43 251
50 264

21 10
32 203
46 280
42 49
38 57
20 67
25 193
25 274
43 189
31 77
19 32
27 86
20 47
22 134
23 295
22 187
46 282
25 90
13 212
33 81
46 184
26 19

18 153
33 166
33 285
48 219
22 110
33 61
31 31
36 297
24 221
21 287
16 291
11 143
45 183
44 49
10 233
14 174
26 48
10 101
43 30

28 290
12 97
33 286
13 269
10 178
43 56
47 169
17 228
20 221
19 118
10 111
45 144
24 256
17 160
34 40
25 292
23 118
43 51
19 25
41 153
41 266
19 35
38 211
10 67
12 95
38 208
48 267
24 15
40 106

16 251
28 98
17 141
20 26
16 273
50 60
38 237
44 90
34 58
50 176
26 154
20 72
39 138
49 233
17 146
36 211
34 193

19 165
49 228
31 27
32 246
45 154
22 131
14 251
33 286
32 263
36 155
22 113
20 78
50 222
14 222
47 260
19 145
31 289
24 198
24 162
37 173

26 31
25 177
25 279
36 110
21 14
49 137
39 241
17 255
27 258
38 122
39 10
50 15
37 261
27 38
37 112
37 39
33 282
43 124
45 161
19 96
45 192
38 29
20 225
28 225
33 84
29 113
12 260

14 109
20 49
38 193
29 20
37 206
11 139
50 234
29 101
48 262
49 120
50 246
19 231
18 198
48 252
40 96

29 214
31 263
48 238
46 240
22 22
31 82
15 109
39 286
22 147
18 225
16 64
48 138
44 160
29 268
35 27
27 281
28 256
31 230
37 168
18 205
23 71
50 139
44 61
33 241
19 61
27 158
44 274
10 227
48 157
21 224

15 95
24 260
28 91
15 234
19 136
46 67
15 96
37 295
48 227
48 271
18 189
11 276
24 256
15 122
28 226
21 22

26 73
14 221
25 260
41 12
16 219
32 264
46 134
23 283
24 89
28 39
15 201
31 96
46 21
36 151
44 124
48 43
48 57
45 72
11 145
45 81
12 106
43 113
49 174
12 232
19 52
45 16
14 278

14 243
17 35
44 185
32 260
39 42
18 31
38 46
39 294
39 18
44 114
13 237
23 108
28 128
15 184
40 133

20 188
39 295
44 225
18 293
14 178
25 193
20 181
31 45
50 224
25 127
42 245
12 229
14 187
25 141
16 243
33 124
11 196
17 291
31 37
10 203
38 222

22 108
10 152
16 199
29 240
36 70
11 258
37 296
42 76
22 93
36 215
48 69
42 113
29 243
46 11
33 178
50 251
30 203
27 217
16 103
24 137
43 206
41 251
16 197

23 97
22 242
31 76
43 153
12 73
29 94
50 84
33 231
30 125
12 185
37 22
21 214
44 55
44 79
23 291
39 277
29 93
34 166
35 221
12 140
21 281
45 137
33 28
47 23

11 281
33 100
41 53
39 87
48 257
42 220
25 45
37 46
29 142
39 103
17 177
48 123

18 15
48 203
10 244
17 104
26 60
49 46
22 164
28 33
32 256
44 177
20 31
21 201
50 174
11 174
35 90
48 201
14 103
26 166
41 222

11 266
41 145
22 285
11 124
40 251
31 117
38 116
17 129
36 149
11 287
19 204
27 23

26 289
39 115
33 90
30 106
50 103
34 138
18 94
12 260
39 247
48 159
44 178
33 143
10 121
15 251
27 299
23 54
48 177
16 141
23 261
26 231
13 171
20 177
17 87
23 115
10 34
36 142
40 297

13 91
10 143
31 200
17 211
15 173
42 133
34 284
31 271
48 271
16 161
11 132
10 17
38 104
33 145

12 40
16 180
19 155
40 176
23 84
20 104
49 19
42 263
42 80
13 201
26 152
44 122
12 68

23 196
38 298
41 213
33 182
23 55
35 106
50 292
43 282
12 98
48 56
33 79
39 202
30 237
27 296
34 87
45 299
40 95
40 128
30 35
38 296
46 51
48 157
49 247
13 98

27 245
47 258
19 227
40 177
16 183
16 275
41 197
10 256
18 166
48 300
40 170
34 222
34 89
48 25
10 219
17 105
31 176
46 280
28 240
16 90
18 272
22 298
50 85
17 51
23 297
27 47
31 64
40 102

28 29
50 128
18 152
41 181
12 226
38 104
17 295
26 96
19 198
22 261
39 18
13 35
42 244
41 157
41 233
48 76
14 53
22 106
37 165
46 211
22 217
50 296
11 235
11 208
24 283
24 158
10 262
39 273
36 53

24 226
39 181
49 293
14 202
37 149
24 83
43 203
37 123
18 257
28 59
33 136
45 284
12 15
38 148
44 234
10 178
25 61
10 42
18 40
25 285
46 64
12 123
17 299
31 110
43 136

28 142
44 221
10 55
41 68
38 253
30 42
17 144
46 75
22 186
37 249
47 265
25 163
30 41
42 15
38 158
23 200
49 69
40 27
50 157
31 79
24 171
10 154
11 167
48 91
15 264
29 92
21 219
15 41
48 129

17 48
27 299
46 277
10 144
22 94
30 16
50 200
50 234
36 14
21 286
24 104
43 115
49 45
28 73
32 173
41 278
26 217
48 108

17 27
46 241
18 242
48 148
18 128
17 176
24 254
11 168
37 90
41 146
24 184
37 125
18 17
38 162
41 64
13 73
30 281
15 299

23 12
49 45
11 148
42 282
30 198
43 218
15 94
36 297
16 256
28 229
11 241
46 46
42 32
21 181
12 243
46 222
22 47
47 60
24 167
29 71
28 221
27 226
27 267
30 69

10 242
31 26
28 165
29 160
24 56
29 88
47 177
32 227
39 16
38 275
34 204

23 98
34 238
18 273
14 291
15 236
37 122
49 100
41 175
40 291
44 270
29 137
36 131
24 197
36 140
40 261
45 176
42 129
23 249
32 15
44 97
29 244
21 195
29 234
36 49

22 213
48 187
28 274
41 238
23 11
30 283
17 243
46 159
35 105
45 81
46 247
10 201
33 235
49 90
48 288
26 60
27 120
40 136
48 140
48 10
28 229
37 203
22 65

20 13
40 202
27 37
38 280
14 55
43 143
30 268
44 42
13 45
50 10
25 265
11 65
33 160
33 155
10 164
49 167
22 283
50 67
15 138
40 47
42 237

19 120
47 33
43 25
28 108
36 28
22 133
23 188
12 66
35 232
32 105
29 263
13 204
23 31
47 202
32 103
47 281
29 26
19 163
23 40
27 45

15 35
11 130
32 295
50 260
31 242
40 194
19 100
38 37
49 204
33 122
28 155
20 264
36 93
11 168
38 24
22 67

30 207
35 168
41 203
43 165
31 108
14 261
28 124
17 169
28 83
16 186
24 180
16 196
41 96
48 117
34 48
38 22
24 91
16 214
20 94
32 150
25 101
14 278
18 171
16 19
12 260
39 76
23 42
18 198
17 171
22 289
32 291

22 92
46 292
22 158
32 297
46 109
47 144
38 160
46 218
22 19
13 232
41 131
43 107
20 152
11 49
17 272
25 40
32 226
33 87
20 125
10 18
20 115
37 294
21 227

23 57
37 154
18 39
22 154
35 298
25 197
24 67
42 263
28 95
39 144
44 34
24 240
20 148
31 108
10 275
35 229
13 226
16 71
16 35
27 217
47 196
45 71
27 277
33 285

13 287
49 276
48 169
17 90
26 292
41 227
23 260
12 126
25 242
18 131
24 64
49 221
27 134
24 294

20 205
37 61
13 251
35 109
22 250
30 155
36 195
39 52
29 168
37 80
17 154
34 185
12 37
32 75
29 123
22 178
32 291
18 148
26 263
27 237
41 242

23 137
20 264
18 75
19 258
25 294
29 27
45 68
41 188
25 162
29 192
20 233
17 190
20 10
47 107
47 23
48 119
49 273
32 254
21 229
40 52
14 77
23 215
28 146
23 135

24 190
38 39
20 216
24 80
17 279
26 180
37 86
46 144
30 74
24 255
35 143
35 22
46 16
15 234
45 254
26 119
12 84
24 148
30 164
18 124
40 18
22 111
44 296
27 186
25 238

30 116
24 195
13 82
41 102
29 300
20 40
34 251
38 300
12 97
41 67
42 285
48 247
50 177
48 269
40 35
26 33
28 232
18 67
11 131
37 65
16 185
49 300
17 270
29 109
14 251
47 272
37 150
24 103
13 144
43 258
39 178

29 239
25 126
42 234
16 58
33 169
37 271
17 220
16 82
12 102
17 209
32 266
19 298
48 13
10 81
48 90
49 60
39 146
10 189
32 138
47 53
32 244
36 235
22 221
20 210
45 165
40 36
46 214
48 272
20 149
20 292

26 81
22 211
50 14
37 106
24 161
49 276
18 23
35 204
19 32
41 149
47 251
40 78
39 229
45 246
48 84
12 29
21 90
48 15
33 209
16 63
12 203
42 146
45 113
50 199
33 156
18 259
43 176

18 285
36 151
35 72
49 102
47 70
22 83
48 109
36 211
22 72
43 60
42 212
24 72
48 92
41 207
21 176
17 272
42 54
28 264
33 46

21 119
44 27
10 275
49 259
35 196
17 21
32 157
43 139
36 111
12 118
48 101
29 254
43 79
31 172
35 28
49 254
33 88
48 54
14 13
26 89
16 180
20 173

16 52
16 198
42 24
21 88
29 296
18 163
43 201
25 248
26 92
11 271
37 219
24 94
37 104
32 273
13 278
20 116
14 44

25 243
32 31
23 178
27 287
15 231
14 297
37 283
15 130
33 106
50 273
36 29
45 64
13 87
17 159
18 196
47 140
20 200
45 85
33 166
17 144
25 164
26 57
40 220
25 175
17 36
49 69

14 266
10 214
34 213
28 139
26 111
35 140
14 166
32 269
47 235
19 266
40 79
22 18
34 141
45 39
16 63

23 220
17 145
23 228
14 45
14 90
15 108
17 295
28 61
23 133
23 82
10 225
41 72
49 296
42 189
17 212
24 256
13 39
38 126
25 229
31 258
34 293
50 217
12 246
47 66

22 206
36 147
46 78
11 28
21 91
28 206
36 207
13 298
13 183
19 249
23 78
49 29
28 276
28 138
45 138
24 74
50 195
43 68
39 154
35 172
34 283
18 267
46 279

