82

11 139
19 149
40 173
43 121
41 210
10 258
31 117
29 196
31 89
15 101
43 231
47 285

28 224
34 174
35 202
22 245
34 53
14 92
10 47
16 24
44 244
15 37
27 133
16 210
19 65
35 28
10 147
42 106
46 80
12 26
50 125
27 176
33 131
15 298
14 198
26 227
20 141
21 52
17 81
34 104
39 177

19 51
24 264
46 175
31 260
19 135
50 56
24 180
32 69
46 206
41 107
29 218
41 215
39 23
43 202
45 153
28 83
23 110
49 24
31 80
50 262

11 159
41 32
45 13
41 153
35 57
50 247
14 128
14 284
26 27
47 212
29 264
13 242

14 83
19 132
10 286
28 178
28 168
49 239
23 17
18 161
49 275
29 37
49 282
13 197
13 122
49 120
33 222

24 240
30 95
16 163
41 213
15 64
31 235
31 204
45 166
14 64
38 234
25 31
19 103
33 59
11 208
46 215
41 50
25 189
34 45
43 197
24 65
16 113
15 69
25 101
42 265
37 237

25 184
19 226
27 71
33 280
18 225
17 255
15 32
30 165
40 261
36 213
45 38
41 47
29 282
18 257
29 216
24 38
48 295
26 235
11 60
27 143
13 97
30 19
27 280
30 27
44 183
33 199

25 146
17 184
22 86
35 74
25 233
10 269
20 23
13 69
25 191
41 168
17 264
31 278
42 179
27 17
12 70
34 278
30 189
46 233
21 217
19 114
37 200
49 44
30 180
23 225
12 247
38 33

19 81
39 180
32 54
43 177
25 28
40 145
50 26
42 216
27 83
43 75
11 107
30 242
42 211
15 55
24 146
33 121
49 262
17 135
38 41
37 90

17 55
48 68
15 190
26 290
50 207
23 147
46 131
50 295
28 192
37 114
48 11
18 77
39 253
33 197
47 87
27 119
47 91
26 182

14 17
45 217
31 141
42 132
12 214
46 291
39 163
11 300
50 163
11 219
38 198
47 164
49 187
21 160
37 58

22 29
12 273
38 48
34 89
29 116
50 260
40 198
28 122
40 12
36 103
47 106
44 231
26 291
17 10
38 188
22 149
39 80
19 85
16 244
29 190
15 181
38 254
26 30

11 152
19 105
18 63
16 298
33 136
46 133
26 59
26 292
46 271
22 198
24 236
16 228

26 224
48 141
36 268
49 95
37 244
16 297
14 200
28 229
30 201
21 143
39 216
12 68
19 298
14 214
11 30
19 204
37 235
31 291
23 287
11 218
47 212
16 10
12 208
43 279
14 211
28 44
41 193

28 68
21 299
14 52
19 71
27 139
41 166
22 188
21 280
42 143
16 103
28 169
32 148
18 111
43 69
49 241
22 144
46 162
39 259
25 128
20 104
37 27
48 141
35 116
27 188
38 99
14 215
41 253
18 36
21 240

12 137
42 272
42 197
18 266
50 68
50 47
42 182
22 188
14 146
31 131
30 189
14 247
42 275

30 50
49 108
30 97
46 288
22 112
27 143
16 225
33 150
20 252
40 16
36 174
37 271
50 86
11 45
20 214
49 287
22 232
41 200
20 219
50 97
27 245
36 173
42 297
11 68
16 269
32 49
12 57
19 246
19 60
30 128
21 213

25 116
48 187
38 82
48 140
21 111
12 98
45 211
49 110
35 114
37 284
22 206
33 165
36 148
21 86
34 25
23 252
41 280
33 135
41 67
44 182
34 180
45 109
18 23
10 133
43 94
30 151

15 202
47 13
21 281
23 229
50 225
35 270
47 98
26 56
47 143
16 136
16 95
22 34
15 212
39 254
30 50
24 14

21 223
16 215
45 198
18 186
35 198
34 93
47 191
16 187
50 295
37 133
23 154
48 265
30 229
27 65
46 147
38 242
18 256
47 128
30 158
49 80
17 297
40 190

15 75
43 239
14 251
40 255
38 142
43 295
48 128
48 58
41 225
42 247
27 62
30 212
33 154
43 185
45 224
24 270

13 133
27 300
36 222
43 34
48 49
29 115
21 275
35 78
48 140
43 97
10 69
23 233
15 246
47 288

13 152
47 85
26 108
46 195
40 137
31 183
19 53
36 145
11 158
20 55
16 42
42 94
19 38
30 42

26 106
39 276
38 70
24 167
28 78
28 159
10 165
33 45
37 77
38 190
24 294
32 260
34 140
29 290
21 172
13 101
18 165
20 127
20 199
27 245
48 234
50 250
41 232
23 166
33 70
16 92
33 78

29 108
20 12
38 211
34 287
17 174
27 177
36 298
33 127
45 117
32 173
46 215
50 284
20 24
34 266
38 115
23 298
30 41
47 298
38 119
23 266
24 132
10 43
29 235
28 23
31 180
33 70
46 282
21 87
50 130
42 133

25 143
37 72
35 141
48 77
11 123
30 16
42 142
15 198
21 114
28 198
11 211
28 202
36 121
23 157
27 282
13 237
18 251
17 13
40 299
46 21
45 226
45 180
13 63
16 259
44 148
22 114

25 211
29 97
30 234
42 129
47 91
30 279
25 200
36 279
48 154
34 38
33 217
31 140
17 190
42 284
32 294
48 87
45 265
19 48
26 85
45 235
15 226
16 281
49 114
35 39
41 51
16 296

11 196
34 18
35 185
16 53
47 203
19 234
19 259
35 266
25 103
24 93
35 52
46 272

25 55
42 275
37 190
19 202
22 151
14 83
40 209
18 280
27 97
50 168
27 94
21 190
45 100
25 123
22 68
31 110
32 140
42 246
46 108
40 172
22 115
11 52
18 247
30 211
27 226
25 47

29 198
22 196
46 82
22 286
30 190
18 179
48 20
35 85
50 172
14 122
16 79
33 51
30 167
30 186
30 254
21 70
28 212
22 80
34 294
43 36
35 126
28 213
29 231
13 182
22 180
24 16
50 19
12 87
24 163
34 250

12 120
14 82
15 128
12 132
50 227
46 20
27 219
25 134
49 182
38 156
30 222
19 177
21 39

28 134
40 69
36 267
15 113
26 267
14 107
47 75
46 44
49 277
18 132
40 222
50 206
24 214
34 232
18 123
48 138
18 165
15 248
30 242
42 171
14 288
46 90
42 25
25 237
50 108
21 224
42 122
48 69
27 98

11 124
38 147
13 93
27 183
15 129
46 283
11 123
11 165
18 94
23 41
37 102
43 245

30 219
33 187
43 97
22 267
19 24
19 284
27 237
49 47
31 32
42 280
31 52
35 141
38 122
31 121
28 111
26 194
12 275
37 104
19 146
19 262
20 76
19 263
28 235
27 71
40 154
36 121
23 114
11 246
49 30
46 263
24 96

11 286
40 182
46 236
50 194
23 169
29 122
10 258
11 137
19 273
17 32
15 215
31 149

10 141
10 167
14 53
36 70
39 155
13 108
45 22
14 74
32 190
40 56
11 279

27 113
42 228
50 182
15 13
23 290
30 127
46 247
20 78
49 287
19 66
20 52
35 17
44 146
34 152
44 234
45 193
46 130
30 184
43 52
24 203
38 275
36 140
40 193
10 175
34 50
45 51
13 208
48 284

26 166
41 201
43 134
26 211
50 29
19 247
28 159
19 100
13 50
38 120
41 155
20 277
34 76
23 100
47 153
13 181
32 138
44 71
33 169
18 172
49 89
36 187
14 296
24 61
43 138
44 208
39 186

18 273
11 11
50 202
20 281
33 51
45 151
50 254
33 48
35 21
19 207
37 119
47 222
48 176
39 186
48 90
23 25
11 180
40 49
43 292

20 25
11 222
32 114
17 222
28 269
33 88
34 76
50 83
22 61
47 84
45 298
15 180
37 173
13 208
26 174
46 78
39 61
19 171
49 182
31 122
21 177

28 77
21 79
32 109
22 55
19 108
47 208
50 118
20 175
25 200
22 231
25 190
16 147
45 57
10 241
13 103
25 108
34 280
14 45
44 137
17 256
18 102
18 123
19 49
20 189
21 164
12 37
25 73
12 108
26 202

24 173
15 247
36 70
47 202
11 37
46 19
38 170
44 154
28 94
11 89
29 264
34 278
12 186
46 127
33 222
27 139
27 32
39 285
30 77
17 212
20 163
25 234
16 248
23 261
39 241

23 240
28 231
43 265
25 240
39 83
30 158
23 14
21 187
25 101
47 228
13 250
19 172
43 200
42 254
27 277
28 269
29 156
24 86
21 244
27 125
10 264
33 57
11 10
45 18

24 140
41 258
17 269
25 73
44 245
26 122
46 40
49 274
22 99
18 100
37 195
20 43
26 97
18 12
10 66
47 300
17 124
38 36
28 237
35 18
41 229
28 96
50 31
47 235
15 277

11 147
21 219
31 118
33 173
33 20
23 187
40 84
22 31
47 154
38 184
11 47
27 219

19 176
48 191
36 282
23 18
13 169
26 232
50 44
10 279
26 97
38 25
30 197
41 49
11 49
12 84
38 159
24 255
14 271
34 194
13 33
38 128

22 134
13 267
22 60
36 69
43 163
45 204
46 244
19 189
50 239
19 219
21 264
48 296
38 50
40 218
26 261
25 285
33 137
49 11
16 68
26 30
18 10
20 26
36 182

25 50
11 290
44 294
19 167
14 260
39 105
44 179
26 15
23 41
26 250
44 75
35 236
31 81
31 66
14 143
22 98
43 82
14 220
16 178
43 114
33 245
34 85
39 268
13 117
11 291
49 15

15 222
13 61
10 204
35 181
25 86
11 44
47 282
47 208
35 24
35 199
13 152
10 264
26 217
43 94
23 59
14 59

20 206
40 160
28 296
19 296
27 41
33 73
20 123
23 188
32 242
34 244
40 174
23 270
43 222
28 113
15 210
39 149
39 52
44 60
26 275
28 226
49 298

18 22
37 225
30 203
26 279
22 106
37 169
18 230
36 186
14 12
11 142
26 73
45 147
12 138
35 250
46 154
25 160
34 90
33 201
44 28

28 197
39 140
14 126
23 114
34 174
42 27
26 235
43 229
49 113
32 217
15 162
30 46
36 275
32 23
40 160
34 210
24 25
22 65
12 53
29 63
16 72
33 75
37 15
44 10
49 195
12 181
47 175
46 269
27 159

17 181
13 250
16 64
23 118
25 209
19 11
22 268
17 227
31 90
21 248
44 195
12 137
38 224
10 36
47 277
46 49
26 273
25 237

22 186
42 226
50 183
14 180
35 169
14 218
39 172
25 109
11 38
29 204
22 135
14 104
18 226
33 90
47 149
25 186
10 49
36 137
39 134
12 101
32 27
20 167
12 148

17 84
24 246
21 39
25 193
41 62
34 202
42 187
26 22
48 79
30 294
31 262
27 238
41 248
50 285
11 150
50 45
41 41
15 232

10 214
18 265
22 186
19 285
34 14
40 163
27 274
25 279
25 219
40 282
23 69

11 45
14 237
41 60
33 281
11 157
23 273
18 142
20 226
33 168
38 63
10 156
22 219

16 77
28 206
17 219
34 215
15 198
41 188
47 289
30 280
20 267
27 251
28 239
31 57
42 108
23 163
47 75
35 243
13 261

28 216
14 12
50 170
10 109
37 264
36 107
38 91
35 176
12 167
41 148
16 220
31 111
14 146
12 255
43 136
41 145
40 265
26 66
36 174
14 79
27 271
29 171
29 188
38 71
39 109
33 296
24 192
25 10
19 249

27 103
32 94
42 199
37 48
22 193
36 165
23 150
16 96
36 246
12 285
17 267
48 178
37 67
44 190
25 179
39 239
22 69
24 85
46 112
45 36
21 34
31 154
30 167
14 247
48 192
11 137
50 159
14 88

20 126
45 100
13 266
46 164
28 78
29 124
35 98
50 158
30 121
19 33
30 207
39 145
19 245
47 296
21 220
42 298
49 172
11 72
33 158
46 43
40 65

10 233
33 262
21 271
29 67
13 49
40 235
35 59
10 238
50 229
44 71
14 244

12 242
32 292
50 180
19 136
24 26
31 148
37 91
29 278
36 44
20 28
19 189
13 113
34 10

15 166
32 211
40 165
17 17
34 203
10 238
38 241
17 79
39 51
14 298
13 98
42 128
25 206
25 191
27 28
19 39

21 144
19 220
46 48
33 122
47 77
46 288
14 101
33 253
16 266
31 171
17 297
38 256
36 184
35 16
18 283
23 128
27 270
46 202
33 105
41 12
23 66
32 33

12 29
50 271
31 103
18 163
14 126
44 84
30 50
14 134
38 185
17 181
14 246
14 11
50 35

24 11
44 69
39 28
24 56
37 231
11 215
13 300
49 40
16 237
31 50
33 118
17 83
14 109
17 278
27 52
13 45
27 274
50 264
24 276
40 112
50 291
41 55
14 41
29 176
32 207

29 173
21 236
16 50
28 285
43 199
39 190
36 263
17 131
15 224
39 183
43 287
44 255
36 35
31 261
48 31
49 199
35 246
29 79
11 297
34 52
43 119
26 229
45 166
16 171
30 277
21 238
36 123
24 94
28 228
45 148

27 297
39 35
42 72
33 166
22 214
27 268
15 170
50 22
20 50
13 82
29 136
31 174
39 239
41 203
19 126
27 81
47 19
24 105
34 204
43 216
34 15
47 67
29 186
46 86
10 234
40 131
33 172
37 142

11 196
12 162
20 147
35 99
32 146
19 280
49 166
32 137
25 218
38 214
27 64
21 133

20 116
39 100
42 116
39 129
27 218
45 21
27 294
27 145
10 40
44 270
19 258
35 227
50 270
27 134
34 42
23 122
49 184
16 98
13 12
50 94
12 38

26 184
15 276
25 70
45 64
28 162
26 81
24 176
49 23
20 252
47 297
10 139
31 129
38 182
12 84
47 248
31 57
33 118
18 204
26 97
40 168
24 163
12 115
48 250
25 73
36 130
44 295
30 198

12 59
38 49
45 132
40 184
47 103
34 98
12 284
37 76
23 296
12 289
19 244
34 174
13 52

11 255
17 87
34 63
13 182
19 205
17 61
38 238
12 84
23 134
11 103
26 150
34 52

17 150
31 57
37 145
40 221
28 23
21 87
26 78
21 181
47 47
10 53
26 23
43 274
49 141
50 151
42 118
19 193
44 261
20 237

10 44
41 134
28 243
18 287
24 94
50 190
39 264
16 232
36 156
18 65
26 297

24 164
37 246
42 229
44 172
24 25
28 87
27 72
19 53
21 222
36 51
34 71
27 66
23 279
49 176
43 285
17 51
11 195
26 143
18 226
36 191
17 232
29 96
28 19
35 88
17 72

20 44
35 164
10 125
29 220
21 121
30 267
19 90
25 267
24 184
21 73
45 202
19 280
47 62
19 77
44 227
19 114
34 217
44 190
47 80
41 36
46 300

13 196
36 272
45 156
21 234
23 270
37 26
13 290
33 245
28 229
31 14
47 39
48 136
19 31
43 158

26 187
11 202
20 10
50 160
17 148
34 260
42 140
16 99
42 215
29 16
37 43
21 296
35 292
10 19
17 168
14 296
42 64
27 256
36 252
18 48
17 19
29 228
46 148
22 60
17 45
17 283
24 25

10 43
47 68
14 265
42 125
19 282
25 66
39 113
48 61
12 96
21 51
43 13

11 165
45 164
22 268
23 89
40 63
39 138
47 49
41 187
46 155
25 79
27 95
33 180

