100

26 90
18 136
18 182
27 188
21 198
13 104
31 197
29 53
43 33
23 75
15 23
16 70
24 216
44 72
35 191
24 14
43 200
34 226
26 239
11 250
24 230
17 288
16 236
10 106
23 90
16 70
47 117

22 250
46 184
41 213
34 39
25 98
10 231
34 151
18 123
50 169
29 252
34 86
28 287
18 230
19 69
24 290
11 51
44 242
10 150
50 173
50 192
34 217
26 202
42 264

24 109
28 207
35 210
45 268
18 61
47 54
50 273
38 200
32 65
33 208
23 96
46 200
42 78
26 38
11 81
18 129
31 87
48 287
42 63
22 229
17 13
39 81
35 178
48 121
44 209

15 110
30 68
13 221
48 202
39 181
45 94
27 192
41 139
37 15
34 25
50 124
38 199
33 128
21 236
16 155
43 281

14 70
28 23
37 87
31 259
44 82
23 15
15 95
13 285
41 43
35 199
14 134
31 69
31 277
44 253
33 68

27 211
40 225
16 41
14 151
32 235
27 22
32 118
40 80
19 13
43 192
34 233
13 41
37 229
48 250
32 169
50 246
18 40
40 224
33 126
44 124
45 136
41 225
19 75
25 62
28 195
41 231
28 61
32 291

23 244
33 139
42 145
28 167
25 61
46 158
12 59
36 114
46 47
46 169
23 89
10 264
40 143
29 232
20 59
16 118
14 10
20 193
14 280
17 160
27 188
16 191
24 246
24 107

29 75
10 154
41 89
15 209
46 97
16 103
40 269
48 116
43 114
10 197
21 71
33 250
44 134
17 168
49 18
15 288
36 119
49 140
21 80
30 175
11 214
41 199
14 54
20 95
15 13
28 201
37 276
35 255
44 76
40 208

25 175
19 28
40 47
42 176
35 93
22 119
49 229
49 107
24 103
44 38
27 287
20 165
43 147
13 157
38 251
21 274
12 251
45 237
28 71
15 198
19 210
16 284
40 291
40 215
35 266
28 176

14 134
13 272
37 78
46 207
19 145
47 261
35 273
26 21
12 96
10 67
27 283
26 109
47 296
21 78
17 114

28 78
13 278
13 233
49 20
14 148
21 55
50 157
44 280
37 21
48 192
27 34
30 140
38 58
49 13
12 12
39 141
46 62
21 197
22 199
25 149
50 243
20 279
19 131
29 207
43 168
11 29
41 252
20 139
42 107

22 282
18 226
14 84
41 229
33 100
15 80
39 58
21 22
14 293
27 198
21 109
45 183
31 250
11 13
43 103
42 64
12 278
33 90
36 218
21 160
48 224
19 258
31 131

15 181
34 127
34 48
48 172
11 130
29 251
44 73
48 198
27 248
17 292
17 70
23 244
26 217
14 274
48 161
20 179

14 199
39 245
34 270
41 258
24 162
26 85
19 123
41 23
26 248
38 86
34 55
43 253
39 251
34 151
12 209

12 277
36 253
46 26
29 267
30 27
35 79
32 281
38 83
15 10
18 193
29 92
29 165
28 61

28 238
23 244
44 42
25 282
22 82
26 48
10 182
27 287
10 137
13 96
27 260
22 229
16 180
47 176
28 108
22 277
33 162
25 99
32 101
47 154
45 80
21 208
11 107
20 121
31 66
48 266
50 230
17 173
45 219

30 249
22 195
12 119
24 183
29 152
32 261
45 86
41 290
28 203
22 50
41 161
13 110
27 147
46 178
20 228
19 167
11 287
27 96
33 259
50 195
33 189
42 213
27 206
49 269
21 119
39 51
40 96
49 240
24 208
28 253
20 257

30 269
22 123
33 142
26 203
20 186
19 78
48 251
48 184
20 187
14 109
21 296
22 111
40 234
48 231
31 194
46 92
44 66
44 270
45 149
33 109
12 112
44 200
41 182
47 226
39 294
40 256
17 195
23 233
13 215
30 67
23 250

19 61
24 14
24 100
35 178
34 64
49 71
45 82
22 116
11 19
49 283
17 281
13 67
28 215
13 259
18 53
24 40
27 74
14 82
13 293
34 76

28 218
35 234
28 39
48 72
15 99
28 126
29 285
30 118
48 41
27 205
35 171
49 116
14 274
34 280
15 197
49 281
14 33
40 139
13 123
25 268
43 274
50 81
43 170
11 279
15 19
40 132
49 72
19 255
37 95

27 236
18 216
32 123
16 134
34 228
11 240
22 193
46 63
21 221
16 106
10 51
42 94
28 20
30 248
31 292
48 173
12 102
14 41
49 235
22 269
45 103
48 147
43 76
47 128
47 144
38 270
17 49
40 240

23 71
20 106
46 94
42 251
36 13
48 36
41 186
25 174
18 266
22 165
38 158
17 204
14 110
24 23
17 167
48 228
23 83
30 243
46 107
45 72
39 263
20 228
33 199
12 201

19 187
31 256
45 283
50 204
46 234
18 148
24 221
25 271
34 292
28 50
27 36
27 277
21 66
48 144
35 126
45 278
25 55
17 92
48 157
11 98

29 276
21 65
17 137
20 185
45 262
29 169
30 55
39 117
43 31
26 196
41 294
13 224
34 220
48 24
33 204
17 122
32 224
39 210
21 100
21 149
39 298
13 266
26 242
12 122
42 208
46 220
33 196
46 73
21 61
30 169

26 282
50 188
16 60
37 75
44 164
50 158
26 81
18 279
25 264
47 98
43 245
30 111
18 235
45 199
15 122
35 81
35 166
33 206
25 196
34 285
28 224
19 174
34 271
48 259
20 290
45 285
24 289

14 95
47 158
12 129
24 133
38 178
27 152
49 148
29 257
23 80
47 145
45 24
40 204
21 76
10 199
12 257

20 112
47 197
26 91
21 219
35 19
28 37
42 61
24 50
26 208
30 171
15 96
26 121
25 278
46 40
20 226
34 22
25 65
39 221
20 51
15 117
50 156

13 174
27 106
21 153
31 18
48 63
32 273
21 280
43 216
47 214
39 54
27 291
23 196
17 146
29 90

18 150
30 110
46 247
47 62
23 230
48 42
19 11
39 49
19 260
35 69
35 164
41 246
29 284
21 98
34 95
36 265
32 228
41 18
23 162

12 67
11 64
29 17
16 197
12 284
43 65
49 258
32 108
41 269
32 246
39 149
43 146
47 195

18 22
43 153
28 188
10 237
41 280
41 51
41 268
50 229
37 186
20 192
27 53
25 122
10 156
44 197
31 17
28 226
40 66
34 92
14 295

17 137
50 256
16 84
47 240
40 266
14 192
31 285
21 93
43 157
17 267
23 224
41 22
43 294
49 273
21 216
43 220
15 224
23 160

18 198
26 107
27 83
49 120
27 12
38 230
50 141
17 167
18 20
31 147
23 25
22 157
16 166
20 91
28 240
18 235
15 126
37 255
46 72

14 238
28 51
41 136
49 49
27 144
47 106
43 156
44 17
46 17
47 294
44 48
13 130
21 57
22 269
32 235

20 148
15 97
38 100
23 130
37 161
34 269
35 191
26 282
30 284
50 289
13 283
34 279
20 17
42 151
31 241
44 222
30 71
10 177
37 68
36 91
16 82

11 216
28 188
11 84
50 299
26 16
50 129
40 158
30 122
14 118
39 291
29 187
39 45

21 177
25 143
43 190
22 121
33 241
39 238
10 138
16 80
24 264
36 101
46 205
45 202
21 51
43 180
26 261
10 292
19 79
30 130
21 162
18 14
25 215
26 79

23 63
48 125
21 19
28 163
43 61
38 236
32 273
19 56
43 187
17 187
25 52
33 254
22 120
39 109
26 284
23 165
50 285
28 53
15 59
40 232
15 26
32 164
30 16
42 203

25 215
13 23
29 275
12 273
17 235
11 150
37 91
26 42
10 131
38 47
37 171
31 41
32 123
19 267
35 12
16 191
31 60
18 255
48 106
27 80
19 129
21 34
11 214
39 201
47 165
10 90

18 191
39 138
29 292
31 103
36 219
22 204
35 11
22 222
44 50
35 123
12 52
47 120
37 175
32 278
14 89
32 221
47 241
30 86
21 219

29 143
26 178
32 230
42 174
49 15
27 164
15 13
12 300
23 24
44 204
48 295
31 72
10 72
31 208
30 102
40 83
26 39
33 297
43 33
14 48
47 30
21 39
17 276
31 283
11 199
18 160
25 264
49 159
25 145
23 11

25 74
44 233
21 157
14 274
37 53
30 70
13 112
18 74
26 97
11 41
50 211
47 153
29 205
16 243
21 201
32 264
28 85
44 126
32 100
34 214
32 252
12 284
24 121
25 144
27 264
32 248

14 109
26 291
35 144
37 137
48 48
39 25
34 212
41 165
45 282
13 232
14 227
18 176
50 65
10 88
45 246

16 12
25 96
44 228
31 60
16 140
43 293
37 197
43 18
38 45
24 170
36 66
45 104
50 133
28 150
47 196
37 253
47 56

14 75
11 137
46 101
11 116
34 262
10 52
42 292
44 74
42 224
15 257
14 100
48 111
40 162
21 256
29 87

15 291
34 34
24 196
17 175
25 238
14 19
17 11
39 38
26 142
40 240
42 11
35 138
10 122
25 125
30 128
11 96

21 60
47 287
49 177
42 211
41 123
22 101
22 52
14 141
43 300
37 215
45 126
31 82
12 13
38 41
42 121
15 141
45 253
24 50
26 34
42 65
28 226
44 158

19 192
27 102
40 71
13 273
10 79
31 296
50 218
30 246
30 23
41 40
15 48
43 41
37 239
11 168
31 168
25 83
30 280
14 287
13 255
19 78

14 170
47 240
11 22
29 193
30 262
38 278
23 205
32 264
38 98
48 244
24 116
43 39
19 73
27 62
12 222

22 200
46 64
47 124
17 46
30 91
29 207
25 197
42 145
37 11
10 64
43 225
10 231
15 150
42 14
16 294
44 248
11 88
18 25
27 102
49 283
43 148
33 148
41 170

30 60
22 135
47 296
36 41
41 154
41 27
33 175
14 54
38 253
22 183
29 120
50 212
42 268
34 91
37 155
45 78
13 240
17 47
50 241
13 71
25 263
13 28
31 100
36 110
22 196
47 12
17 160
39 285
30 266
18 45
12 195

15 131
13 223
11 28
33 71
33 297
42 175
10 293
36 160
22 26
14 63
42 76
46 269
49 199
27 260
46 167
27 67

29 86
39 11
43 176
18 78
10 226
23 54
35 215
47 63
40 27
18 46
23 82
29 33
49 257
17 179
16 276
17 69
35 69
32 148
45 91
29 250
32 82
17 270
13 145
18 180
49 67
37 98
16 157
18 149
49 90
50 93

27 109
38 105
44 57
28 92
31 201
47 76
46 242
49 63
18 83
34 182
45 232
46 282
11 38
40 267
42 102
38 280
18 272
24 230
39 126
19 94
18 201
42 277
28 137
16 276
25 274
21 113
49 28
21 260

13 260
16 106
13 135
42 169
35 300
39 82
21 168
31 276
44 110
36 135
29 43
35 258
39 187
14 273

26 138
10 298
48 294
36 23
11 226
20 254
48 266
35 151
20 95
12 104
45 250
22 62
46 154
34 86
27 248
27 192
37 142
29 153
36 65
45 141
29 104
42 300
16 297
41 233
22 292
50 298
18 103

13 230
29 216
32 80
15 237
25 227
23 248
32 200
47 208
47 11
29 173
33 26
50 206
22 167
31 157

28 172
12 290
40 28
41 257
11 61
48 107
18 277
13 108
43 10
39 177
37 18
31 26
33 106
41 197
38 286
30 141
10 79
33 173
40 111
48 177
36 98
14 75
12 248
30 23
24 212
16 253
19 279
47 208
49 138

27 123
14 87
34 41
25 48
32 225
23 274
19 204
47 291
45 259
41 214
16 266
46 252
38 137
46 35
35 270
16 69
23 32
21 222
29 263
47 288
36 74
50 162
25 72
24 34
44 172
35 27
26 206
14 292

24 269
34 252
14 78
10 223
24 222
24 119
37 271
46 247
18 118
18 223
23 259
40 109
39 244
37 158
26 12
40 18
41 232
46 100
24 119
19 19
42 25
23 200
49 185
19 247
41 155

20 137
47 187
32 253
20 278
35 169
11 126
23 197
17 137
43 18
19 141
37 235
38 214
13 47
48 220
31 236
32 180
39 126
41 221
44 147
47 42
34 177

20 271
21 70
36 299
13 197
16 94
33 79
31 268
47 258
15 22
48 98
12 12
13 63
38 136
39 89
25 250
28 289
45 287
25 125
49 203
19 59
24 164

23 172
42 293
32 10
15 182
31 204
23 88
32 103
34 75
11 39
34 192
17 201
18 53
44 194
14 94
30 213
48 237
21 136
23 52
35 256
24 159
36 287
21 146
13 295
16 189

17 269
29 152
19 148
11 84
23 205
10 60
10 279
25 120
45 255
27 10
32 72
26 265
45 188
48 85
23 171
10 105
11 228
47 208

25 187
40 257
10 126
38 36
23 168
31 59
15 261
16 131
19 226
14 49
34 145
28 260
29 117
40 96
23 17
46 55
42 273
21 268
42 11
31 198
10 236
36 281
43 178
30 210
18 61
33 21

19 172
45 142
17 172
12 161
31 241
22 24
31 62
30 289
37 84
19 283
10 141
41 280
10 46
22 216
31 208
50 252
22 73
29 269
41 147
26 208

15 198
27 91
30 58
34 98
32 253
41 34
30 65
19 296
10 285
32 238
23 28
23 207
28 54
50 281
35 226
38 84

28 117
17 122
19 42
14 227
42 202
11 21
29 184
14 167
38 220
41 141
42 76
22 126
20 146
49 90
33 256
30 91
39 222
40 89
23 225
31 27
50 263
30 271
38 59
33 199
24 292
10 228
27 168
45 234
36 242

19 278
20 120
29 62
44 86
27 237
14 138
39 142
36 172
25 194
11 243
29 199
43 192
33 232
15 136
50 228
33 208
35 181
18 141
27 101
43 254

14 77
42 166
19 26
18 40
39 80
22 197
48 49
13 47
38 299
45 291
24 265
49 62
11 292
10 263
22 45

30 179
10 120
36 39
41 250
11 152
47 287
34 81
45 86
35 92
30 226
44 70
33 249
36 41
26 235
37 43
41 172
20 268
13 32
42 159
45 106
50 213
26 264
14 93
48 207
42 206
48 186
12 207
16 272
37 111
24 275
11 97

23 235
48 111
47 258
12 67
39 137
10 13
49 81
18 152
10 34
22 177
11 207
36 78
43 132
13 257
26 255
30 286
30 155
47 38
25 258
47 23
49 74
37 169
18 103
42 254

18 141
35 45
17 76
45 264
28 260
10 71
25 26
48 86
30 284
47 233
50 144
40 93
35 108
47 129
43 220
46 36
14 130
48 39
28 267

29 35
31 59
33 83
21 247
18 98
30 188
40 269
41 11
25 266
14 201
45 149
29 137
20 144
14 241
23 56
30 38
33 214
16 111
12 124
45 224
44 266
47 204
49 53
26 175
39 290
30 37
11 257
48 87
42 50
49 144

30 208
31 207
28 206
42 226
21 148
50 49
49 131
28 272
22 233
16 145
21 15
48 129
22 191
44 252
19 210
18 226
17 19
27 21
17 286
46 243
14 264
11 227
33 59
37 42
42 175
29 15
24 131
28 251
31 273
13 231
39 92

15 263
27 19
18 126
42 187
10 264
16 45
23 255
47 213
30 37
35 184
26 18
12 36
46 208
44 277
43 78
12 132

17 113
24 112
34 104
48 247
37 135
23 123
28 194
11 251
46 259
14 86
45 203
17 165
38 32
28 104
47 190
13 61
34 14
17 253

26 54
14 270
40 11
30 260
28 207
50 27
41 146
23 206
27 19
17 180
25 119
19 222
32 279
33 271
10 165
45 84
21 175
23 34
22 66
36 237
11 239
32 130
23 35
49 170
35 11
33 51
45 54

23 109
32 140
43 66
43 107
28 227
48 272
31 278
19 188
13 256
45 99
48 101
38 243
48 245
40 242
44 124
11 265
24 61
45 214
22 139
36 40
42 28
32 236
36 54
46 251

15 81
32 298
13 180
11 300
13 148
31 259
20 89
31 41
27 111
40 73
39 64
32 84
38 58
27 293
25 137
34 93

24 41
16 82
43 155
28 264
25 70
25 162
22 236
25 237
12 71
33 298
25 64
27 42
25 73
50 97
26 25
15 218
42 287
11 219
44 168
28 115
27 150
28 204
21 132
11 168
41 86

25 68
31 290
50 48
18 180
22 240
13 180
43 44
50 198
44 174
20 26
10 112
42 277
43 219
32 265
35 154
38 32
27 13
47 120
37 218
36 284
33 102
18 161
28 108
38 152
16 257
33 93

29 112
43 222
36 135
22 76
36 33
31 254
12 242
49 125
32 87
23 75
39 295
31 289
46 116
26 39
31 37
18 271
13 197
21 114
48 235
19 249
17 229
41 15
13 15
29 48
20 142
50 131
32 258
10 212
43 97
45 275

29 291
36 210
40 92
28 92
25 159
40 223
15 132
28 121
42 131
15 74
13 112
34 293
31 57
31 21
35 260
39 275
18 146
31 256
26 15
23 12
48 219
46 162
27 265
29 110
11 229
35 192
35 83
16 243
36 193
24 50

20 237
36 80
50 121
40 293
36 235
15 268
16 294
28 83
34 190
23 55
38 76
41 299
28 167
27 205
20 64
50 104
12 153
16 230
26 285
12 165
39 286

28 120
18 263
21 264
28 59
12 262
29 83
39 197
11 266
48 127
21 223
46 72
14 116
31 284
28 191
36 216
47 54
39 291
40 247
35 183
40 187
10 216
35 97
24 48
12 16
34 229
16 111
42 212
20 54
26 171

15 245
33 77
31 29
40 91
30 230
25 204
18 188
29 34
23 288
32 86
35 11
19 266
44 23
22 288
24 80
24 116

25 78
40 141
50 55
19 198
43 76
10 142
23 100
15 171
32 105
50 203
18 64
29 193
35 86
42 89
14 103
14 263
32 163
24 138
42 247
13 130
22 288
25 257
23 127
13 57
16 298
43 230

28 106
19 70
19 68
28 242
23 55
17 283
21 261
20 120
14 298
31 100
47 48
32 74
47 142
27 165
19 134
30 99
33 234
43 67
41 20
39 115
33 204
34 249
23 63
31 23
14 292
24 126
44 195
40 33
40 13

27 116
46 220
29 211
28 146
29 76
11 84
27 177
11 297
14 159
23 265
16 43
21 16
10 90
43 257
22 37
46 121
13 276
20 163
26 63
40 140
17 143
39 201
34 135
20 219
31 158
30 123
46 287
13 166

10 222
48 149
17 279
30 59
42 22
12 99
34 247
24 159
30 204
13 82
40 143

22 96
35 67
11 202
20 61
47 215
27 55
47 137
36 211
37 171
32 116
32 42
31 144
19 39
32 199
28 213
39 225
12 31
21 160
46 98
38 46
44 211
19 95
29 248

18 156
49 223
41 98
43 200
36 112
14 52
42 79
43 149
32 31
43 219
34 135
35 254
37 126
23 295
27 12
36 155
50 10
29 94
23 71

12 168
24 171
11 73
30 30
44 19
12 77
35 293
23 199
40 214
35 99
35 130
11 230
14 160

30 209
45 112
27 163
49 253
28 92
28 138
39 291
38 143
22 91
49 120
17 176
46 71
47 180
34 264
12 172
14 17
47 188
36 20
42 199
37 227
14 41
39 194
45 113
11 142
34 117
48 277
18 257
16 100
39 224
30 163
45 147

18 196
33 154
34 22
50 274
43 31
39 24
29 50
35 43
35 180
31 121
13 249
42 236
48 197
38 244
21 184
36 184
25 190
38 49
50 92

13 284
35 239
20 165
45 62
12 280
21 144
50 53
30 75
27 106
39 184
11 145
14 100
18 169
28 30

25 121
24 280
42 218
50 86
24 52
14 183
14 82
45 228
34 177
26 163
14 168
11 170
40 142
46 209
28 15
25 87
30 164
34 191
35 16
49 52
13 123
18 73
30 235
10 249
20 142
48 238

15 252
28 47
45 58
29 252
44 162
24 240
42 41
11 35
48 166
39 144
19 142
14 218
18 215
19 52
17 136
45 27

27 162
35 167
48 255
42 160
26 157
22 198
37 280
14 247
19 280
39 204
39 201
49 156
17 69
19 25
40 26
24 116
12 40
45 269
38 250
34 208
17 273
25 154
19 187
20 273
30 189
10 94
41 136
44 84

