83

19 260
18 149
34 68
46 93
20 278
20 287
37 134
39 181
50 201
12 236
34 254
30 108
10 185
31 16
14 223
43 45
45 97
29 71
37 213
19 45

18 181
16 204
50 77
35 37
50 268
30 137
26 24
45 226
40 217
41 181
12 37
49 170
34 89
19 128
27 32
38 109
48 124
35 275
29 299

12 124
37 38
37 172
32 227
32 292
41 169
36 226
47 214
17 253
31 34
40 60
37 167
42 159

25 49
29 20
45 117
33 117
14 267
25 272
48 271
11 57
50 19
14 89
25 28
15 242
19 97
44 32
30 10
31 46
23 55
35 177
50 44
35 231
11 53
13 122
23 98
27 145
42 248
10 183

12 154
17 280
33 188
11 224
18 224
33 192
21 191
46 144
34 115
42 72
11 109
33 281
12 125

12 216
45 191
48 109
12 264
11 123
24 285
15 26
11 216
16 244
43 77
32 172
44 216
32 99

13 281
20 36
23 254
17 162
21 13
30 278
11 29
17 147
28 79
36 146
14 226
37 72
12 156
39 274

23 44
28 271
31 265
25 278
18 46
31 269
36 263
36 43
12 14
34 59
27 41
21 132
14 249
23 287
38 74
31 299
34 144
23 252
16 252
31 71
20 278
42 82
21 128
21 132

12 131
48 47
21 104
28 121
41 179
48 211
18 208
16 26
30 243
27 101
40 15
13 46
27 269

14 219
39 76
36 105
47 68
36 52
23 190
34 298
19 85
26 252
30 145
10 121
21 283
20 105
18 189
29 153

14 184
19 196
15 203
27 261
45 236
48 55
33 27
24 293
27 189
32 34
38 246
12 118
39 85
44 244
19 271

12 102
36 287
16 91
39 280
43 144
49 147
37 75
44 121
42 137
39 138
43 34
39 290
33 49

10 214
12 196
47 286
13 129
14 163
19 127
10 226
50 135
11 228
40 257
42 261

28 249
27 11
18 89
49 198
18 87
26 157
48 175
26 91
11 155
50 47
33 125
39 267
46 61
14 142
13 207
28 141
24 182
45 123
27 55
29 11
48 80
30 129
10 79
10 232
30 150
46 148
42 143
48 18
29 271

15 66
14 279
47 177
19 174
27 132
17 227
42 22
48 129
18 278
45 264
38 24
16 158
26 296
39 191
37 210
10 91

16 56
47 114
21 46
36 202
41 66
26 260
25 114
30 79
31 171
36 99
47 28
32 247
50 231
44 231
34 158
30 191
27 129

29 300
21 74
32 50
18 29
30 107
28 242
17 74
37 27
10 233
17 250
21 50
29 63
22 250
22 217
37 254
28 97
13 57
14 141
42 258
27 269
40 219
45 211
14 143
24 114
49 149
40 73
21 215
23 269
45 129
41 72

18 278
45 248
17 152
17 229
40 279
27 169
11 120
46 59
15 298
24 141
32 165
29 198
20 232
30 79
10 163
39 215
21 134
47 259
13 96

25 270
49 180
37 31
43 68
23 224
49 124
19 273
45 166
11 156
13 85
45 45
23 53
41 237
31 111
19 43
22 183
23 208
20 212
31 62
43 148
17 148
25 178
12 146
50 35
48 165
35 120

26 209
29 275
33 211
39 184
23 13
34 95
26 161
31 35
39 133
39 206
12 59
39 212
44 296
19 171
46 236
22 219
40 133
13 196
20 148
35 24
23 18
30 113
21 273
40 134
30 206
36 89
38 85

23 82
27 238
38 13
49 125
50 44
42 136
42 252
15 131
40 203
32 106
39 38
11 128
23 209
34 166
32 64
47 219
35 103
37 242
18 125
35 75
42 78
17 282
34 50
36 78

23 200
43 116
13 244
12 284
21 40
30 51
41 278
29 93
10 107
49 135
18 208
29 247
38 30
26 258
28 298
33 49
47 294
26 144
25 49
36 173
44 129
27 151
47 34
17 104

13 282
25 184
49 260
25 296
27 28
23 156
16 293
17 92
12 107
47 207
40 222
47 148
49 42
29 224

25 87
15 111
24 87
17 173
19 79
46 93
40 254
37 153
22 289
21 170
13 282
34 88
17 260
42 263
29 69
40 257
34 86
45 241
24 149
31 12
23 295
21 204
21 242
29 222
42 11
10 100

20 235
34 73
13 103
44 149
38 136
47 83
21 163
41 172
19 82
13 12
24 205
30 153
20 191
18 112
19 52
10 276
27 242
21 114
45 204
50 220
46 145

15 115
48 213
21 237
16 32
10 261
28 128
14 180
40 279
29 76
33 157
36 54
11 184
17 87
18 133
13 266
14 153

10 62
32 61
18 55
20 205
11 39
36 47
28 93
23 77
19 299
36 217
11 285

16 165
25 51
34 36
25 297
42 115
49 88
40 21
31 47
24 100
35 34
35 60
18 265
50 276
43 243
24 148
47 115
33 255

16 98
38 116
20 71
35 27
46 269
49 121
10 25
15 21
32 70
45 252
17 202
18 101
46 278
30 45
26 184
10 135
48 154

22 90
15 54
16 192
33 26
29 244
37 66
35 91
17 139
41 213
48 50
22 161
45 17
26 170
36 17
27 31
47 109
26 216
15 134
20 57
18 153
24 245
14 275
30 273

10 214
43 10
29 261
42 46
37 25
30 282
31 40
17 32
21 158
46 249
46 233

30 48
20 272
12 127
49 141
21 198
46 13
13 240
38 139
43 253
39 50
20 200
11 43
32 281
25 189
23 15
45 181
19 262
40 222
30 179
50 296
25 251
48 221
14 251
41 122
21 149
14 170
30 297
40 262
37 48
24 136
17 60

12 243
37 271
24 267
48 107
43 105
26 217
17 31
11 37
40 195
18 81
34 288
39 13
11 108

14 60
26 166
23 238
35 218
35 188
39 93
35 292
44 269
17 293
20 49
21 168
38 275
31 106
42 206
20 88

16 234
31 67
44 109
27 142
16 166
11 134
13 19
36 255
13 139
14 223
16 219
46 23
36 56
41 57
37 56
42 157
39 144

19 51
33 69
28 27
16 159
45 52
39 159
12 277
26 120
24 282
38 138
26 181
34 271
28 95
15 14
40 19
36 189
21 203
10 39
25 99
30 69

25 163
19 173
50 98
21 267
28 100
18 214
19 154
39 81
43 259
33 254
50 158
32 234
49 77
26 99
20 23
14 284
18 158
37 217
35 221
42 23
19 43
14 164
42 121
13 44
30 244
31 28

21 50
46 46
50 227
43 60
10 19
15 46
12 35
45 41
26 164
35 158
14 113
45 50
18 11
10 22
32 114
44 300
12 189
33 88
43 296
29 267
25 260
28 82

23 297
18 52
44 185
22 60
16 118
18 165
24 42
49 114
16 82
30 185
23 168
25 132
39 219
50 16
19 149
10 98
36 273
19 35
26 195
35 206
10 141
27 240
39 86
27 73

25 238
10 132
29 219
46 207
48 165
22 236
43 260
25 155
26 87
16 125
30 157
43 123
20 120
34 277
34 241
29 23
34 49
11 72
28 175
40 214
38 202
46 92
31 98
11 191
36 257
43 250

26 271
13 165
48 193
45 214
20 188
40 177
20 127
24 199
49 266
36 64
11 133
39 96
45 208
32 251
11 77
34 178
11 290
18 280
39 266
18 116
14 79
17 208
26 171
30 299
42 290
34 225
11 294

21 107
23 102
22 207
44 180
49 15
50 158
41 215
12 19
47 50
47 98
14 112
24 19
16 125
44 164
11 18
34 29
21 143
29 12
14 295
38 265
46 278
29 149

26 47
24 181
44 234
41 38
14 177
35 78
35 49
14 273
13 251
33 102
41 63
30 77
39 202
29 234
34 93
47 211
48 209
37 151
47 55
21 207
17 115
18 49
42 225
14 121
19 149
20 14
44 275

27 143
10 114
22 24
43 182
16 107
10 251
48 89
28 70
40 84
28 270
39 234
29 204
11 50
32 273
44 159
13 29
42 205
15 130
46 192
31 261
41 11
46 40
12 83
27 196
41 258
25 292
39 105
15 60

28 60
38 207
12 64
25 244
18 293
37 97
23 126
46 198
38 296
13 162
30 52
49 252
48 259
28 212
31 287
10 105
30 226
40 209
21 37
17 181
32 83
15 267
21 215
14 177
30 66
35 247
44 200
36 135
23 60

27 169
20 151
13 127
31 20
42 214
27 81
39 31
12 38
50 87
34 227
25 282
15 125
35 196
11 282
15 149
20 112
38 139
16 39
38 128
20 193
37 24
21 152
27 235
45 180
40 261
29 109
47 248
46 184

30 63
48 35
10 114
42 285
37 192
47 132
26 166
35 171
10 183
26 139
27 103
39 65
44 151
44 224
45 130
22 49
35 57
29 117
39 137
28 153
28 154
20 56
37 184
30 27
30 271
18 148
50 187
14 253
42 226
36 243
16 42

18 20
30 25
33 37
21 230
13 129
50 288
10 59
16 285
42 28
14 94
38 206
31 116
15 119
24 24
20 220
37 97
26 104
50 226
28 105

18 183
27 28
41 259
11 120
31 232
35 278
26 133
30 226
18 159
48 122
50 95
34 17
32 124
37 115
46 259
33 31
49 270
44 11
38 300

10 228
21 82
42 19
27 19
28 141
41 225
23 137
23 123
15 226
19 150
22 189

11 147
14 260
31 31
27 126
11 236
43 124
23 272
37 283
42 137
11 23
21 256
12 121

14 182
11 58
36 176
38 246
46 277
39 272
47 62
33 158
10 68
29 121
33 80
19 103
50 228
46 84
29 174

28 210
10 157
33 247
43 148
33 39
17 223
35 284
41 122
50 209
47 255
50 169
45 294
26 298
22 58
47 137
27 169
18 140
11 17
14 251
17 50
16 79
29 50
12 235
27 165
14 228
28 206
41 106
16 281
21 75

28 21
21 201
12 231
22 260
26 258
18 54
36 19
30 290
32 47
49 246
36 125
22 202
50 288
19 134
34 238
30 232
13 111
44 155
15 117
27 277
13 84
15 249
45 214
35 23
37 263
41 288
18 12
24 177
23 196

14 95
43 108
11 113
21 57
24 275
37 66
26 44
22 293
26 224
22 191
43 151
23 118
23 69
36 68
10 180

23 124
35 215
22 57
20 130
42 88
20 153
26 152
37 199
40 213
33 11
15 134
34 159
17 64
38 259
42 136
17 179
26 156
17 82
11 80
14 19
18 142
38 180
50 13
29 231

26 186
26 224
11 101
36 112
23 172
42 257
32 33
30 11
10 15
34 158
10 201
24 268
22 33
11 29
48 142
35 163
12 128
38 231
27 111
21 128
33 82
33 243
31 15
21 147
42 50
18 248
27 166

24 152
21 276
49 182
26 56
14 162
22 242
50 269
11 101
17 261
21 17
46 23
16 96
11 42
43 236
24 99
20 184
48 232
38 54
33 144
33 296
24 179
38 133
14 166
21 229
35 268

16 267
19 127
43 276
30 140
42 186
37 173
32 299
44 244
24 122
31 257
19 251
31 188
36 250
10 29
19 226
29 59
11 57

28 169
37 158
47 145
38 16
37 64
18 205
15 272
13 79
34 46
47 184
24 279
31 110
49 68
13 171
30 80
42 145
29 129
33 109
25 170
47 298
25 183
49 61
23 221
42 231
32 86
40 94
49 233
25 35
25 150

12 233
21 187
48 113
27 129
47 200
24 97
30 142
44 225
26 240
36 97
16 25
49 263
26 85

14 152
46 60
14 115
44 152
22 160
27 17
41 184
49 74
48 191
47 200
22 290
17 135
19 255
16 158
17 52

19 16
36 253
14 88
43 178
42 48
46 51
10 31
25 73
37 206
19 259
27 141
30 212
31 55
30 203
21 203
45 61
26 181
29 153
33 24
11 43

14 82
23 256
43 138
49 186
42 26
37 143
32 148
49 96
15 25
29 212
44 275
20 246
42 121
40 10
37 204

20 162
24 275
37 259
27 102
40 222
49 21
28 255
42 92
41 204
44 269
24 96
37 16
49 149
40 300
41 59
21 102
26 180
13 136
10 270
42 23
26 259

23 193
16 177
25 147
38 262
10 141
36 92
27 134
18 149
11 175
45 226
27 251
21 139
11 109
19 142
28 133
13 182
26 70
23 75
19 207
29 198
18 74
32 250
29 129
49 91

22 285
10 94
18 50
34 255
46 186
22 187
24 14
40 169
24 252
36 168
26 86
17 18
25 121
25 170
47 157
26 189
22 264
16 134
44 228
35 200
21 270
27 150
39 173

10 264
41 22
13 121
49 231
47 136
43 56
22 41
33 157
49 107
22 120
16 285

17 126
32 42
16 107
13 220
49 54
49 298
23 172
13 242
36 33
31 242
15 295
10 69
22 234
50 143
34 275
43 174
49 278
14 186

11 30
42 46
18 192
46 243
28 34
40 203
38 66
43 103
37 74
21 129
22 220
17 180

10 31
24 249
21 147
16 130
19 228
33 262
19 68
17 153
16 187
33 203
44 49

14 174
27 276
50 267
46 248
42 112
20 171
10 177
42 30
43 289
31 55
39 52
50 262
50 147
26 179
47 66

21 106
41 153
45 275
36 161
38 36
25 108
17 17
15 74
11 236
46 228
21 72
38 112
19 117
29 299
21 166
49 143
13 205
25 280
45 126
41 118
42 249
28 254

10 248
38 265
48 116
21 240
19 119
43 248
16 58
43 225
24 288
35 213
10 178

22 146
41 67
26 275
39 220
15 181
33 82
37 92
18 249
37 259
14 275
41 177
15 160
32 31
10 235
33 251
32 170
19 136
40 133
31 183
47 126
38 85
45 232
40 11

17 97
36 279
42 132
25 103
45 142
28 96
39 49
20 118
34 12
43 297
11 204
14 18
43 168
47 11
21 239
19 44
28 85
26 132

27 245
38 288
47 12
23 184
41 100
46 141
49 271
29 71
36 27
48 223
15 66
26 253
16 162
44 283
45 247
41 85
44 184
47 260
23 226
28 213
43 280
43 56
32 283
25 237
37 27
40 198
42 217
22 185

15 129
12 221
33 227
30 217
17 110
14 185
30 43
16 52
39 164
38 74
19 261
27 113
22 142
22 36
31 138
16 205

20 187
17 59
26 110
24 116
39 281
25 146
25 241
16 18
35 224
38 56
17 170
19 38
10 278
15 110
12 51
23 87
22 79
18 264
21 137
49 40
28 266

22 229
20 209
48 166
35 73
17 71
18 150
43 189
14 173
19 205
35 189
29 171
28 241
23 178
19 273
15 83
36 221
36 281
42 64
36 81
19 178
35 21
38 221
26 59

19 37
43 11
17 230
10 106
32 277
35 272
39 157
17 134
20 14
16 115
31 217
13 30
35 276
46 154
11 79
26 231
29 38
24 36
44 258
19 129

28 163
33 116
39 197
11 55
30 279
38 105
37 286
48 78
43 199
37 19
28 120
14 54
15 88
25 183
40 38
37 149
16 270
46 21
22 224
29 19
49 163
11 118
13 62
21 261
34 227
40 32
50 294
45 211
27 85

28 134
38 258
30 15
38 13
25 89
17 173
49 76
20 244
10 152
24 53
42 250
23 243
15 279
18 188
46 220
40 74
43 200
30 91
18 41
22 245
21 184
25 233
17 269
38 165
41 278
48 54
23 193
38 208
32 119

