89

25 42
50 90
28 121
39 22
15 258
47 271
35 123
35 170
26 85
50 186
40 270
12 75
35 31
41 183
27 44
49 256
37 277
37 224
28 47
14 127
30 33
23 176
20 210
21 172
33 180
12 93

21 103
22 111
12 203
16 109
43 228
50 185
38 123
46 115
50 253
29 76
12 179
31 252
16 261
32 198
27 58
25 214
27 58
35 249
30 130
26 51
34 16
23 128

20 131
39 116
34 300
40 13
23 271
33 29
50 100
34 150
49 20
29 111
10 207
14 294
49 242
24 223
28 174
42 175
23 297
47 268
32 129
34 97
44 99

30 165
19 207
37 268
40 257
25 206
40 186
40 230
18 17
29 256
25 268
41 183
41 95
24 180
11 180
27 27
49 33
11 190
41 286
10 23
35 220
37 32
50 219
22 26
41 53
43 186
17 43
28 110
23 59
31 244
47 18
30 54

14 205
22 270
44 224
34 115
13 238
49 152
49 180
13 280
15 241
31 24
21 134
13 109
16 32
14 104
45 89

22 251
15 147
36 99
25 213
27 238
16 164
41 123
26 60
28 142
25 19
42 82
33 245
45 236
24 155
29 72
32 155
39 127
40 289
38 272
47 103
39 258
34 188
39 154

18 10
22 97
27 228
38 261
30 233
16 215
47 266
34 29
13 294
38 151
47 290
25 175
48 219
39 68
23 197
24 125
38 132
21 266
11 154

16 261
11 17
19 56
50 148
50 231
30 190
26 29
11 181
19 271
28 226
31 85
14 62
50 259
15 285
35 41
48 153
19 110

17 294
46 143
46 208
28 237
10 156
43 39
14 144
27 237
23 220
31 62
24 201
39 74
12 11
49 19
14 97
25 101
10 160
30 238

11 225
22 27
47 261
40 20
41 167
23 99
34 154
50 40
13 246
15 226
15 200
39 23

18 157
27 94
47 282
46 278
40 246
50 184
39 41
28 272
38 157
37 284
34 66
23 247
50 178
31 46
32 88
45 144
29 39
37 117
37 278

17 117
32 199
28 18
49 136
15 89
42 152
21 71
13 196
29 285
25 88
36 244
34 287
26 57
19 229
33 96
26 189
22 60
28 273

28 13
32 264
40 262
44 17
46 167
14 141
27 91
19 23
42 35
29 245
11 154
48 135
24 46
50 177
47 179
49 125
20 120
24 43
23 276
23 149
20 80
13 249
44 257
34 264
31 164
21 163
10 253
34 250
23 271

17 111
44 10
45 255
19 294
29 50
11 205
26 129
36 73
37 161
40 262
11 177
48 220
22 247
11 252
16 46
42 70
24 271
13 235

30 248
50 127
45 133
19 224
36 39
11 138
14 73
33 226
27 30
38 160
35 240
14 129
31 134
18 11
38 68
41 117
29 51
45 189
43 88
36 143
48 152
19 299
38 42
12 82
23 47
20 204
32 242
37 273
26 85
34 202
11 15

14 57
36 139
26 132
20 86
34 25
19 287
46 267
44 267
13 164
24 126
22 219
38 164
37 132
41 72
15 248

19 251
40 148
42 158
11 153
35 109
17 184
24 239
32 101
12 286
48 188
25 119
44 11
25 162
12 258
21 154
39 221
20 28
46 149
42 199
40 55

16 269
16 260
33 130
38 295
28 89
47 198
34 200
33 128
27 263
20 59
16 139
28 263
38 279
20 236
29 222
33 64
25 232

20 176
33 275
19 170
27 113
18 297
47 37
26 173
27 218
29 64
26 175
21 124
48 156
27 262
30 288
49 177
14 185
29 283
17 23
46 211
11 94
37 30

24 180
49 166
22 209
35 259
34 47
28 281
36 271
10 147
22 237
26 291
31 144
18 121
42 72
10 275
24 295
40 291
12 91
21 118
20 251
45 104
37 135
46 22
31 182
14 62
39 185

28 176
27 27
32 163
41 60
38 85
30 291
30 289
33 46
17 89
12 218
21 170
15 61
28 61
36 121
27 236
39 298
19 104
43 80
26 114
23 229
31 38
37 110
41 174
10 298
43 197
21 284
30 260
40 255
36 78

16 160
28 298
25 186
35 155
42 249
10 18
30 148
44 206
48 235
35 260
32 210
34 172
11 80
49 57
46 164
24 265
11 36

24 204
41 150
17 64
32 21
16 89
43 69
39 75
42 170
29 120
16 104
35 159
36 96
28 10
17 211
39 89
35 200
11 234
48 175
13 53
30 203
20 295
43 166
32 30
50 149
44 197

17 272
48 153
35 281
20 18
20 153
45 14
18 138
15 280
50 195
28 204
28 240
16 137
28 190
22 131
48 260
29 20
35 11
34 175

25 55
37 112
25 166
21 24
49 47
35 268
50 214
13 270
17 179
41 89
23 60
33 170
49 45
27 93
20 54
36 101
28 192
21 136
21 276
47 198
40 49
33 232
26 172
10 203
21 74
13 10

19 20
49 134
10 88
12 83
26 205
13 176
25 79
31 292
28 40
25 45
32 241
49 49
37 188
50 168
30 82
20 155
10 263
10 176
22 219
41 162

19 158
40 119
27 268
43 20
28 235
37 90
23 202
13 94
13 182
35 242
27 77
21 293
15 54
50 50
27 141
43 127
24 261
32 99
46 123
35 259

25 290
21 48
21 194
34 39
41 294
30 274
34 143
38 58
17 298
14 144
25 46
37 66
31 88
15 271
31 243
47 143
34 240
10 285
20 205
46 124
25 211
12 278
17 285
15 115
50 300
25 295

11 128
44 255
39 77
36 134
13 45
22 169
46 158
43 19
41 12
13 24
23 87
29 180

16 10
30 254
18 173
23 84
14 128
50 86
19 220
41 224
41 203
41 40
26 151
49 83
36 246
36 170
21 217
47 164
10 250

12 104
21 107
46 96
29 297
37 164
39 217
16 201
12 234
49 128
25 98
34 75
33 68
12 231

28 207
29 74
22 107
29 68
13 33
26 173
29 199
31 209
29 69
34 133
14 120
32 132
20 112
22 292
43 218
35 250
47 214
14 158
44 146
26 97
31 23
26 51
20 166
35 119
29 65
34 99
49 127
33 175
31 84

23 297
27 15
48 37
11 211
42 258
15 134
33 244
49 278
22 217
28 125
18 294
47 219
28 125
35 80
49 71
11 244
35 73
16 178
15 102
18 275
14 281
36 61
13 104
37 246

11 37
39 111
34 234
36 92
43 80
37 73
31 19
17 48
12 143
24 257
40 105
11 170

27 48
13 196
40 94
36 103
15 243
36 270
33 169
38 173
30 29
18 100
22 28
34 149
29 219
12 232
14 264
46 34
11 10
28 195
40 20
38 140
26 292
37 173
46 254
37 106
35 130
43 90
21 28
15 84

22 285
46 155
11 251
15 284
22 249
23 205
33 76
24 20
37 77
48 158
13 290
44 136
26 201
10 243
26 212
19 118
15 136
34 140
14 147
31 22
44 84
31 88
38 29

23 47
14 74
16 236
39 245
35 186
19 282
24 81
12 251
16 195
10 145
20 29
37 228
26 281
34 283
37 256
37 194
31 280
10 291
30 145
29 148
35 107
21 291
22 255
22 241

13 298
16 90
43 164
22 94
14 105
17 237
40 205
28 263
49 290
31 173
35 83
32 82
12 156
44 97

26 209
50 145
14 250
39 157
45 241
14 17
16 271
41 53
40 236
47 211
42 235
32 38
41 77
44 269
35 148
31 11
30 81
22 88
18 81
25 98
16 100
20 183
23 237
20 298
40 166
33 19
16 261

26 125
46 76
13 188
35 281
12 162
17 244
40 291
15 184
24 242
25 220
21 128
34 11
32 157
12 35
23 234
31 113
46 46
11 183
23 34
39 54
18 200
25 221
23 17
21 176
49 242
39 25
39 104

25 105
43 198
27 257
27 43
48 297
34 23
41 197
15 125
37 188
32 267
34 185
18 111
47 42
48 194
26 158
20 89
31 55
24 193
37 172
29 172
20 23
16 196
35 39
30 26
20 263
18 79

19 259
20 260
44 206
42 70
31 70
40 12
27 57
25 81
14 206
43 254
43 54
28 16
44 175
30 287
46 235
38 178
32 145
10 57
14 133
36 193

20 294
28 189
50 80
16 98
49 288
30 143
16 109
12 89
12 228
46 293
12 243
48 121
27 40
10 292
42 285
31 131
16 58
31 229
13 290
10 290
18 220

18 196
32 237
42 228
45 246
34 67
18 190
12 138
31 19
41 131
22 275
35 295
44 138
20 84
21 46
41 129
43 107
35 92
23 37
26 171

17 91
17 61
14 132
38 97
38 14
35 255
33 119
45 90
49 127
10 162
48 236
41 223
20 96
47 22
30 178
34 213
22 284
20 114

12 129
12 220
15 52
43 62
36 126
38 289
47 126
26 82
39 104
50 47
28 112
49 208
18 216

20 212
22 251
41 299
39 206
43 98
50 268
21 83
12 91
16 43
39 91
34 176
46 42
19 252
34 258
47 125
11 45
38 139
48 287
37 282
50 58
35 144

22 163
42 252
32 16
32 196
33 82
41 204
23 22
17 94
14 206
50 62
37 164
13 57
42 37
24 66
50 35
27 182
19 197
32 15
31 11
23 285
13 123
15 263
49 157

17 146
22 205
38 65
23 116
26 192
23 133
46 32
34 131
44 280
21 72
24 108
33 118
16 32
42 100
11 213
24 294
28 216
28 271

12 230
36 159
37 266
46 16
22 222
33 27
22 142
20 269
29 16
26 162
45 72
11 156
25 23

20 258
16 270
46 42
41 249
41 99
50 283
41 210
45 298
14 81
16 156
29 159
32 165
39 252
23 263
36 198
34 55
12 233
43 255
11 25
50 65
38 199

24 20
50 279
45 21
11 166
47 147
12 199
31 125
29 266
22 138
40 288
26 249
35 224
45 281
34 281
31 28
25 116
46 209
20 218
20 204
15 71
49 102
13 113
40 22
30 101
30 62

21 64
20 133
20 104
21 44
47 249
37 102
27 98
23 62
37 12
37 89
31 248
15 275
28 144
35 56
28 273
50 161
23 240
40 300
29 147
21 287
44 231
43 169

30 185
14 250
10 299
24 219
37 32
20 278
17 222
34 151
47 263
29 156
44 119
10 236
18 208
26 132
29 127
23 61
23 187
28 173
34 288
11 276
11 279
50 83
45 274
49 171
37 185
48 299
19 190
32 216
48 300
29 164
14 122

30 54
42 88
25 111
19 205
46 91
43 62
35 185
48 89
33 64
21 297
20 137
16 112
48 166
47 54
11 25
40 203
35 126
11 25
47 28
43 55
19 294
36 122
11 55
12 95
14 239
27 142
26 178
28 250
15 134
44 23
45 152

16 180
10 154
20 194
27 188
42 254
19 60
28 222
31 12
31 148
46 92
32 187
34 116
40 276
45 77
27 125
35 151
45 33

15 55
38 148
33 251
24 128
28 87
10 162
32 151
28 69
50 129
13 29
38 33
21 270
29 260
13 56
20 156
26 47

12 37
44 77
31 280
17 281
17 57
45 116
13 262
46 68
34 91
19 288
36 136
11 96
23 290

11 179
41 179
31 33
39 160
10 81
39 46
50 214
15 233
49 280
50 285
40 141
32 38

13 184
29 76
35 98
36 268
20 234
21 71
45 273
14 10
12 214
41 235
38 271
35 98
50 57
36 93

26 249
20 270
28 226
21 45
19 157
13 102
29 19
47 85
30 30
41 52
35 258
26 174
23 33
24 172
13 10
21 149
25 187
38 158
49 47
29 67
20 103
48 45
20 92
37 207
32 95
36 124
41 210

10 264
40 69
48 282
15 20
46 292
14 28
21 51
34 53
20 200
14 57
27 146

18 29
29 159
16 81
45 247
27 19
17 27
34 204
44 246
15 16
29 202
49 130
47 98
44 122
21 151
17 212
20 127
48 50
16 244
12 45

17 243
37 192
22 255
13 146
14 223
48 78
12 295
34 272
24 91
30 273
27 150
34 91
15 92
26 218
40 162
18 241
16 109
43 192

20 122
14 157
38 203
24 41
49 188
46 140
44 112
24 229
28 259
30 243
21 106
37 40
17 280
19 164
44 127
47 95
32 189
10 180
41 208
11 248
47 142

28 74
19 219
11 212
41 278
11 292
21 164
12 156
24 30
36 178
13 39
30 15
44 137
39 23
14 177
37 187
30 220
35 97
37 118
40 251
27 252
12 155
41 250
43 265
11 92
34 284
15 113
39 206
41 28
23 127

11 154
28 79
47 95
20 44
23 15
30 25
22 66
36 89
13 29
31 20
49 80
14 202

23 263
10 82
17 248
15 14
27 67
12 283
14 243
19 287
33 298
41 175
35 209
26 38
18 196
17 108
45 298
12 209
47 121
37 270
25 85
23 166
37 75
48 43
22 70
41 133

19 267
50 73
23 19
31 220
33 116
48 276
19 83
40 24
17 228
46 107
31 251
31 36
39 111
49 205
25 109
23 233
49 107
46 147
37 300
50 51

15 174
20 220
49 193
39 106
46 152
35 161
28 195
33 71
36 232
25 296
38 167
17 42
34 61
44 182
30 83
32 291

19 180
43 45
14 219
31 25
18 274
26 202
18 294
35 149
41 214
43 136
38 64
29 133
44 136
41 188
13 212
31 141
16 248
20 258
21 215
41 299

12 50
43 35
18 150
25 299
35 240
46 77
44 216
30 105
19 206
16 171
32 49
20 199
11 32

29 251
34 122
50 189
42 179
38 71
38 175
17 103
13 100
27 13
49 253
29 135
13 241
22 66
17 56
10 235
19 215
11 86
36 287
49 110
14 288
19 76
40 130
27 118
24 63
12 178
17 59
17 124
44 57
28 144
40 274

21 152
14 175
45 215
16 126
16 295
25 177
35 149
11 59
44 224
40 190
19 44
43 240
35 30
17 244
23 11
42 20
36 85
14 270
15 108
26 73
37 15
33 220

23 84
13 129
19 72
15 176
37 295
25 104
26 111
37 98
36 254
16 236
19 48
16 39
38 96
14 97
50 246
42 279
30 206
10 275
33 142
31 113
14 133
12 230
44 216
46 182

13 252
30 178
49 149
49 74
45 112
13 30
28 95
29 220
14 144
32 290
25 280
18 295
45 75
47 44

16 271
18 274
20 31
45 110
30 38
32 273
27 43
40 192
11 137
19 198
25 223
27 49
19 193
28 80
39 231
31 51
32 131

19 65
17 10
38 172
46 108
16 290
28 41
32 211
40 22
44 213
19 266
16 192
39 95
45 89
39 84
41 220
39 220
42 11
12 143
15 44
31 69

22 150
40 16
41 164
24 65
40 122
19 275
25 261
35 36
44 259
41 165
17 184
33 56
19 149
15 275
23 31
35 159
31 44
24 30
22 19
20 281
35 242
37 23
26 299

25 258
10 240
47 67
22 43
40 213
43 205
47 164
24 109
45 115
50 152
45 130
12 268
20 160
37 283
32 244
22 161
22 272
12 276
29 10
15 271
27 124
15 136
20 108
33 130
12 270
19 294

27 159
26 136
34 142
29 58
36 107
28 276
19 171
26 91
23 11
35 256
13 275
22 120
48 53
13 75
39 33
46 114
37 96
10 190
19 80
50 257
26 260
13 210
30 195
48 74
14 292
29 213
41 84
30 72

29 188
36 147
36 251
15 228
35 31
46 165
38 39
34 42
46 235
39 135
19 290
35 25
37 174
10 156
33 149
24 22
28 31
11 225
35 176
27 221
24 138
33 234
39 172
11 241
37 218
21 108
17 281
31 299
19 238
39 95

30 205
30 153
17 215
39 50
34 121
24 275
40 138
10 147
18 12
23 135
41 60
30 280
34 112
32 89
14 220
27 10
25 207
25 84
39 262
26 197
12 132
49 99
15 274
34 94
46 231
25 181
47 277
50 36
46 271
25 78
41 211

10 86
26 76
16 175
16 252
30 105
33 206
31 168
31 68
31 28
14 185
31 246

28 79
43 179
45 44
17 259
22 241
29 210
44 206
16 281
11 183
23 173
17 297
30 102
33 33
32 224
11 141
34 119
46 280
45 210
18 213
39 252
40 251
11 131
13 10
17 213
34 156
29 216
32 231
45 222
38 201

16 283
39 95
14 200
41 61
22 154
28 270
28 236
33 169
47 50
10 284
34 183
12 57
10 288
16 219
46 248
29 163
14 117

29 299
36 143
30 133
11 106
46 36
27 115
37 135
28 193
27 292
45 240
37 87
42 113
16 40
39 179
21 191
37 13
23 275
21 273
29 50
40 37
37 89
49 205
46 259
39 205
41 128
35 292
45 270
41 262
39 115
17 265

24 88
30 289
24 182
39 199
31 289
41 190
12 46
27 250
40 88
18 29
13 71
43 194
44 272
34 123
28 208
14 47
39 158
47 108
20 261
12 238
29 203
44 193
42 141
43 98
28 230

12 194
44 11
31 246
25 293
32 173
49 98
10 246
38 65
34 14
28 92
34 108
34 164
26 173

