99

30 298
38 136
19 99
23 100
46 205
19 196
18 223
20 163
25 66
35 143
27 294
14 122
34 105
19 267
31 80
40 234
20 131
22 239
34 69
12 247
22 241
44 247
30 221
30 248
40 35
18 212
19 221
16 287
47 95
33 285
44 44

15 296
39 21
28 170
20 207
21 142
42 106
38 15
43 152
44 129
46 77
10 211
42 165
39 223
32 225
18 123
21 91

28 59
34 21
26 259
45 244
25 232
36 113
43 59
17 244
30 215
29 220
48 157
34 108
45 118
18 275
23 190
31 134
28 20
30 199
40 122
28 165
23 179
43 204
40 44
19 17
16 175
29 29
36 197
31 25
34 242

22 234
47 90
19 138
15 114
48 87
16 237
38 199
37 238
33 193
26 67
11 293
18 121
25 166
35 87
40 36
27 130
17 34
45 172
26 254
43 265
28 110
34 288
20 112

29 68
41 40
47 236
13 65
28 95
14 270
18 42
49 94
12 93
37 259
14 57
35 192
44 174
25 116
23 275
35 70
15 95
20 133
14 101
24 266
24 276
38 251
44 285
45 12
43 129
22 192
45 68
15 37
36 280
33 177

29 34
50 94
41 116
14 99
26 23
47 251
35 84
16 159
24 223
20 287
19 121
41 248
40 20
12 35
34 199
16 36
43 278
30 239
12 183
20 163
36 24
43 88
20 257
20 246
18 241
48 271
21 289
42 11
19 221
47 170

28 185
49 31
17 112
37 92
29 71
31 270
48 135
29 160
38 31
35 214
22 139
24 165
48 165
21 32
26 117
23 59
28 297
23 299
14 241
14 14
35 273
27 206
23 291
19 78
23 185
49 168
34 178
11 148
28 176

14 154
31 236
28 68
37 89
47 195
17 130
43 275
50 219
46 49
18 26
26 60
24 83
40 20
20 11
34 31

18 45
29 265
19 136
15 166
31 161
47 225
16 55
30 294
15 199
32 50
32 33
49 146
14 159
31 80
40 45
18 230
34 282
45 219
22 185

18 233
27 177
50 136
42 288
10 124
10 282
49 77
31 151
23 203
34 262
17 147
30 47
18 17
37 33
38 278
42 91
30 97
15 250
24 170

15 129
33 261
50 132
49 280
20 98
49 163
37 182
43 17
16 147
31 76
37 211
18 105
11 33
16 16
46 278
22 174

24 138
43 51
22 83
19 203
17 256
38 163
15 179
47 177
40 198
18 24
14 290
14 277
37 84
29 76
25 293
43 208
19 216
45 100
35 254
30 142
30 249
31 65
42 240
28 39
30 113

20 30
48 49
36 253
49 146
21 76
36 208
25 250
44 67
23 224
44 54
34 289
19 77
16 72
47 171
44 267
42 184
40 299
44 90
12 267
45 86
11 131

23 237
32 256
35 247
41 237
29 126
22 158
30 133
45 171
35 249
13 298
12 292
29 240
23 162
17 119
49 169
23 44
34 28
38 199
24 101
36 270
27 288
13 221
20 151
13 156

21 176
32 74
17 149
14 47
15 59
16 127
20 133
44 230
46 96
48 285
19 262
11 275
26 190
36 235
42 275
27 273
30 276
10 123
41 168
28 215
45 298
14 58

25 99
40 295
27 112
33 112
10 19
21 224
26 251
30 241
14 222
10 268
38 255
26 118
18 117
21 266
16 250
19 169
14 197
28 88
49 251
27 180
19 67
43 226
28 52
10 55
40 109
36 63

12 261
11 108
16 133
13 228
11 186
37 247
29 70
26 197
42 155
41 27
50 60
44 144
12 249

12 43
19 240
22 13
10 13
18 300
46 280
37 210
12 195
43 75
20 52
39 262
42 287
40 167

15 277
35 185
44 252
49 103
24 61
47 185
23 126
17 285
50 237
45 160
29 36
49 152
41 142
45 199
14 18
19 167

24 80
15 232
15 158
21 47
35 175
16 139
15 250
27 42
30 184
24 40
20 19
42 71
37 198
24 34
45 71
13 135
46 47
22 163
19 260
27 271
43 263
32 241
46 188
39 293
38 61

23 110
35 218
35 89
18 230
31 104
20 136
47 47
38 37
41 174
25 20
42 185
43 140
40 121
25 215
46 77
39 61
41 161
35 246
49 35
16 95
33 88
10 260
28 80
22 98

27 164
14 205
19 150
39 117
25 74
16 167
10 108
10 98
26 123
42 42
33 104
25 177
26 222
32 184
29 103
22 250
43 120
45 248
47 175
15 218
50 145
29 186
12 182
17 107
41 236
22 134
50 36
29 37

21 257
22 137
36 106
18 79
20 51
47 51
23 177
23 30
29 155
10 223
14 73
33 29
46 248
27 54
18 210
38 168
19 193
24 240
34 78
40 102
43 37
23 190

19 266
39 279
14 182
18 156
45 102
23 45
47 152
26 259
39 147
41 293
35 49
28 290
33 200
31 298
45 203
41 43
49 143
39 64
49 289
19 57

11 14
22 298
45 145
47 184
33 148
38 268
23 164
27 17
47 283
31 133
21 250
14 29

13 292
34 136
46 259
11 41
24 28
26 223
33 229
47 18
44 46
17 116
10 115
38 125
26 170
40 216

10 92
31 237
43 216
46 139
46 245
20 235
39 152
26 179
26 153
47 214
43 269

19 219
14 189
10 193
50 261
28 176
12 280
21 292
33 175
36 264
19 139
34 280
38 138
46 47
19 34
41 173
13 108
42 170
36 241
42 206
36 86

14 239
21 36
34 149
17 32
29 53
34 53
28 139
50 51
32 35
43 188
28 27
39 156
41 116
11 74
17 229

20 117
26 190
32 234
15 85
31 93
28 294
34 224
41 34
40 173
27 209
42 93
36 24
28 103
43 205
23 190
37 123
12 200
37 26
45 160
44 192
20 112

20 271
21 267
40 51
23 227
48 186
45 135
22 12
19 24
20 201
34 48
10 26
49 274
45 131
47 92
49 244
38 215
28 94
48 231
30 201
46 90
38 186

15 54
17 241
48 44
50 106
32 112
11 180
46 223
28 112
13 154
15 227
49 161
40 147
22 194
39 124
17 275
12 219

12 210
21 194
46 138
45 246
18 135
24 154
44 205
35 13
20 225
16 218
33 90
11 219
18 204

19 257
18 169
25 167
18 227
16 252
34 142
34 96
35 278
47 29
31 146
21 263
41 105
18 224
37 297
36 55
43 43
50 223
28 156
11 217
46 56

22 196
14 150
10 263
21 175
45 189
47 169
32 151
31 244
26 262
43 254
42 125
23 72
16 108
35 54
27 196
28 179
39 263
50 290
21 45
31 175
36 28
22 267
35 268

21 60
45 209
36 216
26 236
30 221
50 287
19 228
42 30
44 19
16 291
46 155
26 251
26 122
22 51
24 96
31 202
43 263
27 75
46 118
15 17
36 278
36 46

20 89
26 166
39 259
32 149
30 257
47 99
12 44
13 152
37 29
48 128
48 55
27 290
21 292
16 57
14 167
24 97
41 26
11 12
28 257
43 267
16 63

13 163
25 247
28 145
33 168
50 230
22 193
11 121
24 187
31 296
29 90
28 42
20 123
33 22
22 206

10 66
21 136
13 189
30 77
47 176
10 157
47 13
33 236
23 111
35 57
48 178

29 173
48 191
37 99
26 253
33 268
26 282
36 107
45 90
34 266
47 143
39 72
42 92
14 216
34 119
10 18
12 19
27 251
16 20
24 291
31 105
31 31
41 105
33 112
37 14
34 218
23 270
20 25
19 17
12 93
43 228

14 251
15 165
23 195
11 267
18 126
40 35
13 274
25 54
25 48
29 107
30 71
37 209
11 256
46 217
12 145

13 64
17 237
26 10
44 242
21 284
36 260
14 156
28 255
38 197
47 106
20 75
24 207
26 46
16 21

27 243
38 151
17 101
24 195
10 17
37 272
40 241
14 230
35 51
32 15
15 26
17 38
43 51
19 182
31 132
47 255
33 286
17 221
45 284
44 40
28 221
14 202
16 207
47 228
38 113
11 45
16 59
41 40

11 272
28 85
23 299
32 270
14 88
13 136
42 103
24 50
40 50
48 238
41 190
23 163

25 102
46 259
39 72
13 107
33 143
16 265
20 51
12 146
36 30
32 291
20 26
41 144
23 30
20 55
35 135
10 270
38 172
48 215
24 273
15 198
37 264
17 228
31 101
17 285
27 125
25 30

26 125
30 222
25 55
26 30
31 101
31 113
28 52
27 95
11 45
26 137
25 255
14 63
45 18
18 251
16 124
14 159
35 11
24 298
22 40
50 280
42 111
14 122
10 144
37 248
41 176
44 144
24 67

24 78
39 155
23 186
10 216
23 65
46 78
31 250
21 60
28 24
26 80
23 189
29 46
39 108
38 283
31 13
18 212
43 226
11 275
27 136
13 192
23 55
27 19
41 233
20 63
50 259

30 51
40 67
14 176
39 144
21 41
16 244
50 123
31 59
34 20
43 225
43 41
28 223
30 229
31 234
10 259
22 216
29 214
27 197
22 168
26 145
27 43
42 263
36 157
27 127
29 10
18 178
32 239
19 89
25 230
19 67
33 258

16 206
38 250
45 157
18 153
43 242
19 175
11 39
18 193
18 140
48 169
35 121
41 122
41 62
48 192
18 138
41 293
28 260

21 212
41 270
45 293
38 82
18 18
33 104
38 69
39 62
10 15
19 32
47 210
13 130
35 159
25 111
31 265
44 42
30 42
19 214
16 245
33 246
24 140
35 35

27 57
21 64
22 140
37 232
30 247
33 248
23 80
13 171
25 204
19 16
19 93
12 11
18 94
15 159
31 268
36 84
31 111
38 111
48 275
44 63
26 275
10 278
40 290
10 230
23 248
34 262
18 146
36 208

28 259
37 17
34 208
43 206
26 185
18 94
13 195
40 151
47 66
39 96
36 113
27 11
40 115
26 57
50 219
31 70
27 121
13 50
45 35
29 180
36 85
38 299
11 251
50 175
42 143
14 140
25 106
35 178
37 258

16 232
46 36
36 164
31 114
28 196
18 233
13 247
28 241
11 176
43 57
38 189
25 272
48 25
36 93
19 155
12 115
20 139

16 56
45 234
10 220
44 165
41 19
32 288
31 283
45 17
22 206
49 217
39 236
30 76
30 227
29 207
18 151
45 283
12 89

12 128
10 139
23 260
14 194
42 209
33 276
16 216
11 195
12 119
41 234
10 188
17 13
16 13

30 229
12 204
35 154
26 231
13 197
38 56
24 188
30 11
11 186
18 25
14 238
28 67
23 140
18 27
27 111
13 223
34 133
25 126
27 118
25 123
20 209
22 162
23 107
46 297
40 176
11 141
11 229
22 13
22 11
10 123
31 153

10 247
17 48
38 95
48 186
27 49
40 154
13 102
40 242
35 262
17 151
39 258

20 25
50 68
31 100
15 38
34 181
15 168
44 246
46 161
13 263
44 114
48 220
32 278
46 117
33 243
42 271
44 123
48 51
27 212
18 67
31 159
12 43

27 191
18 143
35 237
29 195
22 237
20 17
50 180
20 211
48 227
29 234
36 122
42 152
14 267
25 105
33 73
17 14
16 162
12 205
17 185
24 84
37 183
10 291
47 232
46 289
34 80
31 26
33 31
17 224

17 292
49 72
28 134
48 23
36 130
16 120
12 161
27 273
40 72
38 259
14 60
33 234
13 288
18 239
49 182
22 47
37 247
37 13

26 40
32 269
22 72
40 219
19 229
27 72
28 228
31 110
18 59
43 136
49 36
16 58
15 262
46 294
44 123
23 113
18 188
45 275
26 122
19 52
34 15
13 152
27 48
28 241
11 93
37 120
39 120

17 160
28 134
28 243
38 199
40 36
31 143
28 293
44 87
37 207
30 294
30 102
44 185
11 154
23 161
15 68
16 82
50 206
30 58

27 284
26 207
36 300
16 229
28 110
13 249
23 157
44 292
43 50
24 299
44 54
26 207
32 278
14 85
17 148
30 121
48 202
49 200
11 128
31 14
13 32
44 240
36 70
20 87
23 25
13 229
20 179
41 10

28 291
17 105
36 61
23 279
20 14
40 176
49 224
24 132
22 247
12 149
12 64
33 82
15 268
12 36
38 201
20 195
37 182
35 181
23 223
36 72
44 33
34 156
31 196
34 73
48 193
27 47
42 29
19 21
23 158

23 121
24 22
41 172
41 60
41 31
39 88
42 280
47 169
35 204
47 21
39 256
47 212
47 199
28 103
36 163
33 265
35 114
24 177
35 232
23 268
36 82
25 165
37 27
18 12

27 52
27 63
24 43
22 45
33 165
44 241
11 190
16 153
14 211
27 254
18 68
45 48
25 60
34 130
17 160
44 75
44 164
45 185
24 178
39 248
17 96
33 112
47 134
33 183
20 290
42 241
11 193
43 64

13 209
27 94
45 40
39 217
28 26
44 32
40 167
12 66
13 115
36 31
19 225
10 217
36 36
35 29

26 262
24 168
26 292
40 74
43 251
37 171
27 184
40 276
24 148
36 229
34 89
24 137
28 263
41 236
39 172
20 200
19 122
41 290
25 148
25 207
34 205
33 219
20 298
16 47
11 259
45 132
11 86

15 184
15 113
39 214
45 176
20 143
50 272
16 220
33 293
18 83
31 173
18 110
42 73
12 206
40 51
23 68
23 214

16 300
25 195
49 222
28 107
24 143
20 168
17 216
10 275
23 106
50 64
43 293
36 129
22 39
18 155
14 243
44 84
27 222

23 252
30 86
19 192
23 38
20 85
48 257
41 214
26 234
46 142
17 248
42 82
34 164
37 226
50 18
29 253
27 261
20 266
29 108
16 72
14 259
23 129
17 230
41 48
35 249

18 145
46 126
20 209
15 103
18 177
32 197
13 163
11 66
30 32
29 227
37 181
37 263
18 44
25 108
17 148
15 260
27 297
22 277
15 249

24 228
14 144
16 13
47 69
35 263
32 70
18 22
35 90
26 31
37 34
41 226
41 107
14 180
13 201
43 196
37 59
37 91
13 172
41 160
44 21
12 150
45 57
49 94
11 76
44 215

10 282
44 149
20 81
22 116
29 128
44 220
14 232
35 234
44 155
18 83
27 62

29 231
10 84
21 44
18 204
47 253
20 231
21 209
40 57
14 53
36 92
19 162
43 113
41 48
30 45
36 84
44 241
37 63
17 179
20 282
31 225
41 166
10 167
47 209
31 254
15 194
47 268
36 175
49 70
45 43
34 68

20 258
22 200
37 74
45 44
16 130
12 90
32 265
15 254
33 240
23 135
42 135
24 165
31 33
29 59
28 97
38 260
40 281
17 39
24 97
20 265
15 260

15 245
49 106
45 223
48 288
16 80
15 257
34 269
38 222
32 27
33 270
39 83
37 139
10 57
13 51
20 114
47 23

30 36
48 16
44 292
10 46
16 52
40 107
47 188
20 288
41 105
34 107
20 33
34 157
18 94
38 32
40 296
11 35
25 24
49 95
36 121
25 196
26 64
23 97
33 190
46 156
42 219
29 273
31 167
32 64
34 42
34 113
23 164

22 288
36 299
36 170
40 53
29 14
49 181
49 88
18 109
22 196
27 250
50 298
46 171
28 296
16 77
24 39
16 30
30 221
40 73
36 32
11 261
18 183
38 166
46 292

26 15
38 121
18 115
13 283
42 114
48 169
13 11
46 87
39 146
46 12
18 127
21 237
40 79
48 68
49 135
33 266
15 281
45 21
35 218
12 267
34 113
42 289
39 227
28 233
47 222
20 229
38 152

20 259
36 190
30 244
14 279
38 287
30 248
33 93
42 141
19 109
45 141
14 237
12 208
44 231
30 206
47 140
21 105
13 79
43 272
13 252
21 246
34 150

29 34
21 211
29 213
29 286
29 278
48 290
43 211
30 204
15 187
19 297
23 262
14 65
41 248
18 189
30 81
38 170
33 263
49 139
50 191
23 92
41 257
38 242
21 103
40 83
42 116
16 199
25 190
33 166
49 270
12 134

15 115
33 28
22 258
22 109
42 123
23 158
11 21
46 293
30 158
29 24
23 136
38 263
15 253
39 179
18 107
32 270

25 37
19 41
42 59
31 201
23 60
14 122
34 72
43 169
10 141
21 141
50 53
30 269
19 13
41 77
35 94
28 182
50 231
11 261
18 89
47 273
20 158
15 259
28 121
11 182
22 253
43 101

12 245
22 194
50 125
31 230
38 12
28 234
17 177
20 33
37 124
48 147
46 227
10 158
49 73

16 200
20 82
30 203
14 282
29 114
30 139
32 133
17 210
37 272
37 207
35 58
10 72
38 72
37 217
49 212
35 215
31 169

12 280
48 22
32 189
23 280
45 10
48 73
10 274
34 277
44 33
22 63
49 300
16 49
49 270

29 47
16 152
44 147
25 231
27 73
45 244
18 227
15 152
47 86
12 73
31 292
33 70
49 10
44 242
15 246
33 148
29 271
33 269
10 56
31 161
16 241
18 96
45 86
48 137
19 84
36 155
10 199
10 255
13 224
13 141

22 229
23 58
11 43
18 89
20 149
13 196
36 227
13 295
45 239
33 141
20 278
39 284
20 300
37 122
20 242
16 236
13 52
20 151
30 180
38 54
13 213
32 63
23 212

24 201
45 285
19 107
23 136
33 103
19 241
19 225
18 171
40 268
35 251
37 255
42 110
16 158
17 76
42 50
14 273
28 104
30 243
21 206
26 282
39 234
17 275
32 133
39 270
31 165

28 186
26 134
30 86
50 72
25 223
15 26
32 120
46 166
20 88
24 261
47 240
39 164
27 35
28 260
28 249
50 207
47 46
40 41
49 14
18 18
13 233
12 263
33 42
45 42
41 51
36 222
21 187
39 198
16 60

11 210
22 194
39 46
29 72
38 13
32 58
28 276
41 18
19 235
21 274
33 117
21 43

18 125
16 230
25 121
38 140
10 193
32 81
19 253
12 38
30 259
28 160
26 225
34 50
49 110
26 41
50 128
31 56
31 100
23 209
45 232

26 31
45 133
50 81
17 218
46 245
33 274
21 234
14 63
33 131
42 128
16 71
16 146
19 269
46 273
48 13
20 257
31 184
40 61
40 213
15 107
36 191
36 155
21 297
11 127
38 212
22 145
37 204

15 161
13 281
11 68
22 163
32 11
33 53
13 252
10 228
25 269
29 83
12 108
42 266
30 142
30 153
21 136
21 154

24 129
33 200
32 223
31 49
36 198
26 46
10 73
31 149
50 194
16 223
26 53
21 198
28 74
28 159
31 172
50 227
37 267
41 240
48 250
25 117
19 35
33 27
47 137
33 160
13 51

26 299
16 139
20 267
12 90
17 68
34 83
11 211
21 40
16 231
12 31
33 38
33 123
47 135
15 44
20 294
27 216
32 288
15 230
47 129
43 274
19 93
35 190
13 62
16 118
14 51
42 129
45 273

18 41
23 279
21 39
37 214
26 266
31 102
19 258
40 268
12 14
32 155
40 30
45 135
17 13
16 152
28 99
12 274
15 85
16 171
46 34

23 62
18 40
44 22
15 69
40 298
38 124
34 74
33 109
14 201
40 187
33 160
32 238
36 77
22 183
18 195
45 204
42 12
38 276
42 205
26 48
44 92
27 155
40 34
23 95

