99

26 283
11 202
49 110
32 204
40 34
34 111
17 231
13 130
48 272
36 196
38 204
14 56
23 19
40 146
18 77
47 180
39 109
44 108
27 138
41 176
23 286
29 139
21 286
20 37
43 61
39 79
48 185

17 141
22 18
50 170
25 31
39 83
12 206
47 199
31 18
39 229
41 237
43 115
37 202
23 77
23 220
45 181
26 67
48 188
43 189

17 41
30 298
24 157
11 46
24 12
25 219
17 90
23 142
49 140
46 13
50 81
14 251
47 116
27 227
26 85
35 36
43 179
13 252

16 12
18 191
11 224
10 173
14 112
31 270
25 79
33 156
47 224
15 52
15 43
45 179
47 252
11 20
39 112
26 284
22 16

29 204
45 42
28 104
28 106
35 293
16 76
14 291
29 98
11 154
36 279
11 284
35 242
24 140
36 215
17 220
30 22
13 100
43 172
17 156
13 296
25 109
24 78
15 142
21 192
49 229
21 20
43 217
35 296
20 131
23 275

17 107
47 11
29 272
39 247
44 114
16 51
22 127
20 56
19 178
39 262
33 290
43 293
39 143
45 12
27 73
19 122
20 277
49 54

26 294
42 102
18 76
38 42
46 67
18 264
40 259
47 236
41 194
19 187
21 225
13 104
45 129
50 192
12 284
31 235
15 61
29 227
37 212
28 39
34 221
49 164
45 108
36 21
49 122
29 267
17 73

30 77
35 281
45 11
34 19
21 109
10 40
26 179
44 245
35 152
39 92
49 214
21 145
13 221
49 205
41 49
39 35
46 188
11 73
33 248
38 15
23 62
45 47
32 151
31 240
26 276
44 62
21 197
12 187
30 238
40 265
30 285

21 293
13 287
22 10
29 216
31 274
41 99
15 163
38 94
24 117
43 141
46 27
42 248
12 121
45 162
33 108
11 28
19 98
18 153
13 274
49 186
14 262
47 271

18 215
38 218
45 123
44 79
29 152
43 296
21 78
44 221
38 61
44 288
37 232
20 233
11 90
37 187
40 300
19 125
25 76
46 52
32 48

12 68
38 273
28 249
37 89
34 155
40 237
41 213
48 228
33 111
28 239
32 66
29 11
21 200

15 200
41 57
41 55
34 23
50 295
31 70
33 231
27 224
49 48
41 196
49 89
13 231
50 289
27 102
36 298
45 172

26 218
48 220
15 35
12 296
22 99
31 92
45 235
44 189
40 146
25 241
34 104
20 105
36 106
22 167
26 236
50 140
23 135
40 277
43 253
24 212
46 287
19 51
39 88
23 34
11 91
15 226
27 264

29 167
44 196
42 201
18 180
16 237
33 126
43 224
49 24
50 192
26 77
14 259
21 202
19 285
29 27
10 185
36 205
38 92
46 236
15 144
50 214
16 142
44 295
34 230
11 195
32 24
31 159
33 181
46 239
36 129
41 201

29 154
27 126
34 290
49 223
28 33
13 183
30 270
35 46
38 262
21 182
13 17
11 281
49 118
40 168
26 86
48 40
32 45
48 252
40 218
28 174
23 120
24 124
19 293
10 125
41 63
39 244
22 286
37 174
42 99
12 51

16 216
47 248
18 163
37 179
21 80
41 54
34 200
31 53
43 230
45 76
13 40
50 63
50 25
44 147
12 216
50 81
28 27

29 152
27 66
14 214
27 120
31 292
23 245
22 284
44 185
16 104
25 56
20 52
24 28
15 139
36 88
19 214
38 254
44 223
24 70
24 123
49 53
31 180
23 299
32 290
28 194
17 178
36 218
10 130
46 295
12 171
19 185

20 138
34 46
50 198
17 161
18 166
46 116
27 116
18 63
23 256
21 10
23 190
36 107
40 17
10 94
48 139
43 178
30 92
31 220
46 92
46 113
21 98

19 68
38 12
40 87
40 257
37 229
18 30
50 61
24 152
10 28
29 75
46 88
38 181
10 167
15 109
42 35
35 56
32 241
40 193
21 19
13 56

17 37
13 234
15 30
15 220
21 64
39 170
50 114
20 264
42 59
49 209
29 205
47 110
29 122
42 72
17 18
43 50
20 25
30 211

19 17
47 288
15 140
28 149
17 257
33 161
43 216
37 208
42 157
32 268
36 285
44 259
30 107
18 72
44 131
35 227
48 134
31 293
23 256
31 91

13 48
36 207
12 298
18 278
22 269
13 287
41 152
19 264
39 88
43 220
50 243
35 90
18 116
26 56

25 267
38 69
34 238
36 294
27 288
36 155
41 284
24 271
42 102
36 194
17 119
31 35
18 200
31 190
38 25
14 74
50 81
22 165
46 176
32 283
36 166
37 279
21 117
38 219
48 56
39 185

13 248
17 291
50 122
16 274
39 28
48 41
11 250
14 179
50 277
27 224
45 119
31 13
29 180
34 90

22 32
24 18
39 246
27 191
42 33
16 227
24 151
32 51
36 237
40 196
25 100
24 227
45 195
15 213
25 250
10 20
34 200
15 267
13 293
28 202
34 47
47 97
35 290

30 77
43 251
39 109
36 162
49 94
23 265
38 40
43 197
20 200
17 77
31 84
25 289
34 177
30 222
15 36
21 186
34 66
13 117
34 137
48 127
24 102
46 233
36 209
33 83
37 219
19 54
49 227
44 300
17 246
50 159
20 264

25 233
12 222
15 31
32 62
11 194
25 300
31 16
23 86
17 128
10 58
38 271
10 289
43 121
23 14
41 226
36 138
42 173
33 67
50 124
41 55
43 152
37 254
23 288
20 97
47 223
15 192

24 258
17 140
50 289
21 138
45 98
10 52
41 105
40 142
39 197
12 286
34 128
24 246
48 28
18 15
18 53
45 135
35 107
39 68
18 107
28 292
21 64
41 116
42 298
10 77
48 171

30 192
24 79
37 16
26 171
44 163
17 48
33 273
18 95
48 20
35 41
45 262
45 255
29 93
46 11
27 268
31 10
34 255
44 10
35 134
22 271
41 166
13 193
38 62
44 158
37 229
26 257
29 93
45 113
33 198
12 119
40 228

11 150
35 167
43 202
22 271
24 26
13 65
49 122
21 284
47 277
19 110
35 83
49 209

28 26
39 74
21 158
29 223
41 205
24 58
14 80
42 173
39 298
20 181
39 17
50 260
11 44
34 14
44 199
50 148
39 178
15 279
41 211
50 206
25 39
44 102
16 39
24 57
43 147
47 245
43 223
22 287
41 122

21 269
36 167
37 146
50 167
25 221
44 299
44 176
19 291
16 106
16 216
41 212
48 16
21 209
41 47
49 79
38 273
44 273
33 49
32 267
42 187
35 199
33 254

21 48
23 52
22 155
34 177
46 137
47 155
16 136
47 86
48 11
12 91
40 21
24 91
17 197
41 71
14 98
33 250
26 11
19 129
14 140
41 287
30 156
29 268

26 134
26 232
46 235
48 46
44 201
17 69
44 71
20 286
17 55
27 223
12 283
11 192
17 274
14 99
31 59
32 148
14 124
36 52
30 205
10 26
27 181
39 290
11 251
20 71
46 133
36 201
22 145

12 91
42 12
28 142
48 118
19 229
19 67
47 121
42 224
10 21
44 30
40 27
36 276
23 245

19 264
40 199
39 107
24 260
10 46
23 174
35 142
49 114
42 122
27 153
20 130
17 67
33 266
45 13
28 275
17 40
42 84
18 284
46 40
47 169

10 276
45 53
39 163
39 175
13 188
41 189
10 294
23 197
20 23
34 285
10 19

19 235
19 84
13 202
44 50
22 282
18 44
12 100
50 242
44 106
41 39
23 163
42 90
24 182
47 244
18 83
50 34
12 60
44 28
43 142
15 27

29 167
11 291
33 155
26 293
43 142
37 114
45 286
39 202
29 68
19 286
20 283
24 111
10 237
22 45
11 289
46 43
34 65
35 231
19 134
22 186
44 81
44 188
47 293
40 184
20 54
45 166
42 127
13 242
15 10
33 290

20 273
44 101
21 251
23 272
30 243
32 72
37 253
22 151
45 295
31 241
17 292
33 236
26 271
28 83
40 227
24 102
39 168
49 242
39 69
48 24
38 233

14 295
29 168
43 176
15 119
43 140
35 162
50 82
35 79
16 35
21 48
33 300
21 148
20 77
43 238
13 136

18 167
46 292
41 108
29 138
19 263
43 171
33 98
31 281
43 31
50 145
38 293
13 270
29 16
24 12
38 258
22 295
48 90
38 97
17 204

21 73
46 177
41 271
34 18
33 38
47 47
34 108
19 127
45 116
28 190
10 26
10 167
17 55
43 151
33 187
28 224
41 238
49 123
15 260
37 280
26 262
29 169

26 226
13 156
14 81
29 226
48 33
23 116
30 98
15 133
14 12
24 285
12 174
49 215
15 216
22 112
21 287
43 254
21 125
43 219
10 152
11 93
20 96
18 108
47 294
24 138
37 13
47 102
13 207

29 17
39 289
22 128
49 84
38 53
15 53
26 125
17 86
11 195
48 91
11 71
34 162
25 33
50 123
42 279
17 59
28 44
10 107
15 258
24 283
11 117
15 34
19 216
50 206
43 264
34 102
44 234
23 63
29 86
17 41

21 284
28 192
34 36
13 89
22 43
50 259
42 33
50 147
42 231
46 31
23 293
27 281
17 200
26 173
41 42
36 128
36 203
32 117
48 241
33 197
22 191
11 85

14 65
15 190
32 291
16 191
31 246
39 36
22 290
18 239
45 81
50 163
50 50
10 172
20 150
43 99
19 23

24 191
45 100
28 256
39 132
12 26
43 92
47 97
18 152
23 36
21 276
47 275
31 284
43 188
21 115
49 163
21 50
19 227
32 251
22 49
24 128
47 143
39 289
34 156
14 26
44 53

16 79
42 56
21 111
19 12
27 249
31 123
34 36
39 295
43 205
43 215
23 248
47 67
47 123
26 271
38 275
12 219
41 255

22 66
44 41
25 247
20 298
43 184
39 248
14 271
20 167
28 163
46 204
40 128
36 272
47 242
31 124
30 22
24 10
31 169
50 177
36 261
16 278
20 119
16 268
20 118

19 167
11 38
50 171
15 105
30 144
17 97
33 114
44 153
11 23
25 264
29 155
23 243
11 267
15 188
45 14
35 104
21 179
46 284
25 264
50 17

28 16
36 296
48 256
18 172
27 81
25 179
28 62
25 255
20 49
38 144
49 167
26 78
18 30
39 247
41 17
20 152
24 183
31 31
34 28
48 43
27 30
23 54
29 16
10 59
38 84
20 123
33 76
13 120
30 274

16 92
42 195
31 259
21 16
45 156
12 246
17 276
37 217
36 130
50 14
40 193
35 125
25 106
32 292
47 76
39 42
41 256

13 75
27 32
41 42
17 25
50 217
44 124
15 180
38 70
49 284
32 258
46 127
43 259
32 29
41 125

15 281
46 212
48 18
28 155
31 194
45 154
42 242
49 119
41 276
28 192
49 183
13 256
19 190
30 242
15 117
10 44

14 102
17 140
31 37
42 156
49 10
25 154
40 42
24 214
20 121
25 109
36 215
29 236
30 197
49 156
45 86

28 37
27 193
46 281
13 225
48 136
31 209
43 264
36 257
21 130
11 83
16 96
38 139
22 266
20 229
48 93
15 243
22 172
33 211
28 89
49 22
49 65
13 62
38 103
18 296
35 292
41 238
36 272
50 77
46 103

23 25
10 146
47 91
36 43
11 144
33 26
33 270
29 157
22 106
49 199
38 93
10 231
40 196
21 80
18 230
44 296
33 115
11 76
49 171
26 89
20 58
49 144
21 182
12 20

11 18
10 300
34 81
18 78
22 90
44 138
45 172
44 285
50 29
21 142
28 252
36 138

17 167
25 29
40 116
28 36
44 106
22 296
17 25
22 280
35 130
35 68
24 16
24 18
24 154
21 174
45 20
26 197
20 257
46 222

24 40
14 143
43 63
34 221
46 211
36 277
40 206
41 213
41 63
23 163
45 139
26 98
16 221
12 70
15 231
39 30
13 83
15 24
30 247
31 295
42 254
18 191
44 169
24 172
33 57

27 87
25 207
10 81
47 45
20 72
22 114
13 227
31 275
32 264
50 150
43 77
43 38
42 155
17 73
49 65
33 108
31 295
21 87
17 238
25 48
46 158
46 76
48 108
37 104
16 201
50 139
16 57
25 251

12 177
44 25
38 78
32 67
17 215
43 37
42 271
17 66
33 80
16 196
38 252
47 273
12 251

23 164
29 58
20 86
28 69
45 246
50 259
22 285
49 141
11 141
20 72
21 146
19 203
50 63
17 32
48 24
21 234
11 29
34 149
34 212
33 81
14 179
42 93
48 89
30 129

17 274
32 187
21 52
14 31
39 280
21 188
24 237
41 176
25 139
45 291
15 294
35 135
31 254
15 44
25 211
23 245
12 75
14 35

29 139
43 189
25 35
43 40
48 221
19 63
47 119
31 176
17 276
41 198
24 141
27 273
27 223
45 50
26 208
16 16
12 101
31 107
12 221
48 267
43 124
40 114
37 32
24 44
25 99
31 297
14 107
24 297
15 165
31 200

30 138
35 232
29 225
40 250
48 285
19 195
12 220
42 210
28 57
17 227
17 188
14 118
28 157
39 221
12 54
35 94
18 291
18 177
44 247
34 28
36 182
32 183
14 220
11 251
46 143
38 177
49 195
48 238
21 133
46 258
48 293

19 237
16 86
47 202
40 250
37 293
37 128
45 256
47 212
16 61
15 110
38 113
13 120
10 71
35 29
32 122
36 159
47 204
27 179
42 274
14 274

30 108
26 269
27 83
40 15
43 142
17 116
50 220
45 12
29 179
21 217
45 283
14 130
13 269
25 49
34 242
16 47
14 57
31 30
17 86
11 261
50 154
14 249
49 19
29 176
10 159
21 223
18 125
28 214
30 146
13 241
46 209

30 181
12 163
36 197
33 80
10 136
34 135
22 232
18 258
31 186
12 192
30 104
49 204
26 201
21 297
44 199
43 221
40 52
48 180
41 133
46 13
39 251
41 67
12 232
16 262
12 195
38 52
11 211
30 276
12 102
15 176
23 42

11 237
35 153
25 96
33 286
29 223
17 266
11 168
34 31
34 179
21 150
32 198
38 68

12 191
40 98
20 128
23 243
11 209
13 207
22 299
39 173
12 300
18 10
14 284
31 157
31 145

29 223
28 10
42 95
44 53
41 179
44 58
34 208
20 178
13 227
46 128
45 11
35 210
26 244
14 239
50 107
39 228
26 18
43 105
12 100
25 214
32 12
40 274
26 275
32 253
37 285
50 229
18 19
46 253
20 135
31 125

29 297
11 74
33 245
15 230
32 98
48 63
10 48
46 92
37 67
42 207
24 165
35 66
45 118
29 73
39 170
42 182
40 73
33 240
31 89
43 15
31 263
24 259
22 11
36 272
19 155
22 66
26 286
48 184
13 237
47 183

23 191
25 293
27 260
22 62
32 269
33 231
11 82
41 173
16 73
37 30
22 164
35 292
41 169
28 272
30 200
40 104
46 162
43 281
50 153
44 271
42 49
37 171
20 229
15 235

15 204
21 150
44 260
30 234
42 35
19 238
29 277
17 51
33 209
41 156
36 137
47 107
10 165
25 272
26 144
26 94

29 79
50 26
29 77
29 115
44 26
30 69
44 234
36 62
14 188
28 20
23 11
31 231
45 102
20 201
25 190
13 254
35 206
37 289
36 235
38 266
24 66
47 265
34 188
23 79
14 118
26 195
26 31
46 125
16 105
16 145

16 235
27 254
17 25
24 11
29 87
15 147
32 125
46 103
41 232
15 105
35 209
40 279
18 53
45 74
26 69
24 235
30 56

11 40
32 32
42 80
33 80
20 75
23 56
22 22
11 58
32 29
40 67
23 278
16 254

18 73
30 144
22 178
33 265
38 55
23 251
11 206
26 29
16 66
35 81
17 139
26 95
28 63
16 117
18 279
21 285
38 236
49 20
11 299

26 130
15 134
30 130
22 208
41 173
46 34
19 151
26 221
22 243
24 113
46 214
29 76
23 68
31 214
39 21
13 51
22 115
27 281
33 38
13 170
42 17
31 69
36 183
44 295
15 145
23 23
26 21

15 156
50 164
48 175
50 256
26 264
50 217
46 273
18 231
39 127
28 101
47 175
30 72
44 61
43 290
20 53
27 28

11 208
33 79
34 235
39 254
17 15
33 126
19 213
23 143
35 130
16 165
30 146
42 75

23 204
12 22
20 292
16 162
10 265
28 57
11 82
25 233
32 105
16 185
43 172
14 119
30 29
23 246
29 209
28 182
15 10
49 202
21 35
29 153
37 92
13 171
22 33
14 295

28 48
15 185
30 92
44 280
37 159
15 91
30 105
33 277
12 84
30 83
23 105
31 112
28 149
33 198
11 153
18 103
49 296
27 179
34 226
21 74
49 229
39 283
11 129
14 250
20 197
31 59
16 50
23 132
28 105

16 256
18 32
37 14
47 21
35 277
36 30
23 11
24 121
41 247
11 119
17 191
44 71
30 297
42 127
44 243
36 143
50 176

10 56
40 54
50 234
24 84
14 67
14 142
37 179
10 214
43 169
27 241
25 215

24 97
14 83
27 12
13 243
13 148
35 44
41 174
43 253
34 210
46 265
45 281
42 296
37 80
48 296
48 174
17 68
39 270
19 60
23 280
40 205
35 284
35 41
14 184
45 198
18 99

19 232
42 267
38 222
32 69
17 167
23 234
39 167
13 14
42 294
47 292
29 10
16 63
44 176
39 58
17 278
25 257
26 294
26 125
34 28
45 65

13 234
26 102
17 182
27 139
46 154
32 276
24 257
35 114
12 48
19 212
32 160
48 250
28 132
18 76

22 248
27 273
24 147
22 34
23 131
46 67
41 121
23 143
27 271
30 14
39 280
41 264
42 271
50 224
24 105
11 102
26 256
20 185
10 104
26 154
22 44
50 93
47 266

13 185
20 126
38 57
13 225
43 39
44 41
24 103
27 192
44 85
36 72
40 299
22 16
37 59
15 272

28 234
12 191
37 66
38 259
26 34
45 299
21 120
19 53
39 300
20 128
35 57
15 157
27 148
29 287
31 97
50 90
16 94
12 161
25 276
19 175
19 275
29 64
24 172
34 45
27 272
40 17
11 223
16 232
13 243

24 63
42 187
14 41
28 74
47 106
32 82
44 245
12 22
33 182
30 123
20 26
49 162
35 190
46 75
27 82
24 38
21 233
46 79
11 199
44 249
43 95
48 72
24 25
30 181
26 220

24 112
38 100
36 221
39 293
14 82
50 104
19 286
37 294
39 226
24 277
43 215
35 10
40 113
21 267
18 40
31 237
39 138
35 168
12 186
47 225
48 178
12 134
13 283
36 118
14 214

24 92
50 70
17 178
16 294
24 224
26 202
40 47
20 285
12 73
18 75
13 244
44 128
11 153
26 167
33 213
23 298
22 76
40 114
28 252
27 187
29 259
30 12
40 234
17 24
31 193

24 150
18 261
23 77
31 113
37 147
29 100
32 136
44 37
25 104
16 15
18 125
43 132
17 261
32 125
32 95
42 98
43 164
47 290
34 245
25 121
38 163
26 52
44 71
17 183
50 281

27 300
30 139
36 188
49 165
39 168
47 42
39 175
42 163
30 101
21 212
41 214
17 159
30 276
43 238
47 91
48 143
13 89
25 167
27 248
16 208
22 107
49 119
37 283
29 179
34 274
18 87
33 38
12 27

19 91
28 120
12 175
13 55
14 205
45 278
37 293
38 253
28 240
28 92
26 21
37 119
19 44
39 97
21 138
10 111
14 215
34 253
38 192
28 83

