70

22 108
38 223
26 56
41 141
40 178
21 55
26 234
28 277
50 159
39 82
20 154
15 257
42 99
15 59
37 81
28 56
10 77
48 10
38 128
39 198
15 37
21 234
22 290

18 194
26 252
33 84
50 126
35 76
27 101
44 131
30 146
19 290
39 278
20 255
16 90
45 103
15 123
22 190
11 228
29 190
28 11
39 128

18 272
26 255
22 62
11 77
10 70
30 139
29 35
32 32
17 37
20 179
20 114
43 242
16 276
49 65
17 102
24 158
34 105
11 195
12 253

21 88
36 44
35 282
27 33
29 58
40 50
14 142
12 269
16 85
45 266
46 270
49 297
10 52
15 206
31 238
13 133
15 59
48 130
37 266
32 70
32 65
20 66

28 90
37 119
24 298
34 286
27 116
27 270
50 122
46 114
50 175
46 257
31 262
11 127
31 108
32 190
36 12
19 260
44 49
30 196
26 139
18 52
32 117
17 25
20 112
25 86
17 55
26 289
27 157
24 148
13 57

30 266
38 194
50 239
34 80
17 136
43 134
42 259
21 238
18 205
33 225
30 195
12 134
21 264
30 272
16 243
21 76
12 120
26 239
10 104
41 100
26 66
40 253
13 156
15 209
46 193
23 186
25 178
40 86
45 135
28 200
33 228

23 298
10 125
37 174
16 159
13 87
12 277
50 146
28 290
22 120
16 168
11 137
39 228
34 101
28 219
35 187
11 173
40 30
24 76
14 298
50 67
11 162
35 96
37 106
38 104

10 188
47 295
46 218
11 76
35 132
24 84
20 129
29 69
22 236
46 256
45 205

26 226
28 177
10 268
18 149
31 272
41 129
31 99
26 247
26 36
37 12
44 92
38 290
32 215
14 239
40 17
40 184
10 140
37 152
16 17
50 94
40 212
35 20
11 54
37 258
47 262
31 124
37 174

11 13
34 248
11 62
32 227
48 210
15 60
50 232
23 59
35 71
40 50
26 210
12 94

14 34
24 202
28 207
28 231
40 202
37 259
38 170
42 179
25 73
28 132
21 214
42 83
40 252
10 76
38 161

14 124
23 178
28 175
20 220
48 147
34 138
12 273
20 230
14 231
14 129
14 19
48 290
15 36
33 85
32 175

17 99
17 64
10 270
46 56
25 106
14 60
40 132
17 190
21 167
27 224
23 283
17 33
29 91
26 241
35 116
20 262
14 227
25 256

22 119
17 144
42 179
38 55
13 156
44 73
36 176
10 279
16 167
22 246
41 112
38 226
29 45
24 110
38 248
39 58
29 240
10 51
49 186
31 169
10 191
31 54
17 282

14 180
49 195
11 107
22 221
23 105
23 210
10 229
23 116
42 213
13 141
42 247
12 23
13 38
19 119
29 157

13 219
42 36
38 36
31 54
37 276
30 185
50 14
33 80
40 100
38 208
12 215
25 295
19 250
44 52

28 246
16 152
49 76
21 163
43 118
17 114
10 211
20 117
37 214
35 102
10 42
43 243
11 108
31 277
23 265
41 256
19 210
17 206
33 66
27 227
48 227
46 104
17 43
37 11
21 89
41 57
19 91
42 107
32 139

26 147
36 288
19 300
34 42
34 284
49 68
47 115
42 267
13 41
46 249
15 282
36 145
30 23
21 22
35 92
21 130
14 182
36 217
17 220
20 44
47 228
15 223
28 125
31 260
15 223
50 208
17 217

16 262
34 119
48 215
31 85
22 223
19 26
40 121
22 197
41 166
27 97
29 267
44 242
13 206
18 33
41 122
33 149
17 92

18 238
13 221
23 256
24 198
47 25
16 274
41 267
23 44
43 281
38 79
12 102
43 187
31 101
18 154
30 71
27 75
20 137
37 115
13 161

14 52
32 61
29 47
28 90
50 126
25 283
33 245
40 224
10 295
43 50
38 114
49 137
37 56
13 224
12 189

20 125
42 194
19 108
33 266
47 224
31 155
37 267
30 162
18 245
38 63
35 206
27 168
21 41
15 142
33 181
37 211
11 237
39 35
45 251
22 147
10 259

29 216
13 97
12 23
14 95
18 100
16 232
13 57
10 33
49 104
10 180
18 33
50 43
50 30
30 77
14 94
45 181
13 155
32 283
45 156
11 162
38 205
18 104
44 27
29 226
11 147
22 299
39 163
17 96
18 63
22 282

28 78
22 74
38 244
12 255
34 159
39 122
31 294
36 296
31 252
36 203
40 12
15 285
23 89
15 85
21 171
50 179
26 177
10 36
35 30
18 48
32 172
40 198
38 183
50 156
34 200
39 62
45 72
42 293
22 94

10 148
40 32
12 276
45 115
15 258
36 132
19 31
49 13
30 51
25 33
41 273

24 217
16 136
16 32
41 18
31 89
34 23
38 120
25 147
30 172
24 237
28 295
15 15
48 181
34 221
32 259
16 107
31 128
29 272
18 16
40 91
11 253
34 145
49 257
22 200
17 207

11 72
20 147
47 283
33 295
25 206
10 213
50 141
41 248
15 258
43 298
44 233
23 169

20 252
30 192
40 89
46 82
18 128
10 126
45 278
15 70
49 219
18 119
50 146
10 65
14 237
13 57
40 105
38 232
48 274
45 120
50 111
20 201
40 62

27 270
21 75
41 122
14 181
49 98
48 96
48 59
23 108
37 207
42 107
11 293
16 11
26 35
28 219
21 233
46 131
16 299
26 55
45 44
36 23
49 53
44 11
25 113
28 256
49 289
12 224
25 99
30 73

11 188
30 237
49 241
23 277
39 141
23 144
43 62
28 220
50 169
42 233
28 180
40 169

19 206
39 47
20 253
31 85
25 236
26 143
46 255
47 272
23 137
48 158
34 228
21 256
43 179
36 285
14 91
40 257
36 46
47 279
50 189
41 215

17 68
12 90
13 230
41 158
35 102
37 289
18 297
44 172
46 204
26 109
40 258
16 170
46 10
20 192
40 175
47 35
10 108
29 185

20 225
33 204
16 297
30 157
46 154
20 175
48 257
24 149
46 133
47 80
32 44
34 140
33 298
24 123
21 18
22 285
36 62
37 289
28 39
25 78
23 94

12 143
44 93
15 215
21 110
12 46
29 263
22 271
30 37
21 80
12 29
15 29
11 171
25 253

15 186
33 18
27 59
25 75
34 287
30 248
17 111
26 85
33 251
33 258
42 252
29 154
35 56
32 270
36 267
32 195

19 206
12 183
14 114
25 88
20 242
44 177
31 295
34 55
43 189
13 34
35 13
40 22
40 212
42 253
26 106
41 77
37 157
19 277
14 32
18 141

26 100
17 40
34 142
47 97
24 293
26 87
24 243
26 169
36 80
16 256
19 121
46 151
20 116
10 187
13 75
37 102
12 191
28 140
17 273
44 133
39 158
19 146
20 145
27 211
21 199
16 128
28 75

15 282
11 236
20 88
40 37
47 40
50 84
28 251
39 259
39 213
39 51
20 273
26 99
33 145
41 102
37 55
18 284

25 59
39 120
20 85
47 13
15 79
17 125
22 56
15 185
34 248
30 263
29 251
20 209
36 265
39 99
45 148
28 162
25 290
42 167
45 20
29 12
11 250
34 21
41 239
18 88
41 89
18 40

29 10
29 38
30 286
49 46
20 206
41 110
38 93
27 62
44 249
27 34
10 153
16 271
50 34
26 61
11 228
33 270
27 285
41 230
26 42
44 47
34 224
28 145
30 149
13 286
47 215
44 103
36 102
22 130
39 158
39 126

12 108
27 41
26 293
20 96
16 197
21 198
44 28
23 42
11 282
43 54
36 249
31 187
32 32

18 42
39 62
10 239
48 234
35 194
28 249
37 89
34 126
21 200
20 182
11 113
50 270
19 76
41 106
10 27
22 28
20 211
31 112
44 29

24 87
27 83
32 277
16 74
42 232
50 21
11 85
32 233
10 149
48 38
16 236
19 80
50 101
34 104
15 167
48 78
29 246
28 300
22 67
35 111
46 144
26 298
29 184
39 124
21 27

11 225
23 231
14 174
44 235
46 163
21 98
30 216
16 226
31 37
16 173
19 186
32 192

12 114
18 151
33 151
18 206
44 33
19 230
21 170
37 38
15 132
26 145
20 191
18 26
37 154

19 63
40 94
14 204
44 157
17 196
35 173
48 271
48 183
10 52
12 226
47 122
13 221
28 159
20 13
15 234
38 19
33 262
44 154
36 174
26 79

15 27
39 258
29 266
43 166
19 209
21 289
34 127
22 92
34 120
49 253
38 259
18 57
46 217
15 250
31 267
42 15

11 300
13 85
35 262
40 102
17 278
35 173
12 209
28 149
24 67
19 219
33 19
37 242

20 127
28 230
14 119
22 50
22 254
47 27
18 120
38 169
21 69
48 80
18 27
25 16
48 207
37 297
43 223
44 180
34 250
21 283
20 225
43 119
43 198

23 91
48 29
39 76
23 235
48 98
25 118
50 12
31 66
24 194
46 229
39 95
24 257
40 170
29 227
17 64
12 203
48 211
49 288
17 205
24 255
12 108
34 188
27 214
44 165

20 245
41 79
39 71
24 183
46 13
22 38
22 223
41 32
21 270
47 38
11 158
11 34
13 286
41 226
22 249
47 249
16 110
40 20
44 216
16 101
38 63

20 276
23 108
21 154
39 108
25 51
13 66
21 82
34 209
10 56
11 77
22 230
34 251
37 68
23 245
42 165
27 211
45 154
10 236
46 252
17 149
50 140

13 45
19 245
20 208
49 98
16 225
18 97
27 91
11 140
47 140
46 130
17 232
18 200
42 168
45 162

29 103
43 250
20 113
18 145
43 210
42 211
26 56
10 163
34 240
49 24
14 220
45 16
36 43
41 238
15 172
23 70
40 101
19 199
47 101
18 299
30 45
23 120
42 86
16 292
21 34
20 206
14 125
23 217
47 214
46 266

22 105
45 212
11 89
48 40
12 46
20 48
12 61
41 271
28 97
46 176
25 56
35 116
27 60
46 149
25 146
21 77
44 279
15 184
10 123
48 187
15 78
20 81
23 11

30 33
30 79
26 128
27 79
49 71
13 64
30 10
17 23
43 130
31 211
50 93
32 208
43 279
32 173
27 137
33 150
35 281
19 162
10 283
34 177
30 240
36 227
30 161
14 78
26 289
50 193
41 205
37 269
46 283
38 15
19 137

12 130
20 48
39 80
49 193
17 184
49 224
21 70
41 83
35 92
40 46
40 265
38 203
26 95

16 161
12 100
13 63
30 59
38 166
41 39
21 237
30 257
41 122
50 27
40 145
45 104
11 56
30 254
20 251
18 57
11 45

17 146
31 66
21 280
46 76
41 149
41 186
35 109
31 62
36 227
30 266
33 73
28 31
40 170
12 221
36 15
50 40
24 30
13 102

21 199
40 77
32 263
29 211
23 146
37 159
50 186
48 282
15 264
50 209
49 217
36 278
40 75
26 208
42 265
21 67
48 194
27 71
35 103
15 174
25 80
31 202

12 268
12 68
35 103
29 105
10 269
33 219
24 261
29 73
21 180
25 76
37 95
12 267
10 88

12 35
17 74
12 119
46 76
17 64
20 251
42 45
19 206
32 29
46 154
33 34
25 32
21 170

19 126
24 137
12 195
50 202
43 208
31 218
12 204
47 82
13 215
12 66
39 236
24 114
35 294
34 79
22 287
32 38
42 147
20 90
41 191
14 31

24 53
42 35
13 179
11 279
23 163
28 52
25 268
28 209
28 65
40 24
34 268
46 56
31 172
43 147
18 77
19 194
36 163
38 266
49 17
44 206
29 238
25 172
25 243
14 270
44 134

10 139
32 141
50 160
17 110
36 159
29 165
34 30
12 121
24 109
10 150
33 82

13 11
30 199
31 51
26 262
27 282
30 22
41 33
17 61
46 154
23 244
20 277
16 208
42 118
28 172

19 131
12 277
48 150
38 157
13 119
50 146
32 18
34 135
13 133
34 154
27 66
35 107
33 189
25 208
17 179
29 48
31 170
18 204
43 272
35 15

20 11
41 282
24 51
29 66
23 43
30 40
42 76
46 295
23 274
22 108
20 197
43 152
47 34
16 238
35 171
20 238
12 249
43 124
18 75
26 240
20 182

21 28
44 84
22 174
13 134
24 242
11 148
24 160
40 20
40 228
29 76
25 125
29 203
35 299
27 281
34 114
15 195
13 131
18 65
19 209
14 223
47 154
18 102

23 58
44 137
48 261
36 284
39 97
27 144
30 11
41 207
26 276
48 60
20 152
20 57
38 143
14 275
34 104
14 44
35 193
48 260
38 275
29 58
16 182
45 45
37 298
19 135

