51

28 84
50 85
18 147
39 109
49 263
31 268
17 79
25 69
17 37
25 53
30 104
13 97
18 111
10 38
23 198
33 126
25 237
28 14
45 35
26 257
24 194
29 123
28 42
35 90
36 90
42 84
39 278
41 46
33 62

23 246
49 170
33 207
15 109
50 254
41 163
21 283
36 259
23 115
38 183
47 225
41 157
44 47
20 18
32 148
44 256
35 156
44 15
22 268
28 66
29 151
40 257
35 95
38 136

17 275
14 78
16 182
43 69
10 51
42 286
46 64
35 62
20 11
42 139
15 239
28 142
43 272
33 64
19 91
38 127
50 284
38 78

28 178
28 11
45 165
46 206
43 210
17 47
36 61
20 145
23 52
42 250
35 58
39 161
25 105
26 171
49 39
30 106
50 217
44 38
41 49
17 249
40 132
23 58
27 153
12 99
49 13
25 196
44 180
41 297
29 58

22 241
38 210
41 59
33 43
47 149
18 216
15 44
19 206
44 169
21 262
22 174
44 300
30 38
14 60
40 242
48 54
10 31
15 82
41 140
12 99
37 60
28 161
40 172

17 38
18 38
42 169
17 234
33 191
11 285
50 222
47 85
49 79
30 132
42 72
15 219
12 44
25 222
10 62
10 147
25 274
49 104

17 47
31 170
26 71
22 119
31 75
23 195
17 176
42 80
10 194
24 197
29 54
32 178
47 65
25 199
37 131
28 236
30 104
12 160

29 118
24 236
17 14
19 225
29 224
21 204
18 191
48 111
35 288
44 183
42 283
47 77
17 177
42 54
19 218
35 33
32 144
50 27
37 184
39 222
10 23
24 220
12 35
19 290
23 263
24 215
48 23
40 220
47 39
37 68

11 120
29 205
22 132
48 272
12 243
16 217
11 112
47 112
41 94
45 153
49 151
42 27

21 194
50 107
39 251
12 149
31 284
34 289
46 264
28 84
25 251
10 290
49 148
36 253
49 278
47 279
45 276
37 113
19 26
27 69
33 216
38 272
29 14
37 186

16 287
17 108
27 235
42 195
10 87
23 258
34 253
35 292
22 205
36 213
23 229
39 203
17 143
46 285
21 22
47 17
44 158

17 84
50 75
11 36
42 142
22 182
25 256
33 196
15 191
30 35
49 103
10 150
28 226
11 101
14 29
44 291
40 165
14 142
40 111

23 225
40 267
12 58
19 185
49 25
48 45
48 140
38 85
41 259
25 85
45 125
44 71
49 183
34 244
50 139
22 141
26 129
37 186
28 64
34 178
50 91
37 150
11 71
43 262

23 258
29 102
41 261
50 17
49 69
33 272
26 196
13 238
10 285
15 17
34 113
29 275
48 276
33 157
14 262
50 182
16 137
25 12
25 284
35 210
14 25
48 215
39 31
17 68

11 159
48 254
11 199
46 20
31 210
29 102
17 244
39 110
43 37
32 52
32 53
40 131

14 13
44 193
17 172
42 274
26 300
47 36
34 99
21 277
21 48
24 68
47 267
45 34
26 300
39 20
46 167

15 246
45 228
43 205
11 227
22 212
11 23
13 104
17 21
41 275
24 287
45 203
31 140
29 170
12 158
44 205
36 206

29 226
50 259
21 73
36 132
20 46
47 22
14 224
12 148
15 201
14 41
27 89
21 50
34 120
32 194
45 295
43 92
33 84
14 215
48 131
34 252
34 13
19 149
33 245
13 293
38 186
23 211
40 267
21 169
42 88
25 68

15 296
25 74
45 192
35 252
23 12
34 270
20 156
28 228
11 25
42 147
10 94
37 224
44 99
12 199
38 263
26 53

10 128
24 141
17 102
50 203
35 15
38 271
44 261
45 220
47 295
27 261
22 171

28 10
40 149
31 165
38 84
16 139
23 177
38 296
27 76
14 150
11 67
22 101
13 36
42 50
45 147
23 162
46 255
29 178
30 55
31 171
11 78
21 22
37 26
25 56
14 71
41 248
39 48
22 50
34 106
49 182

26 227
40 266
50 26
28 194
48 277
34 179
11 19
10 176
38 218
21 133
12 90
41 187
24 272
44 139
25 182
48 247
36 284
24 275
32 267
32 226
37 57
27 290
30 190
42 207
24 18
47 238
10 300

23 92
49 239
45 175
32 44
25 134
19 163
33 216
30 246
27 219
50 281
34 173
21 137
16 72
31 96
34 56
27 108
35 182
34 267
24 246
15 137
18 277
11 201
43 13
50 95

29 207
46 181
47 130
16 180
44 256
43 87
15 63
16 229
40 118
40 77
29 110
34 218
18 58
48 247
21 13
33 117
27 204
43 201
15 139
47 122
10 195
24 14
28 71
10 22
22 288
38 69
10 183
23 38
26 98
37 263

16 244
18 246
39 153
21 275
28 38
37 59
40 278
48 248
40 264
14 147
44 49
40 138
48 97
45 194
29 202
42 201
33 21

18 198
47 25
18 105
12 98
10 42
47 127
12 193
22 32
29 281
31 121
19 111
24 23
10 286
34 189
27 90
40 291
40 43
36 43
13 140

22 24
21 72
22 60
43 209
18 98
42 79
40 44
26 74
19 34
31 96
37 206
32 155
31 75
12 209
29 172
16 77
38 45
23 229
50 204
16 253
22 29
10 215
46 122

24 200
28 206
27 90
34 113
39 183
26 99
35 154
39 12
34 209
44 84
15 242
37 281
15 131
12 53
20 166
15 112
28 187
10 77
11 249
12 148
12 208
25 77
45 100
42 256
13 39

27 192
15 205
32 159
13 33
10 164
16 124
35 128
31 280
44 41
46 76
17 59
16 142
18 96
29 212
12 269
45 137
44 249
33 107
43 141
39 94
32 264
12 228
36 47
11 209
29 34
10 159
16 115
31 12

20 260
23 238
35 230
42 168
27 28
33 208
32 134
33 155
48 269
35 107
23 215
26 155
34 90
44 154
42 84
46 64
14 41
32 20
16 261
38 190
46 212

11 74
41 114
34 51
24 291
29 294
27 289
20 80
24 91
13 167
24 90
30 295
50 55

25 85
11 37
31 239
39 239
35 20
42 250
28 271
12 98
27 172
42 278
43 300
19 108
19 154
41 123
10 193
41 165
26 278
11 254
48 68
11 167
10 240
14 150
37 166
15 101
41 66
21 36

24 40
20 255
16 135
40 215
31 19
25 208
16 208
16 176
32 30
21 113
33 291
30 40
13 12
11 81
23 48
23 193
50 57
45 230
40 252
33 233
11 245
25 131
46 171
23 211
38 122

18 65
28 52
18 178
37 222
21 287
36 146
41 296
47 82
40 300
14 72
13 225
36 268
19 285
26 162
13 31
26 91
50 172
29 264
40 286

10 31
30 197
43 164
36 102
48 81
49 37
16 189
16 122
20 151
39 171
29 285

26 25
23 60
43 281
15 207
25 96
23 268
50 274
28 124
42 74
26 243
22 47
10 99
29 275
24 67
37 108
38 258
31 105
36 277
41 168
40 60
32 30
44 282
37 232
43 43
18 228
14 84
18 148

30 12
47 86
39 10
26 140
40 152
38 247
38 119
32 279
47 19
19 69
31 162
18 168
35 193
47 233
21 298
45 45
20 14
35 34
28 266
19 152
32 255
24 224
11 251
43 52
36 29
47 272
15 246
43 70
16 160
24 267
41 228

16 153
21 257
16 205
27 215
21 14
13 282
49 24
13 293
18 76
38 296
26 155
42 199
48 172
12 26
31 163
29 224
17 125

20 241
12 241
33 273
34 67
27 150
25 71
35 173
24 231
48 38
15 268
32 75
47 13
41 131
29 49
33 244
31 40
31 251
23 273
12 42
20 66
19 133

24 139
16 271
40 10
50 94
22 227
14 228
17 186
23 90
18 157
42 210
30 292
42 120
39 257
37 47
12 205
38 68
33 108
17 108
14 88
47 90
50 134
48 281
10 114
41 216
38 39

13 144
50 98
24 210
26 265
15 28
45 170
11 220
26 103
20 55
19 28
28 270
12 71
16 141
41 286

11 234
40 15
32 44
24 80
40 193
34 194
17 16
37 97
48 164
26 138
43 15
16 126

25 209
27 147
48 22
43 195
34 183
32 30
20 68
13 253
35 122
33 192
19 266
18 38
46 133
24 184
29 170
49 100
50 271
14 192
35 119
50 228
43 72
49 31
50 235
50 202
42 119
35 273

17 272
45 265
28 254
16 125
25 52
16 242
43 96
17 261
14 29
41 297
50 140
19 26
35 95
37 184
40 74
50 242
26 167
46 74

14 255
31 34
39 120
20 252
18 40
28 144
44 294
50 148
18 175
21 43
46 99
26 203
23 80
11 295
42 70

26 238
21 215
49 10
27 250
42 142
46 290
25 149
12 211
36 30
19 169
44 196
16 223
13 145
44 169
22 34
16 10
38 285
18 150
12 13
25 208
12 17
50 192
44 92
31 88
22 104
38 86
25 151

22 158
32 92
28 93
37 229
17 13
48 92
12 65
33 179
14 146
27 286
10 193
47 267
13 42
40 167
35 98
47 151
17 101
40 157
21 14
24 84
49 281
37 235
19 52

16 201
20 222
11 124
34 61
42 57
46 152
25 105
44 168
20 176
29 295
24 165
10 17
47 178
17 29
22 254
36 298
13 23

23 98
33 119
45 83
19 233
37 176
33 30
17 155
50 267
29 122
37 147
14 197
27 182
13 204
32 132
46 140
16 150
29 200
21 114
33 91
48 119
20 198
22 147
42 254
41 132

20 93
43 181
26 239
39 70
45 282
36 188
42 165
38 297
17 194
16 84
18 95
16 243
10 288
49 278
19 117
39 150
12 78
46 24
15 292
47 216
38 30

25 172
39 143
29 43
20 173
29 153
29 162
25 142
29 86
22 207
49 246
42 161
39 127
47 143
17 159
39 62
33 79
13 278
24 121
36 38
48 179
36 251
38 53
22 163
13 226
11 176
17 282

