59

16 15
19 104
11 38
48 186
14 36
34 196
23 294
18 200
17 260
25 64
25 143
25 103
43 249
37 256
47 94
20 13
17 231

15 247
29 267
31 123
24 161
49 244
50 141
10 32
11 154
40 133
34 137
32 223
41 195
21 267
21 291
38 182
12 30

11 238
31 196
48 204
22 88
13 97
23 74
32 273
47 58
38 88
39 207
36 136
43 13

30 64
27 194
32 227
28 106
48 143
16 128
40 93
31 166
32 126
29 223
48 153
15 195
20 161
33 178
47 95
33 74
44 80
21 73
12 230
12 248
40 46
35 232
14 144
22 93
22 41
36 175
35 209
41 262
43 279
45 160
29 177

23 162
34 285
31 153
35 246
25 179
35 28
22 212
11 273
48 169
36 190
18 284
18 218
20 254
31 160
40 259
20 154
47 130
24 94
16 210
32 68
19 297
36 231
25 260
32 32

18 216
12 141
21 222
48 184
42 178
31 232
29 28
22 184
43 234
24 264
14 145
46 204
44 106
50 196
15 271
31 150
10 59
36 32
27 154

20 293
29 180
36 225
12 227
22 128
47 130
14 178
29 90
10 148
38 264
35 141
43 77
35 236
19 166
33 39
44 85
30 106
31 97
18 113
15 268
13 130

10 96
15 124
13 138
31 29
21 106
15 83
13 173
22 168
28 232
33 58
44 89

22 66
49 67
16 165
48 276
42 200
38 170
45 227
41 87
40 173
45 77
48 177
49 208
25 12
23 219
43 44
19 36
50 21
35 26
11 133
10 168
49 67
11 213
22 272

10 63
35 38
28 239
49 35
21 227
49 176
37 214
22 216
50 107
49 100
26 58

30 143
26 253
47 211
29 223
16 147
42 273
39 288
22 186
13 36
49 41
23 97
50 196
38 163
23 119
27 279
50 220
29 130
22 232
46 48
23 61
12 160
46 43
12 104
48 177
30 208
40 281
46 114
31 191
38 252
32 128
39 105

30 182
32 198
31 139
20 279
11 217
31 173
45 104
18 249
29 240
38 53
30 135
34 184
14 20
14 182
47 117
43 100
11 167
16 230
23 215
27 96
41 222
45 147
33 46
15 119
25 88
24 171
14 97
18 161
13 100
38 131
10 27

29 235
49 223
30 152
41 109
23 110
24 241
25 76
25 263
20 105
18 140
38 228
21 253
49 199
39 213
15 240
34 234
26 202
33 72
40 251
18 242
39 46
19 270
48 299
28 266
26 297
24 261
15 140
45 134
20 202
42 197

14 44
32 213
30 137
41 36
12 103
37 274
16 252
36 198
17 257
10 52
12 24
45 84
35 211
36 285
19 105

23 280
45 173
19 14
30 33
36 213
39 230
14 190
32 223
19 182
31 72
18 263
19 254
26 228
46 104
13 107
35 178
48 249
39 237
42 50
31 295
45 118
47 265
30 61
14 233

28 264
29 99
16 247
44 137
48 167
14 154
17 136
39 93
23 165
37 66
42 271
11 81
28 166
23 15
38 237
30 241
26 84
19 137
31 181
35 272
15 179
24 177
20 52
48 232
29 285
22 81
32 217
32 266
41 211

30 276
20 28
35 92
39 215
39 114
22 42
35 264
20 291
48 20
44 193
37 280
15 186
28 95
22 130
44 31
46 187
46 275
44 109
36 225
36 149
38 85
19 143
11 288
11 206
11 183
26 262
17 280
36 70
30 64
49 26
18 137

25 163
36 195
39 192
13 11
16 221
11 69
30 91
14 97
37 226
37 35
28 43
32 199
18 280
15 274
36 193
31 92
32 160
38 144
30 220
38 94
23 206
41 257
29 180
13 187
17 164
31 30

27 173
35 13
14 101
20 282
25 201
44 12
11 153
15 239
27 203
36 294
45 186
49 231
32 46
40 12
21 138
46 242
26 77
33 245
24 137
10 177
19 45
33 162
14 283
14 236
36 10
17 165
40 79
44 66

23 40
24 73
26 163
34 115
35 285
42 172
25 95
33 120
45 32
45 164
44 108
21 33
22 161
27 295
11 123
12 91
29 30
25 219
30 13
12 221
27 100
23 282
37 254
43 76

26 197
18 116
18 52
17 267
46 162
38 138
29 235
48 273
11 151
31 128
14 290
43 237
26 73
30 236
40 20
25 224
49 25
47 236
31 213
38 230
28 200
43 125
15 33
38 258
35 132
20 134
26 79

23 231
17 213
24 215
40 235
32 202
31 80
47 165
41 74
34 225
28 30
43 150
12 42
29 25
21 116
21 266
19 153
46 173
34 193
14 152
35 146
18 179
44 289
14 215
46 230

14 135
29 155
45 46
47 110
50 45
17 68
28 295
14 56
16 141
41 163
11 90
39 257
33 294
39 117
39 170

15 206
24 239
33 144
28 107
34 22
49 26
34 20
29 123
47 124
32 60
36 215
23 132
31 36
21 165
13 217
49 114

21 57
43 40
27 277
29 235
42 243
23 152
27 281
49 49
24 104
39 21
11 261
22 128
25 10
33 111
45 82
10 256
31 150
32 107
29 49
35 139
33 88
12 208

21 13
26 50
44 50
32 114
21 123
50 108
45 211
20 298
30 283
43 169
24 182
41 240
44 72
31 252
34 98
22 205
43 20
32 32
38 44
19 271
39 238
35 30

11 70
16 138
17 300
48 275
26 213
35 151
34 32
42 210
13 43
20 146
23 75
14 129

27 64
13 137
42 38
36 71
37 275
38 186
40 98
14 64
34 12
29 165
35 115
17 280
22 96
16 155
44 111
31 48
20 194
36 46
39 62
50 151
36 146
44 42
45 214
44 80
42 209
16 197
14 24
29 75

18 184
28 178
25 193
40 71
27 188
31 185
28 228
45 265
22 148
50 183
32 289
42 189
45 32
35 116
27 142
17 119
22 47
50 202
31 103

21 248
14 219
11 50
33 128
48 21
19 290
50 55
15 258
42 150
13 82
14 70
12 138
41 110
46 177
23 53
47 56
14 56
23 79
27 281
15 80
33 225
36 299

22 113
12 164
36 174
49 262
23 142
32 125
20 50
14 237
40 80
31 150
22 27
41 228
36 79
42 188
11 187
11 36
41 149
15 131
37 84
32 293
45 241
29 189
45 102

12 94
41 109
30 50
25 93
23 234
47 225
31 52
26 92
19 85
36 12
31 84
34 71
41 220

27 185
36 31
48 39
36 136
31 271
42 212
22 121
46 120
32 144
34 228
37 278
21 115
33 195
35 234
50 248
10 299
13 78
25 141
46 198
30 168
46 261
19 170
37 14
29 34
31 254
42 113
50 232
47 120

14 225
34 282
23 74
27 113
13 173
33 40
14 48
37 175
47 194
34 241
20 99
11 117
33 259
35 68
46 197

19 48
15 279
35 297
37 286
32 53
28 113
49 60
49 86
13 288
28 231
48 239
15 61
16 76
20 215
26 142
27 31
12 95
50 208
10 284
23 248

19 252
13 206
12 138
24 61
31 157
37 165
15 27
12 278
18 266
22 43
28 170
26 96
42 191
45 168
27 290
32 50
18 105
27 263
42 121
32 88

14 129
39 261
29 98
40 298
46 88
17 154
36 289
49 215
10 161
15 155
45 115
18 279
11 50
33 266
25 12

22 100
27 208
43 223
18 225
10 274
43 130
50 131
49 33
49 131
46 294
33 25
15 286
17 224
11 244
30 182
47 165
29 142
41 160
49 201
37 11
36 248
42 246
47 55

24 56
38 300
14 272
25 66
21 216
39 236
43 143
19 287
36 193
27 173
24 239
28 115
25 257
45 36
40 12
41 72
33 266
43 252
31 300
50 294
32 260
45 42
10 267
31 193
23 76

10 143
33 156
10 89
20 166
39 86
30 85
24 118
24 247
30 299
11 277
50 26

18 292
16 266
23 261
43 211
25 113
33 88
31 100
12 98
20 93
12 40
30 202
16 157
36 23
45 72
50 296
35 240
22 156
34 191
36 240

28 33
36 110
29 256
36 290
40 52
27 24
48 247
47 86
35 268
15 260
10 225
22 163
10 29
21 105
27 133
43 255
30 174
36 65
42 62
31 126
40 84
48 57
32 194
23 104
14 36
48 286
50 143
38 258
11 132

22 271
10 63
27 131
35 243
23 276
28 101
32 258
10 244
34 234
45 121
46 229
28 230
35 183
24 74
35 277
28 80
35 29
24 46
41 181
17 283
39 138
17 268
41 175

26 296
49 19
34 156
49 142
37 82
48 186
12 287
47 256
25 105
42 117
36 203
34 35
34 167
12 30
31 236
42 53
48 206
28 98
20 33
38 29
30 95
48 166
41 156
29 152
34 237
36 215
42 267

20 179
14 199
48 211
30 154
43 145
48 76
34 293
41 222
26 204
10 171
49 197
42 145
27 125
41 152
45 91
25 13
37 221
33 112
23 14
14 61
24 234

18 75
26 171
11 33
40 169
43 99
25 41
50 191
31 181
12 101
29 258
23 208
28 84
28 216
35 158
42 102
41 144
12 187
40 226
20 252

11 270
22 141
47 16
14 155
16 155
19 89
48 12
44 25
28 71
32 80
35 91
23 285

17 222
27 129
17 259
27 91
38 262
21 186
33 43
25 207
22 262
22 52
16 238
39 118
41 229
17 213
23 122
38 115
34 49
32 280

15 38
32 82
14 139
17 39
28 40
28 83
37 69
31 232
26 191
32 188
12 69
19 243
21 92
26 283
16 181
32 237

25 160
25 230
34 84
50 259
39 30
26 90
39 124
43 88
49 211
48 280
11 178
29 42
42 69
13 47
17 94
16 65
50 34
50 264
44 51
13 68
28 296
15 76
28 87
29 90
35 275
10 162

21 120
48 135
40 91
42 173
11 47
49 34
28 247
20 190
16 114
25 217
37 43
16 274
13 11
49 220
13 127
36 161
18 39
39 79
38 129
18 101
26 55
37 53

30 102
18 43
25 162
17 200
11 270
31 28
33 119
32 254
22 200
41 126
17 32
44 65
37 70
24 214
24 82
42 37
24 74
29 78
48 260
49 138
47 240
14 26
32 236
16 86
34 216
26 258
39 123
43 226
26 93
35 147
47 60

21 54
48 137
21 289
46 77
14 153
31 156
16 80
24 173
29 230
11 200
18 235
28 68
24 154
41 142
44 222
17 40
40 29
35 178
30 22
18 243
10 53
27 98

24 269
27 103
31 53
12 162
47 246
50 272
34 213
39 51
20 126
24 73
17 197
32 124
33 109
10 216
46 93
49 189
10 270
31 244
27 39
38 10
22 10
42 150
48 127
21 36
25 114

19 71
27 116
10 242
31 232
19 231
22 267
38 190
49 162
20 199
21 195
33 211
31 81
21 289
17 246
36 90
17 275
36 168
44 239
14 87
17 93

24 107
23 10
18 294
50 262
29 191
24 24
26 224
17 289
32 87
37 284
10 119
21 43
15 97
34 113
21 197
26 268
22 248
18 115
29 263
31 287
34 261
19 284
39 187
10 278
45 51

25 152
34 163
39 259
44 277
20 55
16 68
26 94
14 229
35 263
31 85
47 132
39 48
37 228
35 230
46 175
33 200
14 145
21 63
16 218
50 106
46 183
23 15
48 253
38 245
15 264
33 230

27 168
12 176
50 85
30 51
33 185
23 252
50 224
30 231
48 81
29 24
11 34
26 127
26 15
11 50
41 41
15 64
46 235
39 163
43 231
10 52
44 190
20 208
21 247
50 52
37 247
29 192
48 26
15 133

28 154
19 146
40 254
11 158
36 212
44 88
44 157
40 51
35 41
48 162
14 164
40 165
24 146
44 232
40 209
11 142
28 10
19 191
49 39
46 253
23 72
33 99
30 100
28 212
31 43
23 14
17 167
30 22
20 299

