77

11 10
49 228
47 98
26 253
33 240
19 32
12 198
16 136
27 170
29 223
33 206
25 198

13 134
43 192
11 121
22 299
21 236
32 265
25 140
15 298
15 279
42 188
34 75
26 283
25 286
48 82

20 39
24 24
21 272
29 125
16 199
10 173
27 90
35 206
12 125
26 133
21 208
45 41
15 222
48 131
15 292
37 167
36 220
14 137
46 10
31 222
17 46

27 136
32 55
27 105
20 234
10 272
15 186
16 290
34 187
28 148
36 281
18 226
44 291
31 172
18 236
12 231
36 180
39 31
44 59
15 292
36 273
22 72
50 12
35 71
18 41
25 210
16 184
28 280
45 143

14 39
24 127
14 102
48 207
33 257
49 41
31 70
14 38
30 198
23 28
17 28
45 152
19 25
22 141
22 195

24 225
13 276
37 112
23 88
18 167
23 231
19 54
18 141
22 131
49 138
37 271
19 149
36 136
25 91
15 201
50 59
50 231
48 146
21 263
17 292
19 10
27 12
18 126
19 181
13 45

14 221
37 88
44 159
28 92
29 69
27 261
28 127
28 271
39 238
24 170
15 146
39 271
32 85
31 120
29 125

12 15
42 124
33 127
15 187
11 126
38 272
44 29
29 128
49 41
41 138
37 227
40 213
24 198

21 186
40 240
34 100
44 245
47 214
23 26
20 187
35 247
31 197
35 133
43 28
11 82
28 63
46 67
35 119
24 141
46 197
48 231
23 152
30 184
41 274
15 90

15 257
30 212
30 131
30 102
46 286
25 39
41 70
18 18
10 137
27 127
20 93
35 217
44 177
19 156
21 38
21 83

18 243
11 197
10 224
10 198
21 106
48 131
13 141
45 71
11 93
35 229
50 274
25 136
13 237
12 173
47 264
18 228
40 158
23 86
34 286

23 216
40 224
43 18
42 186
40 266
45 133
40 28
49 258
43 145
11 240
42 278
39 185
20 134
35 96
18 104
11 63
23 57
24 89
47 203
18 138
38 254
50 49
26 111
13 295

28 220
47 229
19 149
33 61
36 143
43 196
34 148
28 282
13 67
11 164
26 131
12 172
38 144
46 185
22 178
14 268
28 192
32 207
38 292
22 186
46 50
42 204
38 114
47 25
30 60
20 171
20 101
20 197
34 95

12 300
46 274
46 196
33 181
39 183
22 57
25 247
37 269
42 273
18 198
22 221
50 196
15 12

25 291
46 149
42 107
39 140
49 248
26 90
16 203
11 278
13 281
18 254
50 236
13 182
30 155
45 127
25 121
33 18
47 200
16 297
24 183
30 284
42 268
38 200
34 254
27 46
12 255
12 31

26 265
27 244
50 31
43 168
14 47
49 266
30 202
22 49
10 187
31 242
25 281
43 277
27 284
50 184
34 80
34 127
37 58
45 81
45 195
31 282
30 154
31 115
33 146
47 133
14 35
50 73
37 194

24 276
26 184
28 299
44 203
39 129
36 117
25 275
24 54
42 85
41 156
46 278
37 68
45 272
15 113
25 294
32 139
19 109
49 236
46 223
40 254
11 65
31 31
37 38
31 268
26 256

24 212
19 66
38 62
15 129
39 62
24 175
50 197
42 47
18 270
48 189
31 220
18 203
36 149
31 266
22 83
46 83
28 59
19 258
44 13
22 54
41 136
38 33
32 194
33 136
34 160

18 287
35 190
32 187
20 240
11 185
23 269
26 75
42 28
35 189
49 209
18 169
21 170
21 291
45 12
31 11
45 151
21 101
31 222
17 38

24 68
44 142
33 210
31 14
45 93
49 18
46 178
15 270
13 147
10 100
43 64
48 200
14 145
20 119
46 169
47 11
11 66
23 189
21 110
39 43
20 270
24 24
41 47
19 75
20 19

24 230
33 265
16 131
27 69
22 212
33 14
21 213
19 228
44 80
41 210
13 188
49 91
48 100
19 124
38 72
48 87
30 76
41 291
46 151
36 165
20 258
28 264
33 186
32 254
23 33

29 182
15 121
42 260
23 242
46 150
18 296
30 22
43 276
15 26
30 215
31 179
40 216
35 193
50 53
45 142
11 49
22 65
41 219
15 26
21 72
23 158
25 106
33 126
36 290
21 125
47 35
42 186
11 208
44 293
20 157

26 102
25 138
49 189
28 233
27 113
21 216
36 67
47 219
19 42
14 242
36 293
35 126
32 30
45 84
50 228
48 33
17 163
47 181
10 142
11 160
19 22
31 31
12 283
47 211
46 260
33 170
48 141

25 144
40 86
33 229
26 88
15 79
29 24
33 105
37 40
47 29
49 90
40 153
23 167
38 81
42 127
31 30
35 263
10 139
18 220
40 63
32 36
38 270
22 182
28 117
46 92
12 268
17 296

25 161
47 149
23 179
23 279
10 213
10 151
20 257
45 133
25 104
13 112
30 274
18 288
26 153
32 174
23 240
50 94
15 252
26 184
33 119
22 198
25 279
43 115
27 133
22 182
26 251
24 188

11 246
16 144
27 138
20 178
33 267
43 184
16 85
28 200
41 98
50 65
36 22
36 219

27 94
26 287
47 88
19 280
12 264
15 150
26 127
42 249
45 257
37 250
18 116
40 284
25 140
38 196
23 53
31 116
49 202
15 156
13 178
36 79
32 39
19 218
18 41
35 154
12 197
38 216
48 126
27 174

11 288
14 291
43 175
50 283
35 254
15 219
17 38
45 220
44 260
28 176
25 18
11 28

16 30
14 244
33 265
12 74
27 85
30 61
45 290
16 110
19 227
36 297
49 223
49 182
31 156
45 269
29 61
14 201
31 147

23 283
15 114
17 186
49 188
32 208
31 216
11 127
15 128
25 214
43 109
16 141
30 158
25 49
14 90
46 212
33 48
35 175
32 213
22 73
13 30
41 214
42 44
34 105
13 43

15 262
46 120
11 170
20 199
36 295
16 205
48 66
49 91
41 34
17 82
46 37
23 166
38 135
28 44
12 300
48 213

27 137
11 160
42 142
45 132
28 60
30 42
33 272
47 234
22 258
18 276
19 121
27 97
17 143
32 194
16 55
48 261
13 270
33 40
19 43
22 101
17 282
15 118
18 79
29 32
29 66
24 215
36 190
14 102

26 148
32 166
17 235
13 53
15 153
13 232
18 61
12 229
38 288
28 113
41 127
15 207
40 162
39 13
47 256
27 45
36 227
20 113
33 143
15 65
23 10
44 179
38 288
45 35
21 152
10 139
44 297

25 69
20 39
25 176
10 153
28 68
21 183
13 167
34 123
14 124
48 247
18 257
13 101
25 183
11 269
38 193
17 225
30 128
26 105
16 241
22 287
25 68
23 20
35 295
39 66
34 215
26 100

18 148
20 268
24 251
29 122
39 276
27 121
41 268
16 292
43 242
11 225
47 122
16 251
14 105
23 242
46 77
17 242
25 73
37 38
16 282

13 10
20 293
10 25
44 39
34 101
24 152
25 160
10 114
20 258
26 55
14 34
24 217
28 126
44 46

22 280
45 46
17 121
46 133
33 170
19 151
22 96
17 51
48 231
20 243
34 108
34 107
45 249
24 299
11 107
29 266
30 195
13 299
21 21
19 70
11 19
25 20
29 66

29 74
36 36
23 162
35 238
43 75
32 210
10 123
20 20
16 138
22 248
35 131
43 216
25 249
35 232
47 138
31 188
15 193
28 104
31 140
46 247
23 238
30 143
28 32
46 253
34 136
40 42
22 56
40 171
21 79
33 240

14 298
41 109
48 150
30 161
20 292
19 197
48 140
15 99
12 102
36 259
18 90
49 52
19 299
29 230
29 25

15 190
12 281
28 134
31 241
49 158
10 196
50 234
30 40
48 56
21 230
40 271
22 198
40 168
46 227
29 90
39 132

13 250
30 248
15 45
33 283
17 146
11 237
10 92
35 20
49 183
31 43
36 177
40 150
37 225
47 195

11 193
12 16
27 240
21 79
39 96
27 150
50 198
47 101
10 112
19 97
23 10
49 209

26 206
24 293
32 113
28 17
41 259
23 206
16 202
28 51
19 251
34 169
24 153
34 85
40 235
25 138
17 222
19 55
12 235
45 185
24 97
34 293
42 293
22 246
20 278
14 82
44 23
36 207
36 170

17 195
26 202
26 90
32 84
17 288
12 16
31 199
33 19
12 82
20 40
16 267
50 29
26 292
48 54
31 161
35 237
13 90
44 141

28 208
26 21
31 222
35 174
38 118
24 40
21 168
43 230
44 239
41 112
44 222
26 76
31 214
25 293
30 243
16 83
11 35
42 33
40 35
40 190
21 223
29 194
46 244
36 152
32 18
13 145
42 169
27 288
25 30

20 111
39 272
18 33
35 37
49 35
23 23
15 115
43 64
26 119
12 280
17 155
21 12
21 289
50 118
32 30
42 171
38 54
16 277
33 268
28 84
31 275

22 191
49 134
11 255
30 128
36 284
49 153
40 201
49 114
11 48
10 106
32 283
37 289
21 188
30 21
50 263
21 47
46 119
22 250
48 71
43 59
31 213
18 115
16 172

12 290
25 111
39 125
18 239
43 200
46 182
12 139
47 99
43 25
27 292
32 153
29 233
16 198

30 81
32 141
15 220
13 74
44 109
19 288
46 201
45 215
48 140
30 256
26 91
21 24
17 161
39 47
46 193
37 296
44 270
43 60
44 121
20 281
43 83
22 287
16 179
14 80
27 211
29 292
31 151
43 180
48 269
34 89
10 166

15 85
17 46
48 228
49 51
21 269
21 30
20 135
18 101
21 258
42 194
13 34
30 196
29 101
41 171
28 220
30 48

27 80
27 250
49 236
21 188
41 212
38 265
45 141
24 223
39 33
20 213
13 167
18 60
44 122
36 22
39 230
14 44
18 276
25 256
37 271
39 37
30 16
50 75
24 69
39 283
19 112
46 257
16 61
17 19

20 89
41 197
15 300
40 24
22 274
50 74
36 84
45 64
15 116
15 113
45 22
50 45
31 40
11 116
18 264
17 294
35 97
11 124
20 20
17 277
20 148

15 20
35 81
50 188
16 215
28 249
16 166
44 241
33 293
34 198
34 24
34 196
21 210
27 161
25 121
15 261
27 133

23 22
21 70
33 79
23 157
18 161
14 83
33 218
50 177
38 110
34 255
33 172
43 296
18 294
46 244
50 124
17 69
25 192
39 270
14 89
50 244
49 28
33 241
45 106
44 236

11 189
10 199
21 199
50 271
30 73
45 65
47 69
31 36
14 271
37 97
35 239
11 190

20 53
49 151
44 150
23 220
30 253
22 172
31 68
37 277
21 238
45 288
48 178
23 103
49 58
40 227
10 71
24 208
37 94
19 76
26 221
44 191
35 216

24 290
31 257
20 53
19 216
48 64
39 146
23 106
25 258
41 126
22 188
42 279
48 246
10 31
48 36
15 66
27 217
27 121
44 281
24 290
22 213
26 149
24 157
22 220
28 75
24 28

24 201
10 101
21 239
21 13
22 258
37 77
21 169
16 127
20 31
11 138
19 45
48 111
45 79
20 136
29 267
31 93
28 104
48 178
14 24
22 49
33 178
14 67
38 149
45 92
32 240

19 116
13 175
16 33
37 85
26 108
21 203
36 211
13 148
35 226
34 105
39 63
13 214
23 129
16 106
49 144
15 277
31 260
47 10
11 179
49 272

24 41
43 242
32 17
13 180
22 46
12 229
10 146
17 241
32 243
15 54
17 216
18 92
25 26
16 104
16 38
30 37
30 293
44 66
26 264
26 196
43 272
17 113
32 187
16 121
28 88

10 143
18 48
13 38
29 267
41 297
40 74
27 300
27 203
44 155
46 252
33 293

19 176
18 96
37 138
39 276
34 21
43 12
45 279
43 191
31 282
41 28
10 174
22 68
39 239
40 201
31 239
24 150
34 88
42 179
20 128
44 132

23 191
44 285
16 133
42 119
49 273
33 260
41 252
34 140
17 253
19 174
46 94
38 117
36 153
20 104
26 102
25 294
50 187
16 45
36 218
19 185
35 210
17 62
24 45
34 107

13 28
26 237
45 155
22 132
47 158
31 109
15 59
26 88
18 210
22 136
15 14
48 62
40 144
43 29

21 205
14 46
50 93
49 158
30 126
19 192
20 179
14 271
34 150
12 246
14 213
28 113
31 19
24 105
49 201
36 92
41 204
32 140
38 230
42 297
38 129
32 132

18 199
46 26
23 137
12 284
50 232
46 243
48 246
12 55
33 31
43 263
13 18
22 206
28 244
46 172
47 300
46 53
15 72
49 222
14 124

22 202
32 264
28 81
48 36
21 94
28 41
50 129
45 251
26 147
36 20
13 102
30 99
35 211
32 178
23 121
17 225
25 141
22 166
47 62
17 118
27 150
35 178
50 94

27 194
28 127
17 264
10 282
47 159
38 43
24 90
40 70
35 61
41 67
36 58
46 148
46 95
40 143
12 227
25 87
18 139
37 227
36 19
28 126
29 20
22 154
16 55
43 148
10 149
31 170
15 220
10 177

19 21
45 112
40 285
27 247
24 124
20 29
47 222
28 245
34 215
42 181
24 44
45 31
37 81
42 221
38 261
39 44
48 263
40 49
18 73
32 248

26 48
43 162
39 254
28 160
35 125
45 144
19 91
17 123
10 19
50 238
18 180
48 132
43 267
12 99
46 52
44 117
30 74
25 267
16 241
37 45
38 191
36 206
32 210
12 297
20 135
31 230
46 168

20 294
13 18
26 184
29 291
28 189
18 29
35 256
30 64
41 26
16 99
19 129
48 183
30 12
35 275
30 23
46 62
19 249
25 71
36 259
23 262
47 74

19 111
39 188
47 273
40 155
39 117
50 114
14 233
10 104
35 164
23 140
38 144
28 86
42 224
45 80
47 48
38 265
43 23
28 25
25 105
32 218

14 179
20 133
33 220
26 100
13 58
45 257
16 290
38 124
13 90
15 109
26 285
20 78
41 68
33 111
11 192

14 296
23 63
14 274
23 228
23 52
44 173
43 63
36 140
29 236
31 172
50 23
20 13
45 188
26 266
25 87

18 160
38 181
26 149
10 200
18 42
43 45
41 24
13 109
43 232
40 113
28 118
41 254
42 164
22 215
47 197
12 70
48 219
39 177
36 203

15 138
15 285
48 149
17 245
16 222
29 34
39 29
18 20
32 99
33 113
45 84
36 12
16 197
43 178
16 132
10 30

20 147
35 193
44 259
18 225
43 191
44 121
37 102
13 295
43 21
50 91
43 13
50 162
28 148
33 159
33 76
13 284
22 153
16 298
24 91
33 173
45 193

