52

15 49
24 17
23 123
47 28
47 174
46 202
27 204
50 190
31 76
28 69
24 33
40 255
25 53
22 233
28 232
18 215

23 271
25 51
41 119
43 245
18 239
34 211
13 212
38 83
16 40
27 97
42 20
43 291
26 74
22 129
10 219
32 118
37 87
39 31
42 205
33 229
40 145
38 11
14 191
32 118

18 202
19 289
14 107
25 104
34 45
50 231
36 96
28 269
39 229
26 98
21 121
29 113
45 242
26 18
26 275
14 162
35 268
24 48
43 195

23 155
22 99
20 200
35 96
47 99
20 40
16 93
21 285
32 186
44 109
25 212
32 25
37 240
25 290
11 252
16 94
33 153
25 145
39 256
47 222
22 82
11 52
33 46
34 87

24 160
34 210
20 14
21 145
31 277
45 275
32 295
29 282
43 158
20 82
14 217
35 197
15 114
18 237
24 273
21 258
41 225
22 29
24 68
44 207
46 299
38 281
16 198
33 202
31 271

12 52
18 86
48 277
33 131
41 144
19 231
45 165
47 86
40 63
33 93
11 161
14 55
10 82

18 12
36 151
49 138
50 230
35 194
50 218
35 60
35 139
34 41
50 146
31 162
44 279
38 43
24 191
30 155
47 228
11 204
15 212
28 205

29 141
24 98
31 81
11 134
10 205
26 33
12 206
42 114
22 174
33 248
37 218
42 74
31 17
13 257
34 183
21 135
22 239
17 20
24 299
24 15
18 89
28 236
13 126
37 28
32 80
22 280
21 181
23 219
36 120
44 219

27 276
49 234
44 208
16 51
24 145
38 203
10 241
27 274
17 46
49 243
40 53
18 84
33 136
37 166
11 200
46 216
46 146
12 57
12 235
11 69
42 285
22 152
21 128
16 22
49 179
12 247
15 223
36 13

16 162
44 92
42 82
24 229
43 291
49 38
24 69
18 271
50 168
26 166
21 59
26 171
34 140
42 22
45 228
34 153
34 101

23 202
15 250
28 277
30 250
44 224
38 252
27 233
17 236
42 258
38 110
40 192
44 16
47 237
23 104
19 84
50 212
11 161
28 279
24 172
11 99
25 292
14 50
37 120
16 82

27 115
17 40
24 210
15 217
29 67
41 161
28 228
17 278
33 284
37 250
11 229
23 26
36 295
47 135
23 44
34 86
26 100
26 206
43 236
36 296
48 217
21 164
10 169
35 111
43 188
32 244
30 194
17 53

19 31
46 264
31 63
16 138
26 69
47 293
27 147
26 163
42 231
44 73
48 35
22 20
43 218
27 244
18 252
18 37
23 205
25 87
11 243
47 16

21 196
21 282
24 34
29 94
16 67
40 124
27 200
18 220
36 225
42 247
24 285
19 190
46 219
46 219
16 232
28 120
26 239
23 236
39 34
47 52
31 294
34 132

16 13
50 109
48 82
35 294
50 156
45 142
30 220
50 92
44 142
49 131
16 74
25 145
20 33
38 56
49 189
47 223
23 200

18 23
12 261
16 52
44 25
42 119
22 252
11 88
45 233
44 133
24 85
35 297
12 38
26 231
34 158
31 155
10 168
28 183
47 275
33 55

14 19
41 227
38 181
48 125
20 125
15 41
45 100
10 283
37 299
39 124
11 189
39 17
49 151
21 288
42 249

15 214
41 120
44 160
39 169
12 183
40 204
29 161
18 287
15 197
33 171
22 104
10 136
17 82
22 202
12 16
48 267

23 260
48 256
31 191
14 157
33 166
23 91
13 190
48 131
19 228
33 216
29 100
37 143
43 46
20 212
36 63
30 196
48 217
12 236
13 17
35 76
13 58
28 12
45 34
36 195

10 262
50 64
10 221
27 64
17 64
37 22
41 191
41 244
27 74
39 35
31 67

19 293
32 39
40 101
39 232
44 123
30 75
23 264
41 108
44 70
48 184
41 47
46 181
33 227
50 266
46 157
28 23
19 252
41 202
27 277
13 161

24 255
31 21
18 289
46 79
21 36
50 222
35 77
40 291
40 143
50 188
28 41
30 156
23 84
28 93
13 267
18 120
24 224
40 159
43 75
16 152
36 93
20 153
23 118
35 265
39 190

21 280
42 268
14 162
43 238
31 123
45 36
11 101
49 260
40 57
17 104
29 294
30 158
47 237
30 64
23 228
47 198
36 269
24 140
26 272
17 220
43 265
21 230

14 209
18 213
38 155
32 25
14 235
19 244
18 13
46 21
41 94
37 38
28 190
22 211
15 92
30 165
28 159

24 29
46 190
28 150
36 129
24 84
41 243
24 180
30 238
37 75
31 165
19 238
14 97
16 49
42 42
28 258
42 13
27 200
38 237
11 229
34 275
44 69
47 203
16 213
44 203
14 254

28 142
19 225
28 283
20 203
20 211
15 100
20 138
43 248
34 162
48 216
22 73
39 216
40 254
47 111
48 54
36 154
22 38
39 226
29 154
30 187
44 264
18 113
38 149
36 122
47 248
38 299
12 204
47 195
36 53

24 164
23 181
15 296
22 275
44 219
43 67
33 277
42 185
19 264
30 227
45 159
42 73
46 81
41 286
18 222
39 145
14 183
29 18
48 221
50 180
13 137
16 107
48 290
49 277
27 15

26 33
24 230
23 36
34 239
15 73
26 207
33 74
24 195
49 162
49 157
25 160
10 228
42 100
27 72
14 131
22 213
36 111
43 157
21 275
35 99
31 183
43 79
43 291
44 88
36 125
20 119
11 213

17 244
47 42
39 206
18 168
32 300
37 299
48 163
43 164
27 162
44 127
37 99
16 228
32 290
36 182
47 279
10 203
11 30
30 235

27 20
39 122
12 39
41 251
43 65
39 255
26 157
30 181
47 58
12 222
28 72
32 70
26 239
39 93
44 65
24 217
46 294
38 240
41 117
15 48
22 244
37 248
47 179
17 16
10 188
21 282
44 228
26 190

29 146
21 93
11 76
23 19
22 266
27 228
26 195
24 231
36 195
38 236
14 71
48 293
18 128
43 60
14 296
13 92
45 185
14 251
20 24
27 14
49 282
37 47
13 208
34 278
13 182
30 10
41 160
14 163
41 226
26 124

27 273
27 198
36 115
18 185
17 109
25 154
41 249
44 262
28 98
29 195
14 102
37 153
49 109
30 248
46 70
20 201
25 84
10 58
16 280
28 34
11 239
13 168
44 63
12 257
49 56
29 182
35 260
32 118

14 46
13 119
13 45
28 18
48 110
23 125
25 192
27 88
17 233
40 203
26 15
37 69
27 278
28 210
34 91

13 164
35 15
27 197
43 198
49 182
46 283
21 189
47 265
14 127
26 119
10 21
22 101
30 168
37 289

18 210
18 29
48 38
50 154
50 37
35 99
40 160
29 238
38 107
30 252
26 278
19 182
43 153
40 85
23 133
32 290
11 98
45 133
15 218

14 80
42 229
15 55
47 200
29 248
27 48
47 94
38 196
49 200
10 182
11 290
47 178
24 164
18 230
35 234

23 264
32 61
20 225
11 52
26 133
32 13
29 246
29 193
30 197
23 150
17 181
40 197
47 36
42 161
31 170
47 82
12 160
17 273
42 213
42 62
26 42
30 140
50 169
30 109

15 187
14 13
45 25
35 224
15 237
26 40
39 74
39 167
45 250
24 140
23 285
13 43
12 163
35 142
12 268
37 135

24 179
10 67
44 226
18 38
14 288
48 168
48 40
33 129
50 182
48 119
34 52
17 77
35 72
45 46
17 256
30 212
10 297
18 164
17 100
31 257
34 220
48 64
37 176
19 210
29 154

23 204
25 230
50 172
31 75
29 299
19 52
24 160
45 92
39 228
47 283
19 231
50 138
21 196
32 108
49 23
38 153
20 239
45 233
42 284
50 230
18 257
14 292
41 16
49 209

10 157
31 189
10 111
42 142
13 218
31 139
26 260
23 190
10 256
44 13
46 170

30 206
42 10
29 80
16 98
32 28
37 160
43 171
17 227
29 118
19 12
22 15
21 38
31 41
24 90
45 58
16 177
24 245
25 176
36 201
48 60
17 45
37 287
29 13
43 39
44 233
16 214
20 195
46 242
12 19
13 233
16 122

13 74
34 136
27 81
32 90
13 18
22 159
18 252
41 11
29 152
36 199
43 34
20 264
12 149
11 84

16 40
40 106
25 33
47 135
25 14
14 280
24 196
16 119
24 40
24 154
43 284
20 16
42 259
33 163
41 286
37 188
49 286

26 200
17 70
15 250
15 266
46 67
11 32
36 51
31 81
25 223
37 200
30 106
23 158
16 120
45 249
50 266
41 14
17 157
21 143
13 205
15 137
27 87
30 209
17 100
33 143
39 167
49 270
11 71

12 265
27 277
17 196
43 278
12 177
30 107
50 233
39 82
15 74
22 228
50 68
26 188
45 206

12 214
17 220
29 236
36 167
50 68
12 252
26 218
35 148
42 237
15 77
20 291
35 121
43 85

10 284
45 168
18 116
12 268
24 222
37 235
35 147
41 275
18 192
16 101
15 152

27 103
30 128
16 294
21 62
43 243
23 186
20 112
19 148
33 151
13 224
13 195
22 96
19 259
26 163
46 217
47 87
48 111
28 217
40 256
33 62
48 285
31 103
20 298
30 217
18 84
33 28
17 78
49 247

10 220
31 70
18 77
26 290
37 264
39 162
11 216
33 170
32 33
45 43
15 81

16 198
27 260
46 108
42 44
17 64
24 15
44 76
37 70
28 17
36 288
25 273
32 23
12 81
33 50
13 135
35 100
42 44

22 109
49 162
38 260
50 92
23 116
41 124
16 187
40 233
47 60
29 202
41 132
37 300
28 220
34 251
27 296
23 195
10 283
33 265
18 273
21 280
30 233
19 195
30 175

