58

11 83
19 25
46 178
19 263
45 89
47 71
27 266
40 95
32 216
17 201
29 82
16 146

12 215
12 276
36 240
44 27
17 90
16 178
14 172
46 72
31 209
19 236
43 263
13 33
48 275

18 165
11 288
22 137
23 206
49 82
42 245
14 153
15 26
41 260
45 159
43 24
46 75
30 211
14 56
40 214
31 132
15 209
26 168
15 283

28 266
35 281
26 206
25 66
44 98
32 157
15 280
21 89
25 122
32 284
47 88
26 161
47 133
35 29
27 228
31 76
24 36
20 279
28 154
44 201
22 156
31 113
11 180
14 176
32 134
46 230
47 175
36 57
44 233

28 60
21 19
36 21
32 93
29 245
29 134
46 154
39 242
41 100
46 297
18 164
23 240
26 83
29 83
49 165
40 160
22 88
44 256
21 45
44 211
40 155
34 232
28 109
16 151
37 139
23 101
33 97
48 260
15 10

27 178
26 227
16 98
46 174
14 246
35 292
10 109
45 298
39 80
44 155
19 146
21 16
17 198
26 72
41 245
32 66
46 272
11 70
34 182
48 265
16 68
25 156
13 151
23 58
22 254
23 246
50 45
35 196

21 157
16 260
24 125
41 138
29 55
41 237
39 53
42 259
29 49
35 95
44 180
37 201
23 196
31 50
13 94
49 71
24 102
28 28
21 17
46 194
43 186
26 54

25 262
37 233
47 124
13 17
10 263
35 100
19 73
40 221
10 38
50 64
36 129
13 65
40 235
45 163
19 50
39 78
24 288
13 295
46 102
46 266
26 149
38 196
28 297
36 70
17 95
34 30

30 63
35 243
40 54
21 176
36 213
28 202
34 237
13 292
26 192
13 163
43 141
39 196
21 206
21 139
41 64
18 89
25 151
20 34
49 43
44 218
26 295
23 106
48 83
19 119
24 32
12 69
26 227
17 109
50 263
31 66
28 131

18 205
17 151
22 260
49 131
38 223
25 254
31 64
46 152
28 257
23 138
46 238
49 289
39 262
37 140
38 289
17 72
27 107
24 242
32 67

21 283
43 299
25 219
13 11
26 125
15 83
10 47
36 187
46 116
26 247
32 67
31 245
46 62
23 181
30 133
31 36
33 85
40 195
12 271
21 240
44 159
17 264

12 178
44 130
28 121
48 168
43 33
50 72
48 98
45 247
24 74
22 174
43 131
23 115
40 238

30 255
28 17
35 164
17 298
33 94
26 70
47 182
43 42
43 13
39 219
28 192
27 80
14 69
26 257
40 195
35 278
41 288
24 286
17 42
31 31
31 40
26 105
38 78
12 228
43 285
17 257
46 50
46 153
16 121
50 101
40 164

10 157
25 65
41 268
41 240
25 242
18 239
25 257
19 263
50 71
14 25
14 20

24 160
12 121
29 15
20 137
26 161
38 157
12 201
47 300
24 122
20 241
34 33
12 294
11 155
24 293
41 295
37 64
14 187
45 57
11 272
31 13
14 250
44 136
35 229
11 173
12 210

21 214
35 165
38 191
18 177
33 19
13 289
15 152
35 134
30 245
31 238
39 170
10 183
41 296
40 282
10 60
43 142
26 190
12 248
17 92
12 238
33 170
49 120

13 151
34 151
16 206
45 246
46 274
32 58
26 177
28 270
20 259
33 212
21 76
46 42
43 96
45 35

19 272
34 292
28 163
45 177
49 112
33 288
14 28
46 251
25 59
26 144
19 213
42 217
25 150
43 91
33 255
20 27
11 296
16 151
22 288
47 128

11 42
29 186
38 255
19 102
42 12
12 296
23 160
15 40
46 213
30 231
33 154
32 223

14 148
24 175
35 54
11 163
43 18
47 287
22 181
24 223
25 21
43 165
48 221
43 53
13 85
45 108
16 17

18 254
50 170
11 246
31 55
31 88
40 67
14 222
10 153
50 299
38 173
14 94
47 210
40 219
49 212
36 231
34 112
10 149
16 275
38 237

24 85
19 46
33 207
20 162
34 217
39 126
38 133
46 44
13 245
12 151
40 251
11 229
47 47
11 114
34 221
38 239
49 150
27 74
37 78
28 105
46 260
30 155
35 49
12 171
45 152

15 62
22 290
44 61
37 49
43 135
35 18
42 114
19 137
46 260
18 63
30 190
35 204
47 123
32 146
17 207
38 63

10 296
32 160
35 131
46 200
19 42
10 30
32 102
37 228
42 12
11 272
19 87

16 30
34 288
25 288
41 59
31 257
13 140
32 261
32 20
16 274
10 208
36 120
17 184
22 76
31 158
14 21
32 243
32 179

19 140
18 295
35 201
47 137
22 93
50 110
10 230
42 113
43 227
17 133
31 258
21 113
25 200
31 40
49 69
37 75
19 92
41 221
24 211
48 218

26 70
21 269
31 21
40 116
40 234
30 290
48 289
24 291
34 249
28 209
45 264
24 204
30 109
27 108
33 180
11 253
25 254
46 162
34 177
37 220
24 259
35 242
30 100
29 74
28 176
11 245
46 16

11 119
31 235
31 181
40 202
27 264
45 165
15 69
18 207
37 79
41 128
19 267
12 290

14 279
28 48
23 166
33 235
43 105
15 171
35 245
22 261
36 195
48 84
13 147
17 226
11 87
26 224
38 268

22 251
16 126
30 191
36 100
16 55
31 72
14 290
41 66
20 285
21 27
33 205
17 208
37 180
41 264
31 48
33 193
25 52
47 54
49 138
14 167
38 192
12 164
38 133

23 59
44 118
44 167
29 50
21 20
21 105
46 90
11 84
41 142
39 92
28 297
19 43
32 173
31 74
18 281
31 78
14 179
22 181
37 194
12 259
38 186
20 263
37 175
18 47

26 299
24 218
39 136
30 30
33 27
26 90
12 149
40 184
27 139
29 180
28 300
33 51
17 72
19 249
46 144
28 160
48 178
35 99
42 234
47 80
23 142
35 227
34 295
37 209
24 56
15 270
34 165

11 231
14 149
16 145
26 10
41 269
36 120
19 289
12 28
31 54
17 230
32 178
17 240

14 245
47 23
47 152
17 227
15 279
36 62
43 280
24 83
18 57
23 191
22 296
23 34
42 190
19 289
11 214

22 277
12 154
23 164
41 14
39 47
35 158
20 228
33 86
11 284
10 202
30 270
11 270
29 254
30 164
22 126
46 142
31 68
22 161
25 122
12 54
40 114
14 198
16 76

13 233
34 243
38 233
33 69
14 244
35 186
15 257
32 26
34 27
32 53
22 236
29 114
48 111
44 72

25 120
13 132
23 86
19 237
39 165
26 129
24 125
47 204
11 118
33 298
24 167
39 283
11 187
19 195
25 263
30 54
36 75
39 96
41 35
15 65
17 17
29 128
38 218
27 28
26 54
37 23

19 136
14 104
13 178
18 235
12 84
19 160
48 264
12 112
49 208
49 147
16 171
26 189
35 100
29 103
26 101
16 237
35 44
40 79
19 187
47 179

15 194
18 172
41 294
25 116
47 217
15 81
37 93
31 70
17 273
38 59
37 261
24 296
41 135
21 96
46 243
27 84

14 114
32 122
32 150
50 269
34 43
42 109
18 10
37 105
50 69
12 200
25 56
47 19
13 244
27 64
23 193

27 284
27 291
11 290
42 278
48 272
36 267
42 194
34 202
14 144
48 293
42 10
15 158
26 184
19 219
47 36
28 298
17 78
45 16
47 268
18 40
47 128
16 170
26 248
50 151
16 95
35 263
12 21
33 244

11 204
50 166
28 163
21 80
11 139
50 170
48 229
19 36
22 152
27 138
19 61
39 282

12 293
50 123
48 74
30 64
45 98
11 209
20 297
17 30
43 135
48 289
45 53
28 113
26 83

20 84
19 285
49 141
37 159
50 221
15 131
12 75
41 267
25 187
31 210
49 246
23 169
41 132
18 289
19 91
23 132
23 23
44 16
14 242
12 147
10 202

22 87
16 245
28 95
22 216
41 279
32 70
49 89
37 94
37 39
46 94
20 271
32 258
48 252
11 215
10 297
10 148
10 290
10 107
45 295
16 246
21 286
12 199
14 168

17 11
16 158
30 246
49 120
50 48
11 103
44 12
32 187
28 119
37 30
21 79
35 66
22 209
30 138
25 211
27 242
14 24
11 22

26 151
19 287
24 162
24 119
42 159
24 52
29 89
16 213
33 76
16 115
18 42
29 130
45 152
13 61
25 20
37 208
46 198
17 130
39 48
46 123
19 63
25 97
25 88
42 46
21 224
38 50
29 45

12 67
10 94
44 218
30 164
42 186
19 10
13 135
17 163
12 16
34 295
42 122
13 155
46 217

21 222
33 256
45 67
43 94
37 291
40 182
19 226
35 295
20 219
50 216
40 153
19 210
34 299
44 164
24 64
46 144
12 16
25 246
45 135
42 12
44 79
14 260

17 72
45 175
47 13
49 251
44 39
47 103
43 211
34 227
17 118
10 172
16 275
22 239
47 141
24 206
14 138
50 136
50 17
30 297

12 146
37 278
45 281
41 300
25 217
34 62
42 213
11 247
16 223
23 157
21 60
20 258
31 272

21 33
30 119
29 106
48 62
48 156
45 34
41 140
37 198
49 10
18 270
50 280
40 185
39 216
17 59
41 244
34 11
14 107
13 184
22 42
25 164
14 173
38 28

11 288
45 34
18 66
38 179
45 22
16 138
10 181
41 260
26 33
30 134
11 140
16 52

20 80
16 253
15 229
16 273
48 189
37 296
50 50
33 288
16 43
22 158
16 222
44 219
30 41
24 142
42 132
38 197
43 19
31 117
11 85
24 299
14 147

22 276
11 68
29 103
16 104
15 281
43 53
20 259
40 95
15 43
47 19
32 168
42 109
24 209
47 34
33 148
29 57
18 104
39 221
34 76
28 46
22 212
13 242
19 11

22 289
33 110
27 282
19 78
33 263
42 267
17 23
19 208
39 94
22 48
17 81
47 185
48 203
21 174
47 214
30 169
16 69
50 104
12 59
29 34
37 20
25 289
25 54

22 45
34 239
22 157
42 91
30 46
33 129
20 294
21 52
30 254
21 71
34 122
44 77
23 260
50 107
43 160
26 205
24 155
37 80
29 56
39 19
17 37
41 196
39 33

23 97
13 111
44 235
31 120
27 243
20 51
17 265
45 138
45 78
32 101
37 64
41 236
24 40
42 273
19 25
39 229
19 72
36 142
46 68
12 228
48 99
37 216
20 19
23 198

