87

15 51
40 164
33 14
37 282
48 245
48 125
12 192
24 135
36 144
20 201
26 250
26 286
12 254
36 109
29 117
35 87

14 29
31 202
32 20
20 94
29 128
18 213
17 94
38 219
50 86
20 50
50 121
15 66
24 233
42 227
29 207

17 51
12 26
47 76
42 146
14 256
30 218
42 153
41 21
18 129
21 46
13 34
26 300
35 232
47 207
44 265
14 36
27 183
29 39

20 228
25 297
32 120
40 46
28 209
48 168
21 248
46 81
36 84
38 104
36 248
37 101
35 132
11 277
26 166
50 113
10 291
12 158
37 36
40 287
42 55

14 192
45 68
31 41
30 266
13 131
19 249
12 19
18 103
29 52
47 28
49 297
47 256
29 289
47 247
10 75

16 94
40 50
25 187
12 268
12 29
14 10
36 86
29 266
39 252
22 197
13 81
25 37
18 170
17 96
14 264
20 70
50 141

26 95
28 136
33 216
26 134
28 222
11 124
47 82
44 44
15 116
25 51
11 65
31 174
46 79
19 229
39 156
18 129
16 194
18 278
49 248
20 195
38 78
28 73
10 209
21 161
13 214
36 212
50 31

13 260
21 261
41 99
43 225
39 22
49 56
27 105
49 83
23 63
49 102
25 40
17 117
18 225
33 101

16 169
21 203
40 258
42 92
11 290
31 41
10 198
45 33
28 116
39 105
26 106
48 62
34 239
12 74
36 81
39 139
40 80

29 246
21 195
13 175
34 212
10 73
50 161
25 57
50 249
45 231
40 283
32 231
22 148
26 112
50 261
42 17
11 81
44 45
44 99
21 112
36 271
43 139
16 293
37 23
11 127
25 216
33 57
44 148
37 300
33 298
32 283

17 10
39 248
18 113
28 175
19 112
11 90
27 290
44 32
42 229
20 143
43 122
13 195
42 298
25 260
14 233
24 89
43 263
14 36

13 22
13 163
41 212
47 175
11 250
48 267
46 54
21 191
24 219
32 256
23 47
23 153
50 265
41 12

30 205
29 231
31 249
36 296
17 182
45 267
42 140
38 165
17 214
29 273
49 234
28 15
22 283
32 128
33 62
21 40
36 247
45 139
36 103
16 105
22 275
20 178
36 195
41 182
11 269
16 281
48 135
14 197
47 265
17 221
21 64

19 164
36 113
50 20
43 78
40 105
11 279
28 91
26 246
23 98
24 131
34 86
42 196
13 248
10 171
21 252
22 102
14 283
23 187
50 276
14 195

18 49
29 176
34 82
45 66
41 52
24 214
44 33
47 263
39 298
36 227
50 149
28 36
25 167
33 27
47 140
38 135
29 251
13 169
50 51

29 281
22 58
13 89
16 183
38 147
12 122
29 83
27 275
33 100
13 181
31 238
48 17
30 92
30 93
27 161
49 21
24 76
42 79
23 58
39 175
44 234
45 16
36 172
25 163
11 150
18 247
26 184
32 193
10 226
44 80

25 99
26 130
34 291
37 247
40 177
45 243
40 48
20 60
26 22
19 141
50 181
16 176
26 34
17 210
49 296
48 104
23 95
45 64
44 189
19 146
21 246
48 50
16 152
39 137
45 106
39 39

19 66
11 271
31 221
43 167
33 119
13 54
11 129
32 48
43 79
50 266
49 263
12 69
13 205
44 167
34 221
35 156
34 98
38 295
25 163
14 136

16 135
28 12
24 216
47 119
18 262
38 96
24 121
44 32
41 106
18 207
11 94
23 202
46 149
28 50
48 265
15 129
45 207

21 217
38 268
38 79
48 11
35 150
40 78
31 185
49 249
48 107
50 27
35 67
17 66
42 106
19 55
36 168
13 90
49 154
26 122
20 17
25 81
23 155
44 230

25 269
38 54
36 21
20 260
44 157
13 139
35 13
28 84
38 225
16 181
34 32
18 35
43 43
23 29
37 140
17 25
43 49
39 241
39 145
34 286
28 52
22 126
36 99
17 27
35 29
32 40

10 154
28 273
48 238
11 295
50 48
37 135
12 241
24 34
38 223
41 282
11 55

30 92
32 162
18 215
37 207
28 150
34 245
47 48
36 102
19 238
21 83
39 72
25 290
32 121
28 28
36 243
19 16
45 180
17 93
39 42
32 73
22 169
15 235
35 126
50 145
39 47
34 71
41 111
44 251
31 216
15 182
49 92

16 112
10 81
47 206
25 10
30 131
40 150
19 290
19 255
19 213
49 160
33 163
15 89
15 23
18 177
22 13
36 163
34 244

28 292
33 21
29 41
49 56
13 57
20 279
19 15
22 129
30 175
29 198
25 57
13 281
33 299
20 84
20 72
12 69
29 280
39 194
30 103
41 261
30 272
24 198
26 124
39 291
31 202
29 34
27 135
17 265
46 283

17 149
12 29
17 176
22 32
36 256
15 250
49 193
38 263
34 27
32 28
13 52
36 159
38 90
20 158
13 34
13 169
14 282
24 83

13 196
44 249
35 90
39 51
48 299
26 105
32 247
34 49
14 248
41 39
23 131
39 30
34 203
49 12

30 223
42 235
32 46
27 128
44 78
25 130
49 246
16 213
31 37
37 289
41 58
32 127
49 269
25 156
40 11
26 89
44 237
24 193
28 293
44 292
42 136
40 137
28 146
33 242
49 39
20 13
30 103
21 64
31 66
12 296
48 131

27 47
12 186
50 133
45 210
31 105
47 115
14 85
10 50
12 65
47 21
10 116
46 21
16 60
30 19
35 257
31 16
48 263
38 26
23 196
30 162
36 219
21 54
23 14
18 297
10 83
37 231
42 158
47 78

22 22
28 43
30 253
28 58
37 150
31 101
26 233
37 237
47 51
11 32
23 187
17 11
33 54
49 291
18 234
43 167
32 235
35 251
20 189
21 110
49 277
27 186
48 95

29 195
19 242
15 169
33 284
16 251
16 260
30 268
30 169
33 55
13 122
35 164
39 161
46 48
44 130
40 12
24 113
11 134
13 279
34 279
44 40
39 198
38 230
39 126
33 68
29 138
31 31
13 245
24 152
12 37
20 94

30 180
49 66
35 122
22 113
47 161
19 29
31 179
15 33
37 264
33 260
28 14
31 273
38 99
23 67
12 51
49 10
22 296
45 269
50 90
15 213
49 85
46 139
42 197
11 186
21 39
26 76
20 47
38 182
37 290
21 19
28 241

10 136
47 90
17 125
27 130
13 287
31 244
13 62
26 106
34 272
38 79
10 192

10 70
25 221
23 169
21 56
16 86
47 243
18 284
24 93
44 110
35 77
44 212

23 291
47 153
24 290
31 157
28 175
44 103
18 267
18 56
48 119
17 164
45 138
28 120
40 208
10 255
38 143
30 38
17 144
34 251
24 300
17 198
30 230
47 35
48 278
46 83

19 262
21 178
26 30
41 288
17 163
30 299
44 242
28 82
50 136
32 83
34 114
32 136
49 281
36 157
27 46
45 206
47 159
12 170
46 221
35 247

25 42
23 239
41 197
16 21
15 299
22 147
43 96
37 62
36 231
27 263
12 275
21 272
21 297
16 137
11 226
33 33
16 256
27 77
25 238
44 62
43 33
47 66
36 65
18 112
44 282
41 63

23 298
26 141
29 24
32 84
46 89
47 43
30 210
44 300
32 245
26 65
16 279
26 177
22 162
40 163
26 192
23 148
45 22
37 108
32 49
14 221
42 125
42 83
28 211
25 120

14 57
28 246
37 69
50 115
48 248
21 238
47 271
37 232
26 166
15 106
11 248
36 24
24 57
29 14
10 274

21 213
47 33
23 93
12 64
32 61
31 288
49 101
41 214
34 158
35 50
32 146
23 84
29 106
15 21
24 76
44 149
34 34
50 138
50 188
20 57
17 33
44 216

18 72
43 214
30 13
48 161
30 267
20 181
38 73
12 72
48 290
41 215
46 141
12 195
49 193
26 257
42 215
40 184
20 82
18 39
36 50

13 283
27 218
37 38
18 33
13 205
13 266
11 288
15 253
14 174
14 130
27 167
41 17
41 24
20 284

15 179
41 280
29 164
11 34
11 32
21 254
14 100
12 59
12 217
37 168
30 235
13 218
10 161
25 227
39 129
27 179

19 278
10 281
39 182
41 186
25 300
34 183
32 42
30 39
31 223
31 143
32 299
14 133
19 48
15 75
49 26
48 93
21 32
32 196
37 200
50 96

18 130
17 73
34 251
43 148
19 214
35 142
17 17
19 223
31 71
24 157
50 81
41 24
22 112
48 139
12 60
11 23
24 266
29 112
25 172

11 218
30 65
28 28
25 270
35 258
50 293
47 99
18 234
35 177
40 24
41 267
31 299

17 173
21 59
28 260
35 119
32 119
39 14
41 223
43 99
43 262
19 278
34 91
22 146
41 58
46 189
39 205
31 268
13 217
38 109

28 270
28 264
50 149
38 119
33 235
44 256
12 119
33 76
11 27
20 16
14 136
46 51
26 84
17 124
21 40
37 71
44 82
45 94
32 238
35 101
42 35
43 209
48 232
31 71
26 108
45 69
29 139
37 261
44 24

17 283
24 203
41 104
27 130
40 71
27 76
12 29
40 216
10 215
37 12
14 109
30 293
33 80
29 46
19 83
18 237
44 113
24 246

15 98
29 237
11 100
27 26
32 141
26 81
46 200
35 299
11 239
50 177
13 35
41 242
19 36
44 229
34 50
29 297

13 139
15 164
27 148
17 241
17 46
26 57
37 80
49 293
23 63
42 123
15 263
40 112
24 39
26 83

15 261
49 141
48 132
40 277
43 70
33 46
10 74
29 235
29 252
40 289
12 88
14 164
37 296
38 192
45 284
18 264

14 210
46 185
26 42
45 185
45 141
16 51
49 130
23 209
39 263
24 98
38 57
13 160
41 102
10 38
30 276

24 31
33 75
26 188
12 186
42 37
27 237
14 49
40 272
43 17
29 188
38 257
20 284
20 55
37 108
23 262
26 67
35 152
26 212
22 91
18 191
20 64
44 22
23 221
48 179
44 295

21 195
23 160
16 222
12 116
17 150
29 275
49 300
23 300
25 25
39 183
13 126
31 246
34 179
18 174
21 33
48 141
23 171
19 132
35 238
48 276
36 145
47 185

18 283
46 118
41 164
34 211
19 71
29 171
44 16
48 21
15 173
23 222
28 220
16 47
23 114
20 127
40 266
43 63
22 144
41 66
28 106

14 113
26 105
36 297
49 209
50 106
36 295
38 294
37 42
18 227
22 12
41 33
18 280
39 281
18 291
32 12

22 254
46 96
49 266
31 161
40 214
12 267
13 174
45 106
17 225
11 211
32 267
42 59
27 19
45 257
50 279
33 166
14 191
14 213
14 273
42 106
44 156
31 73
27 15

22 175
40 216
28 243
12 38
11 232
49 50
29 258
21 247
36 199
32 99
43 209
26 298
50 180
21 175
12 14
25 177
46 206
38 272
33 163
15 85
50 181
50 19
35 84

16 150
20 291
19 234
12 48
23 264
18 39
11 260
36 201
39 226
45 199
21 63
32 177
43 196
20 21
21 208
29 51
37 81

16 292
11 70
42 188
33 87
18 214
25 104
34 77
45 98
38 280
44 275
14 223
10 182
16 250
23 69
30 99
47 159
42 220

19 121
35 57
21 214
40 69
43 218
34 41
31 113
25 99
49 75
28 272
27 104
19 56
14 188
23 181
29 105
50 298
33 100
44 191
38 181
19 24

15 274
35 149
36 282
17 225
16 248
14 92
12 184
49 277
27 233
12 24
26 163
29 200
49 18
25 140
26 275
22 37

23 33
22 116
30 257
17 80
19 114
33 27
17 98
10 60
30 76
44 197
23 159
39 27
49 125
43 275
42 88
27 297
14 37
25 285
26 206
42 91
14 120
23 48
23 157
45 30

26 200
39 20
24 161
25 80
19 66
18 181
17 90
43 231
12 158
48 175
43 297
36 162
36 221
30 204
22 99
38 113
25 194
18 157
17 237
12 260
46 241
47 85
35 258
45 91
26 253
37 48
46 294

18 218
12 213
41 239
32 237
25 184
47 227
33 134
21 114
19 264
13 285
37 288
50 80
34 124
44 240
16 137
20 147
17 247
12 121
49 156

25 173
21 32
12 82
40 110
31 64
13 277
45 225
32 280
50 187
23 243
42 277
10 96
11 86
38 85
50 246
15 266
18 259
11 41
11 280
38 271
32 175
16 120
36 87
34 67
29 242
44 42

30 100
34 214
21 242
10 192
47 55
31 203
40 225
17 297
26 92
18 187
10 225
47 206
43 74
22 21
21 190
43 83
25 51
33 299
11 192
28 264
44 95
44 140
42 106
42 252
41 24
18 219
28 190
32 107
34 181
19 123
15 287

14 138
39 81
38 226
20 142
16 186
44 69
39 94
47 230
14 169
35 122
47 155
25 10
16 256
11 111
25 98

12 19
38 166
12 240
49 50
21 115
25 104
18 29
31 232
16 209
28 73
32 46
46 165
25 131

15 244
17 10
45 144
17 208
14 293
20 276
43 289
28 113
50 150
40 65
14 92
26 135
47 124
34 99
43 78
14 213

10 127
48 61
23 282
22 21
12 15
45 240
14 238
41 53
44 160
11 190
31 281

26 172
48 230
44 47
15 146
14 132
39 56
25 142
13 137
41 182
39 15
47 87
30 215
42 44
44 146
25 57
36 186
18 79
45 229
41 134
16 39
14 289
13 81
10 62
19 120
43 141
13 55
44 183

18 32
26 232
28 252
41 243
16 164
18 155
25 136
37 222
37 172
15 76
29 191
20 299
25 110
10 125
11 230
48 257
43 73
48 276
33 60

10 110
16 222
47 119
29 86
32 232
12 172
38 40
15 292
21 157
47 245
46 93

24 29
46 216
10 114
13 194
38 71
35 276
11 161
31 287
48 47
36 166
24 137
29 168
35 96
39 96
47 64
39 213
48 144
10 158
14 147
38 232
10 58
14 248
14 253
44 34
31 128

10 152
38 228
31 32
37 76
46 75
33 51
21 258
48 50
18 181
17 18
25 46

17 128
13 272
23 116
41 74
27 89
20 26
11 136
21 168
35 29
10 115
11 249
19 94
29 111
13 134
48 282
35 14
23 219
34 188

25 218
32 153
35 69
26 203
41 98
28 62
48 91
17 233
25 235
38 262
15 206
25 293
38 173
44 185
27 193
14 260
28 197
13 25
45 42
20 192
32 51
33 156
13 204
18 86
44 171
31 213

12 200
18 80
19 223
24 205
12 248
47 106
38 125
47 179
27 65
45 117
39 247
49 73
20 275

18 149
49 122
25 137
37 240
12 213
22 270
23 97
11 138
17 35
48 109
33 156
29 287
41 121
38 116
42 196
11 116
39 260
42 204
15 289

15 244
43 296
12 242
17 143
33 33
22 269
49 123
46 193
15 74
45 132
28 71
24 206
10 144
46 42
27 14
28 117

28 46
13 108
30 26
17 155
50 197
18 17
49 175
24 17
11 274
31 144
31 93
11 115
46 258
43 74
26 168
39 51
48 289
25 221
47 268
32 13
13 66
19 78
30 177
38 79
37 219
42 278
32 126
15 37
50 166

20 54
31 162
48 49
27 169
26 65
49 33
38 112
23 78
46 65
24 90
10 130
49 127
30 81
16 127
12 187
15 68
43 54
47 37
25 121
43 214
49 253

26 297
38 113
43 141
17 131
31 99
23 135
17 39
49 194
35 204
12 254
47 196
11 184
46 277
34 174
42 36
25 285
11 158
35 66
43 132
29 206
42 209
40 230
22 73
29 105
42 169
27 38
50 177

12 28
39 205
12 103
28 83
46 250
43 83
25 155
13 113
14 275
32 49
30 86
13 272
23 192

16 69
28 160
30 158
36 23
45 180
32 53
18 124
20 268
29 150
15 266
18 191
43 154
43 110
27 192
18 54
19 121
26 138

