69

18 257
42 57
44 156
20 71
11 19
40 170
39 276
43 76
28 27
38 242
35 260
23 127
33 243
29 228
29 63
25 75
48 289
39 287
37 220

25 113
32 206
44 152
10 147
39 267
13 179
44 110
22 131
48 51
47 35
30 112
33 18
48 170
36 32
50 21
25 119
33 64
28 299
48 266
13 261
14 84
50 257
39 231
18 223
29 153
41 172

25 236
47 27
48 101
41 282
44 120
23 247
10 91
20 183
15 120
37 64
24 259
41 224
41 109
17 54
31 216
18 48
42 242
17 162
25 85
10 115
23 151
32 34
12 193
16 54
10 220
31 287

16 53
27 288
37 288
21 83
30 176
37 293
42 226
15 51
33 47
32 207
26 11
45 252
29 280
23 49
21 12
10 275
36 138

22 64
48 294
14 187
18 166
40 119
31 165
32 27
16 279
22 260
47 23
31 14
22 211
33 246
12 211
27 115
35 64
36 43
37 249
29 160
45 168
50 128
48 105
17 105

25 254
33 261
43 108
24 233
40 182
15 50
31 138
27 123
29 270
39 147
15 76
38 149
14 43
50 49
40 67
24 267
30 164
48 248
12 169
35 290
19 213
12 12
34 62
24 11
32 90
25 250

18 189
25 238
37 299
49 252
23 45
30 145
14 138
39 217
18 41
41 176
33 200
17 246
44 24
30 282
13 35
28 118
26 238
11 217
32 93

13 73
29 263
19 299
18 82
49 167
10 38
48 89
22 160
44 205
12 140
31 86
32 157
29 163
26 53

11 176
18 15
35 178
28 278
46 203
33 77
42 52
45 176
35 200
44 23
48 53
43 213

18 85
14 103
22 113
13 120
17 229
23 109
25 81
33 126
35 17
19 67
35 300
36 206
42 227
17 21
43 74
26 173
47 254
37 266
32 200

25 214
49 207
19 186
34 254
10 121
38 130
15 106
50 67
34 180
31 254
31 237
37 118
16 50
31 192
42 255
45 56
30 145
22 244
25 139
13 189
28 36
44 88
42 114
17 294
12 63
35 269

11 162
50 281
27 49
33 97
22 16
31 34
21 67
45 85
29 276
41 68
21 55
33 193

14 276
18 29
40 105
42 120
40 137
40 37
15 173
24 121
44 107
20 198
37 274
28 215
21 253
35 163
30 28

21 153
38 44
18 292
29 262
45 113
20 66
12 216
48 89
17 185
13 55
44 82
46 255
36 230
15 256
25 118
15 20
14 253
30 263
33 290
25 215
38 42
45 149

28 28
37 159
22 224
33 16
35 174
15 205
33 220
33 122
26 48
35 172
45 66
32 39
37 23
32 102
22 205
29 107
28 201
49 147
13 104
28 165
40 268
49 95
24 43
22 54
37 187
44 58
32 74
36 243
11 255

26 54
27 282
11 40
24 10
45 235
43 24
24 30
38 210
45 97
34 219
43 127
12 126
25 281
45 162
17 20
27 73
16 97
19 298
50 83
33 276
46 256
45 151
15 115
28 102
19 251
18 59
49 118

29 30
20 149
24 238
12 31
45 281
17 165
42 284
45 88
12 35
18 243
37 213
12 198
34 250
44 88
43 119
34 297
27 82
47 164
29 182
45 24
50 128
14 262
40 154
20 272
11 245
30 16
28 273
30 81
20 86
11 52

29 294
37 99
26 190
44 159
49 20
38 89
47 205
34 54
16 123
22 168
30 93
36 183
19 223
16 290
28 227
24 237
18 221
34 173
25 150
43 204
12 270
32 104
21 196
30 115
49 17
47 104
13 43
13 91
29 81
18 230

23 139
38 103
25 114
22 225
22 136
45 35
24 298
40 55
12 282
38 274
14 110
50 72
36 254
15 117
38 17
37 254
11 64
43 213
23 41
29 229
32 249
31 152
45 218
29 171

19 83
37 82
32 200
22 42
49 142
44 143
34 30
26 125
32 126
39 198
21 258
40 177
17 96
31 50
42 146
16 154
39 97
13 54
34 95
30 51

16 238
18 127
33 136
11 12
13 291
43 65
33 90
38 290
11 166
20 166
42 37
34 238
28 84
49 174
25 12
40 163
47 76

21 14
24 74
16 108
27 233
30 165
19 121
17 188
17 258
49 248
44 67
42 238
40 221
20 224
43 217
40 191
10 240
27 157
12 255
26 281
40 263
10 26
22 110

18 222
49 226
46 129
16 92
31 142
49 290
11 153
36 117
36 212
40 100
11 143
19 199
24 263
31 282
42 185
23 63
40 195
30 23
50 45

10 251
18 261
11 202
22 114
30 146
20 96
50 179
23 300
11 119
46 108
31 277

10 195
19 196
17 281
16 24
41 209
38 149
22 291
28 217
45 90
33 241
37 130

12 36
27 258
12 79
23 22
42 141
17 184
17 65
18 26
13 129
36 283
16 146
22 74
10 133

27 179
42 281
26 213
31 234
14 178
41 147
27 248
44 73
48 253
31 210
37 95
26 135
11 71
12 156
46 69
25 187
25 253
50 281
10 92
25 163
45 29
30 236
40 283
49 258
44 67
37 64
26 88
47 180

21 206
10 201
14 298
43 171
18 20
34 295
49 68
46 214
29 154
16 81
44 80
26 25
21 74
30 188
15 125
29 68
15 58
43 121
21 77
42 28
30 128
43 274

25 141
42 40
40 177
46 275
44 113
18 281
50 298
32 103
20 34
24 140
11 101
44 260
17 253
25 151
48 118
37 282
23 152
41 95
38 16
37 252
50 127
43 148
48 264
33 91
35 120
21 56

22 269
22 100
26 279
16 184
34 109
36 179
48 290
38 269
24 102
34 207
31 37
17 231
48 169
32 258
19 46
33 235
15 194
29 89
16 121
46 177
19 141
10 241
39 102

11 253
33 34
32 87
17 25
39 36
39 129
21 46
38 116
15 83
44 283
37 109
45 132

15 151
31 133
13 206
32 288
11 94
31 59
23 77
31 97
42 73
50 41
40 209
10 240
36 95
23 270
30 219
12 169

27 290
35 259
37 178
18 288
18 152
20 128
42 83
39 267
20 57
22 11
48 236
45 204
39 274
23 74
24 83
16 95
19 119
35 166
23 37
13 102
47 241
38 282
46 151
32 42
33 217
30 297
35 108
28 15

22 107
50 84
30 258
44 37
18 273
42 151
24 221
49 176
15 117
16 143
26 115
10 27
18 215
16 278
45 63
17 131
31 246
26 270
37 172
45 294
36 102
14 296
40 231

20 75
40 299
24 159
46 179
15 254
16 229
15 192
29 281
31 147
45 55
47 70
23 20
49 235
39 19
40 84
20 97
18 211
19 143
15 48
44 49
20 64

10 182
19 140
45 224
40 220
17 167
33 90
48 46
24 276
12 116
33 205
47 229

23 24
38 12
17 139
41 188
23 17
48 71
15 261
32 37
48 200
31 45
38 28
23 286
37 188
16 296
37 196
48 33
24 187
47 226
49 81
42 16
40 27
16 114
33 231
14 104

16 20
16 261
27 61
31 217
28 143
36 21
21 174
48 16
26 50
20 103
40 59
17 126
27 286
23 102
16 22
32 226
23 83

23 265
29 266
25 227
50 282
23 135
29 21
13 147
22 106
35 24
42 63
27 48
38 93
33 269
41 168
39 17
42 133
22 197
14 146
13 97
17 113
22 289
40 161
37 294
40 170

13 121
13 99
21 20
41 94
28 158
15 273
44 23
30 172
37 92
35 78
48 121
41 288
28 99
37 42

14 70
36 252
26 281
33 293
36 29
41 231
32 188
44 262
25 24
15 159
49 212
13 71
44 47
47 72
36 57

26 134
22 229
49 271
35 102
24 101
49 237
30 179
23 12
27 93
33 22
20 253
43 216
46 55
46 148
18 118
21 250
19 241
23 169
17 114
45 76
48 270
42 240
46 88
43 209
27 288
45 107
18 99

26 188
13 33
15 38
49 213
33 136
36 226
47 255
26 223
15 261
36 11
32 190
34 299
42 192
26 33
40 258
37 279
10 93
42 100
29 149
34 240
23 132
49 115
25 256
18 190
10 108
48 220
26 152

12 50
49 271
27 107
19 155
13 122
24 186
19 156
22 99
30 136
27 128
26 90
36 53
20 23

20 49
49 192
47 97
24 221
26 112
18 293
37 279
30 169
26 298
37 226
11 105
19 186
22 269
35 267
33 25
37 24
13 300
27 93
33 13
39 88
32 135

18 219
28 86
23 40
47 299
31 171
23 283
37 237
41 190
46 261
44 230
28 178
25 13
41 269
29 194
30 300
17 129
15 135
19 132
16 80

21 31
24 76
16 96
50 96
20 14
26 290
10 46
11 108
34 67
50 249
42 90
47 153
17 289
10 146
26 222
39 279
30 162
35 82
41 190
25 233
16 111
34 285

18 45
46 210
13 211
41 132
46 275
32 280
50 101
43 183
49 235
17 188
39 127
33 219
49 167
46 244
26 126
48 238
30 82
28 121
22 275

22 27
15 72
20 253
39 61
43 225
15 91
38 114
24 257
23 31
11 222
49 117
49 40
15 198
50 198
49 264
12 148
49 69
39 42
11 296
32 273
49 274
21 110
17 255

12 287
40 213
21 144
33 298
46 244
15 69
24 277
45 54
19 176
39 27
14 24
14 193
43 184

26 115
19 147
42 292
15 270
18 244
11 188
33 270
32 292
50 274
23 262
22 290
18 231
14 278
25 236
45 196
44 274
35 291
23 87
29 119
39 150
45 19
24 64
18 102
17 269
45 265
45 276
31 227

19 107
14 31
41 248
46 190
34 283
24 192
48 282
46 98
48 207
10 265
23 111
25 175
26 155
48 28
29 73
49 274
25 229
10 124
18 229
23 97

25 255
49 182
49 80
38 205
49 215
20 234
21 69
21 75
40 82
47 254
27 20
42 282
14 286
30 37
25 121
29 145
44 289
50 33
14 273
11 180
38 174
32 130
22 148
24 289
11 187
20 44

10 52
25 170
15 39
50 18
30 300
12 271
29 141
19 244
37 162
15 102
11 186

11 299
43 26
44 44
27 185
38 299
20 72
40 247
39 99
34 169
13 98
48 255
36 75

27 228
29 273
33 292
26 119
18 81
36 129
20 274
23 140
25 199
34 69
47 30
42 217
27 35
28 115
14 177
26 21
31 69
38 208
37 237
15 30
46 223
37 118
43 126
34 118
30 119
11 92
16 210
31 253

22 108
32 167
16 246
14 110
48 94
36 81
21 32
49 29
18 286
14 154
30 233
37 142
45 84
48 211
46 240
48 47
18 185
25 272
11 101
29 271
40 158
21 273
23 248

28 47
21 254
32 203
39 165
10 79
14 164
35 87
36 185
48 211
47 48
12 135
30 293
14 273
47 132
17 265
36 277
39 56
43 122
29 265
41 102
37 270
42 26
42 213
45 212
24 137
39 133
20 182
43 250
46 162

25 114
31 174
28 113
49 298
15 132
25 112
39 243
29 175
40 262
23 10
34 101
31 281
49 95
40 239
40 133
26 78
30 165
31 283
16 282
17 148
47 196
32 235
27 296
47 210
26 252
29 187

20 149
10 155
18 38
15 263
12 221
31 203
31 236
42 68
47 123
45 133
19 52
50 262
30 240
40 118
36 13
17 67
12 112
20 194
42 14
40 155
39 156

28 95
49 140
37 135
48 261
34 182
38 125
37 87
45 118
42 84
18 232
31 256
38 117
12 108
30 39
47 145
42 205
34 270
48 153
33 283
27 258
42 181
21 136
42 251
41 71
39 254
20 49
23 267
12 257
43 83

20 15
37 114
17 188
31 267
23 146
25 92
43 33
16 115
17 296
42 34
13 247
17 88
50 230
20 123
28 97
25 241
35 152
20 225
27 130
28 278
36 208

24 177
50 73
26 44
24 214
45 98
30 293
49 70
28 50
30 269
44 106
42 250
13 205
32 44
29 51
41 12
38 82
46 295
20 278
26 231
31 276
46 165
49 216
43 199
39 238
14 31

23 294
17 136
15 296
36 191
23 80
48 132
44 132
37 90
16 133
40 282
48 154
15 80
15 191
17 240
49 89
18 253
10 140
28 94
19 209
18 63
20 172
10 92
46 110
44 20

10 92
15 203
31 162
24 286
28 260
43 263
37 19
45 239
34 218
43 255
28 169

24 190
21 113
29 227
12 24
28 191
28 178
40 134
14 123
47 61
11 109
16 39
48 194
48 69
26 115
16 85
40 209
22 276
14 138
48 122
49 184
30 139
33 110
43 190
45 100
44 150

19 252
30 166
30 166
21 202
36 175
31 186
28 55
22 17
24 255
15 94
26 238
49 16
13 131
48 126
50 270
19 106
19 151
20 51
25 84
47 123

10 263
15 211
41 275
33 58
31 94
36 22
19 249
35 295
38 83
17 157
29 80

18 63
27 62
50 25
13 254
42 256
30 20
21 125
16 235
39 42
16 126
23 76
20 279
21 298
41 187
38 268
45 233
20 280
30 217
13 87

