96

25 269
10 295
23 204
49 102
37 82
10 138
41 138
36 40
31 180
29 253
21 240
36 230
11 157
18 84
37 277
10 126
46 35
32 240
13 15
23 35
20 274
24 211
37 132
23 139
41 236
12 227

28 56
32 292
31 137
37 174
26 150
46 121
45 176
14 103
28 150
27 188
41 268
11 120
17 52
30 77
33 292
30 120
31 292
10 169
45 174
24 130
12 75
48 63
50 145
36 215
43 135
36 25
43 101
28 203
24 174

10 207
25 82
13 208
22 69
15 148
40 54
39 134
41 208
50 37
32 27
28 106

14 202
14 49
34 97
45 242
30 131
37 179
17 102
10 202
37 13
14 104
26 188
33 47
39 126
41 19
50 37

24 91
30 87
28 234
10 185
33 155
27 49
15 209
30 202
45 145
38 216
50 186
26 118
34 168
11 81
17 28
49 234
43 184
13 57
45 41
31 200
16 201
49 173
35 102
35 134
47 240

26 84
30 259
15 216
12 145
15 267
23 116
36 115
15 87
19 258
46 292
35 229
14 200
49 43
27 27
25 179
17 115
46 274
10 177
33 167
13 216
12 280
10 289
28 27
12 143
14 282
30 44
43 242

20 239
27 140
22 199
47 88
29 121
26 94
33 299
22 51
25 71
40 52
39 267
16 283
31 108
23 237
22 170
27 161
33 263
20 146
48 73
24 155
21 64

11 200
45 198
16 88
24 87
15 164
19 211
14 117
12 188
30 80
14 100
35 138
47 47

10 240
21 209
31 184
43 17
41 146
16 52
49 188
25 194
10 57
41 284
45 93

30 70
24 274
48 292
32 135
11 209
17 259
21 142
22 106
40 271
50 279
48 267
48 273
46 22
27 150
34 212
40 191
47 256
49 199
34 57
33 134
27 11
46 34
31 228
28 155
17 268
19 140
26 119
18 279
18 211
46 128
36 31

11 169
30 235
45 191
14 199
14 43
22 77
18 12
10 43
10 60
17 232
47 125
50 255

22 29
19 36
45 99
11 49
22 100
46 79
29 133
18 275
36 205
50 258
46 175
43 71
44 37
29 32
46 234
12 117
24 191
26 190
11 296
30 288
47 24
37 160
35 92

23 79
45 278
35 167
50 251
34 224
26 247
36 202
36 171
30 47
18 234
15 84
12 243
23 170
28 121
50 173
39 117
34 66
14 85
47 127
37 129
33 20
12 170
50 94
15 62

26 258
21 264
33 82
25 46
23 113
39 265
30 154
42 284
43 237
11 79
12 103
43 87
44 99
32 196
42 116
22 28
49 72
35 13
50 45
43 232
34 206
44 169
49 73
35 46
42 180
23 48
25 39

23 204
22 246
29 297
47 138
36 142
24 257
18 25
25 33
26 140
30 199
20 80
46 234
10 150
28 286
41 264
19 149
47 66
27 123
46 178
43 223
42 237
18 47
20 263
19 142

18 218
39 157
41 280
38 242
26 248
39 220
49 283
50 155
37 23
48 193
30 216
22 237
38 210
14 24
29 129
38 118
32 230
41 125
49 147

25 122
25 197
22 257
30 235
30 283
11 71
25 189
12 71
35 114
11 187
29 232
39 175
10 223
24 142
21 245
26 187
36 97
32 26
18 61
45 114
10 218
38 296
25 28
23 217
26 211
30 137

13 205
12 174
10 248
39 222
24 162
45 104
32 63
12 222
16 198
40 32
19 161
41 195
36 93
28 50

13 72
42 298
21 116
46 127
34 54
41 19
19 242
35 118
40 38
47 107
27 95
18 174
30 221
29 282

26 300
27 116
46 215
10 110
40 247
30 215
13 300
20 259
39 61
40 188
18 11
15 159
42 48
43 49
16 77
22 246
48 255
16 278
35 98
14 272
10 94
24 30
43 57
13 183
44 293
35 123
29 207

19 93
18 52
46 136
31 187
18 217
44 281
14 88
20 252
32 74
32 273
23 284
42 296
15 47
13 37
44 41
46 237
48 229
24 288
11 58
17 64

11 170
12 157
33 122
44 211
50 171
50 240
35 279
18 209
37 141
11 96
18 215
18 145

16 292
41 152
15 27
29 168
48 33
26 38
31 260
14 32
48 128
26 145
16 211
42 181
35 82
37 182
13 57
36 71
26 93

15 268
46 184
39 99
47 75
17 250
19 83
10 250
21 24
23 243
21 164
47 133
22 12
16 84
43 203
37 54
49 15

29 262
23 222
30 194
20 285
19 135
31 184
22 207
23 141
50 101
36 286
33 121
40 65
23 169
46 289
36 91
26 113
33 58
23 202
43 287
40 56
38 287
26 83
49 193
49 173
25 108
32 35
26 289
29 68
41 266
42 231

29 43
22 91
21 50
15 239
17 132
33 26
50 101
39 217
34 226
26 134
22 74
34 74
49 215
38 157
46 200
26 173
10 11
26 282
33 66
49 203
27 105
36 14
24 280
30 212
38 261
40 234
31 15
16 82
28 36
34 235

21 119
29 126
18 75
49 293
25 274
16 194
43 188
24 82
29 298
26 15
19 257
32 190
31 172
11 225
11 187
17 179
26 142
30 12
45 62
23 195
47 198
16 225

25 194
50 163
37 208
50 130
14 240
43 14
17 174
16 197
44 74
29 176
35 260
29 162
12 225
14 86
41 187
31 147
47 116
29 141
47 43
44 249
38 170
24 182
28 192
24 278
19 57
48 280

29 30
20 246
38 283
48 233
13 234
37 93
24 32
18 58
36 296
18 290
31 15
24 251
26 196
46 27
47 197
16 66
10 260
23 213
47 96
31 283
27 246
47 244
43 174
46 124
16 161
14 258
32 81
37 161
21 239
32 28

15 161
42 185
18 58
27 43
11 276
47 79
10 130
35 55
45 118
11 180
14 270
37 205
21 251
14 71
20 38
28 197

13 201
12 12
16 50
33 72
45 271
37 190
21 69
39 176
29 53
23 155
23 142
42 237
19 292
11 295

13 278
13 212
45 157
37 288
46 82
46 221
33 296
43 32
22 180
15 71
19 237
18 228
33 248
28 214

16 110
24 277
44 296
27 48
44 76
14 250
14 74
42 231
27 60
47 139
19 242
16 152
26 114
28 59
46 104
32 264
37 274

22 17
25 32
46 54
35 12
39 109
24 108
10 251
29 77
13 291
10 133
33 104
47 73
21 68
14 119
34 39
24 93
24 68
39 32
26 99
23 84
26 42
35 113
42 131

26 39
45 49
34 254
19 264
48 25
15 131
21 112
14 211
31 196
40 45
33 201
10 177
35 125
38 279
45 61
37 134
39 48
11 299
16 299
47 222
12 104
37 107
12 141
45 24
38 238
13 275
31 87

22 259
22 280
41 287
21 279
32 114
28 57
28 274
14 231
35 105
36 212
19 132
22 200
44 60
27 239
28 41
36 202
21 238
13 28
23 219
22 148
34 101
39 266
45 233

20 22
11 209
32 45
45 257
11 195
35 165
48 103
11 236
14 157
12 234
40 165
22 129
14 62
15 287
41 10
37 256
46 252
30 56
21 189
15 262
36 38

27 164
21 78
42 184
29 135
44 300
13 244
35 272
50 236
36 13
31 20
14 97
35 169
43 209
33 224
35 252
45 50
32 119
24 289
15 100
12 67
16 137
42 240
30 80
22 52
21 223
36 280
10 19
20 267

13 166
21 130
29 65
47 268
18 174
40 244
49 153
17 104
47 254
23 131
29 236
13 62
21 43
19 193

28 12
31 32
25 199
10 203
20 266
26 52
31 64
48 210
42 286
27 206
29 115
40 174
48 264
10 151
18 129
11 258
41 75
12 296
35 265
46 53
16 129
23 152
25 87
21 188
30 180
17 69
48 213
48 179
42 114

11 105
49 156
39 100
37 134
47 116
26 40
26 291
13 209
42 156
41 66
32 259
16 273

18 255
22 202
23 265
17 103
16 80
22 130
30 146
24 30
13 66
12 89
23 230
48 205
25 266
43 59
33 20
24 196
32 160
44 60
43 77

30 272
35 177
28 138
41 148
36 16
23 254
11 27
16 191
42 201
34 42
15 83
27 284
35 291
20 49
28 114
13 143
26 277
31 195
30 220
39 124
36 144
34 207
37 215
32 20
21 28
29 267
35 197
47 204
41 264
16 263
46 202

27 38
20 185
22 299
15 215
18 49
47 90
22 47
16 112
49 193
21 37
20 94
24 104
38 235
20 201
33 133
21 246
28 277
30 160
43 45
18 279
12 75
13 166
45 178
38 124
18 299
39 83
25 293
48 61

17 142
36 226
20 282
31 138
48 26
41 234
21 256
18 57
49 251
12 285
30 101
26 119
16 26
33 188
24 284
34 164
35 12
50 275

28 271
13 288
43 231
41 182
33 299
27 144
15 19
39 186
25 196
42 274
28 79
36 253
50 256
30 27
36 216
18 229
50 110
44 259
13 33
23 280
39 213
25 16
39 209
18 33
47 15
27 183
39 269
27 45
41 37

25 292
10 289
46 121
23 206
33 50
38 125
46 181
17 150
39 210
38 238
37 180
29 280
10 73
48 39
10 178
47 40
13 96
37 276
43 133
45 226
37 259
27 165
16 98
32 114
44 221
49 118

28 102
27 52
41 197
40 177
24 80
38 181
50 262
43 151
42 199
27 143
42 285
10 148
28 210
19 82
35 111
48 273
17 168
32 108
41 11
11 145
38 290
46 258
24 203
44 209
22 242
22 105
44 270
16 165
46 137

27 45
14 213
19 261
10 22
23 277
23 287
18 193
16 223
22 151
47 241
20 278
47 55
19 222
41 292
20 263
18 174
28 293
50 19
14 138
18 262
49 199
13 106
14 278
38 45
20 81
27 21
14 62
46 225

12 76
38 127
47 128
50 161
24 236
16 155
34 218
36 108
17 241
37 38
45 208
45 185
20 99

27 72
40 294
15 268
45 207
18 189
24 223
14 152
18 130
31 204
14 108
27 110
15 262
33 75
15 255
22 205
38 83
21 39
17 200
33 165
35 238
42 163
20 214
44 54
25 66
22 137
36 228
32 137
34 121

14 272
15 80
21 165
39 89
48 273
25 98
22 121
11 46
11 247
28 119
15 205
22 90
36 239
37 215
41 63

20 190
15 68
28 23
45 229
13 126
13 126
45 154
19 156
44 21
15 148
31 100
43 241
26 100
35 262
33 83
20 230
13 128
25 39
31 287
41 22
43 176

14 261
17 111
24 112
14 141
49 159
46 87
18 40
17 201
16 233
43 226
19 173
11 162
34 156
47 190
35 29

30 97
38 229
33 130
10 57
10 127
27 270
11 209
49 276
21 137
42 124
41 244
34 155
50 266
38 288
44 293
45 226
20 202
26 117
44 76
50 19
45 95
49 106
11 11
45 162
24 180
32 134
48 238
26 242
19 182
12 38
22 58

15 46
29 197
45 22
19 141
30 171
30 229
49 136
27 274
43 218
19 14
49 224
20 159
50 44
34 243
17 272
40 74

19 273
18 212
29 66
35 180
39 20
19 140
27 11
43 169
41 116
42 29
44 24
22 134
31 211
22 103
11 83
20 79
21 28
21 248
44 121
15 278

24 205
47 69
13 284
13 148
25 165
15 145
36 42
13 269
37 292
13 138
43 109
42 79
18 184
18 167
11 161
34 83
27 226
49 236
29 294
24 33
42 28
34 44
14 176
21 58
32 220

30 218
19 178
18 63
41 134
45 240
46 229
17 260
24 257
46 226
37 198
21 45
27 262
15 290
13 74
14 194
49 63
11 105
33 261
22 100
45 285
47 157
36 18
26 257
43 42
23 82
41 256
45 299
34 54
31 216
44 12
25 87

26 81
47 60
46 226
41 190
33 177
10 172
44 20
36 169
23 259
22 68
50 146
34 263
44 48
18 278
11 241
40 82
21 278
28 179
35 276
32 141
27 32
42 168
46 241
26 154
32 80
11 126
29 179

12 278
21 222
17 152
15 104
18 270
22 273
42 48
38 250
32 187
31 158
27 18
30 24
32 154

24 251
28 117
11 232
22 246
41 228
37 15
47 276
28 264
21 75
48 57
32 140
20 47
20 247
30 142
34 179
16 272
31 257
27 167
23 138
45 131
36 88
21 92
25 179
29 286
20 157

28 238
44 261
15 219
48 237
44 246
11 33
36 152
47 233
37 103
22 281
28 297
47 275
12 181
21 242
33 178
38 11
34 262
43 150
50 180
34 204
23 42
34 166
12 282
33 159
24 190
49 25
44 236
42 78
18 254

28 83
49 228
38 137
13 64
43 83
39 288
10 51
29 209
15 234
43 149
48 47
14 216
34 240
29 285
11 194
48 105
25 213
38 80
21 47
49 201
43 18
33 167
24 21
47 234
14 276
39 86
45 52
10 126
32 205

20 153
45 163
18 73
17 160
19 202
16 272
26 136
11 154
29 98
18 195
12 17
38 90
18 67
27 78
40 285
32 18
28 226
17 74
39 118
36 31
19 161

14 68
49 283
38 81
36 228
29 74
46 252
10 183
19 70
32 106
32 170
31 126
12 90
18 133
43 159
39 174

19 11
22 171
25 249
25 18
14 90
45 18
10 267
40 123
26 274
15 98
46 64
36 273
40 58
44 161
42 231
29 202
30 189
33 241
12 171
47 140

27 196
24 36
17 179
17 38
24 180
36 136
34 218
21 263
31 218
14 78
24 225
30 141
37 16
31 196
26 235
25 166
18 20
11 76
47 45
45 281
48 230
42 85
18 184
20 109
35 93
30 115
44 143
33 290

12 185
18 279
21 119
15 57
27 191
39 198
27 16
44 228
38 242
41 102
19 265
49 191
18 163

28 250
47 221
33 183
22 274
48 252
26 84
14 255
22 281
49 211
40 250
42 72
43 198
41 93
21 190
18 218
27 24
28 108
43 190
48 196
17 179
40 246
43 271
11 120
22 11
23 166
33 267
48 70
31 39
20 122

17 86
31 294
14 93
18 142
10 123
13 208
39 69
44 199
17 258
47 105
28 88
43 252
44 191
26 57
37 208
20 120
30 118
50 152

18 170
35 77
24 137
50 185
24 190
31 101
43 13
43 115
27 61
45 149
43 158
43 105
11 78
13 262
23 248
35 31
20 275
34 268
13 188

22 13
28 245
25 83
25 235
41 108
45 299
23 146
47 280
12 43
33 239
33 101
12 138
33 177
34 152
15 244
38 285
30 285
17 139
18 253
24 105
21 70
48 220
23 115

23 62
36 55
22 31
44 109
42 226
25 12
10 218
21 20
13 265
18 17
29 227
50 293
46 185
25 243
25 266
27 264
45 267
14 130
31 162
28 138
31 46
36 230
26 266
48 197

18 249
28 151
46 20
35 201
19 153
16 56
42 73
28 85
16 83
16 72
31 80
39 101
37 84
24 237
14 177
22 273
33 73
41 281
27 221

24 104
47 181
37 282
35 260
35 92
48 80
35 273
31 194
31 276
27 114
33 68
14 274
42 261
27 151
20 222
20 138
14 232
39 275
40 151
18 132
13 177
17 216
18 200
12 92
17 165

25 197
33 203
10 121
13 172
48 54
24 45
12 181
29 273
13 34
23 62
37 280
34 139
17 240
37 109
15 201
25 243
29 171
27 14
10 157
45 138
11 240
14 282
38 17
35 273
32 275
18 124

18 130
25 125
13 209
17 199
13 187
10 11
47 200
21 249
10 169
26 123
24 237
49 101
30 209
48 75
18 140
15 78
45 101
18 211
24 74

21 298
44 104
18 228
37 279
14 130
23 20
47 161
39 115
47 68
12 262
34 63
47 93
49 164
11 118
22 40
37 106
24 33
34 297
24 201
20 140
26 218
30 271

13 250
31 210
40 190
36 73
40 10
31 211
43 287
49 110
36 83
29 113
16 279
14 163
47 188
32 118

26 202
26 126
40 129
21 49
11 108
16 101
11 71
33 255
31 24
29 79
20 37
25 189
46 101
19 286
21 97
38 172
35 118
40 95
31 289
26 23
19 87
24 259
32 28
36 168
10 177
50 104
21 188

28 254
39 251
44 227
44 100
42 45
37 220
37 97
20 259
17 33
16 169
27 208
47 265
35 112
12 245
30 246
49 248
11 275
33 229
18 122
32 279
20 121
14 39
26 153
50 271
47 95
14 286
12 40
36 238
37 251

25 113
27 19
32 262
25 52
41 204
17 109
15 252
11 47
30 122
45 131
14 21
11 261
19 259
40 153
20 99
15 275
38 110
44 240
26 16
33 148
29 152
24 207
47 284
10 159
45 205
49 10

22 248
39 290
22 250
31 138
14 83
31 28
20 193
32 98
20 193
14 283
31 16
30 42
20 13
15 251
31 253
49 34
14 198
37 98
19 40
25 77
17 150
17 24
13 220

19 185
22 121
22 49
39 26
49 22
10 281
23 149
41 144
35 147
22 132
30 184
30 176
40 192
49 131
35 35
40 234
25 83
20 88
36 194
14 190

27 74
10 241
30 194
16 65
11 58
25 184
39 92
41 44
17 138
39 98
40 150
26 215
46 218
15 288
38 140
26 252
45 106
14 179
43 233
33 94
46 257
18 290
43 35
14 281
41 80
31 177
38 126
25 138

29 135
11 76
11 232
44 34
46 270
37 72
33 206
49 142
47 111
19 108
29 248
42 154
26 60
14 235
47 141
40 49
46 168
46 62
39 216
11 196
46 61
17 54
29 277
40 124
16 258
46 235
26 57
15 17
37 204
26 174

19 233
38 274
42 56
43 95
49 116
20 150
43 143
22 260
27 93
28 134
26 174
17 108
11 281
17 91
50 106
48 64
34 297
45 32
31 239
36 159

22 137
49 251
36 216
40 22
25 268
38 175
22 271
46 61
33 44
18 53
16 73
12 150
26 228
16 284
13 102
41 139
29 51
49 12
32 217
12 54
47 187
42 139
50 236

28 197
25 142
17 276
12 234
44 281
30 210
10 180
24 105
33 266
12 138
33 64
29 120
28 264
46 14
26 251
14 16
50 263
22 151
49 250
28 241
44 90
39 156
18 254
11 285
40 204
30 231
11 125
17 80
27 35

11 48
35 101
34 93
41 139
23 294
48 267
42 267
44 117
42 296
48 235
17 21
39 35

21 36
20 298
29 201
38 229
28 241
32 220
11 190
45 68
13 173
18 233
29 110
16 140
23 180
29 107
20 234
48 243
37 250
50 164
11 112
49 102
30 124
23 19

15 200
34 271
27 222
19 15
30 72
43 238
33 297
47 146
33 267
29 285
21 218
16 224
32 132
32 299
14 209
42 121

16 198
22 294
26 110
46 54
48 26
47 173
20 55
37 239
39 26
16 286
14 27
28 35
50 118
15 232
35 105
40 284
41 13

12 239
18 46
16 203
38 99
17 143
28 262
36 147
33 274
10 263
11 289
10 160
34 132
43 294

13 242
41 118
49 258
36 227
12 129
27 84
29 22
13 206
22 114
45 260
11 130
15 169
24 28
15 141

