92

30 96
34 140
26 204
42 145
49 224
41 50
23 288
21 115
39 195
17 199
22 93
29 50
19 36
28 121
48 294
32 127
16 61
24 145
12 60
22 195
39 101
36 180
40 149
11 71
36 134
46 188
45 279
49 50
45 197
46 281
48 92

11 250
11 37
50 235
48 125
42 244
49 256
31 129
45 276
30 268
47 45
24 194
17 26

10 272
35 294
48 15
38 54
39 26
10 88
48 30
16 259
43 158
37 209
48 88

25 159
45 63
12 68
10 104
49 229
42 200
36 33
10 14
33 289
44 167
35 105
47 125
10 126
33 137
36 29
42 227
35 143
25 188
19 17
50 175
20 58
38 271
15 235
32 191
11 267
18 193

18 232
23 143
26 92
18 234
35 46
49 145
32 299
38 151
49 200
27 296
20 153
47 172
11 239
22 176
43 229
16 76
14 189
13 237
17 72

20 170
35 148
47 261
37 230
48 22
40 38
38 187
45 213
10 267
50 37
35 290
36 42
38 215
19 300
39 175
28 169
39 129
33 116
50 111
33 188
42 69

26 220
46 105
17 219
37 272
33 86
27 247
49 131
31 11
12 287
14 239
48 18
23 29
36 269
36 245
18 202
27 212
20 48
41 25
13 125
18 255
31 254
21 163
38 216
18 242
24 163
44 135
33 142

29 284
27 149
34 145
49 130
24 277
47 144
34 179
31 149
37 215
47 76
26 56
10 176
35 17
45 259
36 29
29 59
31 32
23 91
12 13
32 211
16 65
30 67
25 213
50 199
31 137
15 300
42 291
48 99
13 261
39 169

21 116
47 47
28 90
32 151
12 300
23 130
48 218
50 244
17 217
41 14
22 298
42 73
21 300
39 150
47 212
21 153
18 223
27 75
15 64
10 280
10 49
40 226

17 36
29 245
47 298
46 276
39 194
33 145
22 81
38 26
23 70
23 59
43 80
21 62
13 34
30 146
17 103
30 54
50 72
25 156

19 263
37 291
50 112
43 167
21 265
41 119
25 121
45 99
21 73
12 185
21 41
21 165
11 259
24 267
16 277
14 232
50 254
45 66
39 240
41 249

19 254
27 123
42 81
42 233
31 242
47 248
46 72
50 183
21 211
34 64
46 79
41 149
10 20
25 94
21 93
47 179
12 255
22 172
32 138
31 13

18 293
41 102
10 137
28 295
35 182
17 132
24 210
23 233
29 28
28 102
26 76
27 256
33 64
38 147
45 56
21 58
18 154
39 296
17 109

29 25
44 235
13 158
47 145
42 174
35 142
21 131
41 26
25 59
23 232
28 41
46 112
43 270
12 161
48 277
19 164
33 42
32 227
17 205
33 119
20 62
36 240
25 47
48 99
38 221
45 233
25 13
18 81
39 178
22 272

17 27
21 126
39 180
18 252
17 78
27 225
22 291
17 133
49 265
18 102
46 214
45 79
29 170
26 208
30 224
34 109
22 141
20 11

22 269
18 78
17 102
49 130
42 243
12 98
33 232
31 238
38 172
19 77
13 264
43 286
13 236
37 146
40 261
16 234
23 59
27 100
27 236
50 98
16 148
49 121
39 10

16 125
44 107
27 77
39 36
23 156
29 17
20 22
11 240
34 198
40 259
31 290
15 39
21 298
14 24
23 232
38 141
17 189

29 287
27 106
25 163
20 201
34 165
49 61
20 209
12 33
47 15
46 188
30 251
18 113
47 107
29 222
48 292
49 142
20 200
50 198
35 144
48 217
23 177
50 157
19 196
40 186
26 278
41 204
21 15
37 154
44 269
45 226

23 57
35 195
29 221
29 206
11 156
41 248
41 275
17 275
43 116
12 172
14 205
36 147
31 198
14 120
50 56
38 192
20 219
24 236
40 237
21 188
44 48
44 67
28 168
45 16

22 17
48 50
19 50
12 230
36 203
18 33
12 248
16 191
22 106
11 242
10 67
27 124
10 52
42 50
43 208
14 101
31 124
42 203
24 255
40 200
49 33
23 263
39 300

24 82
45 212
35 174
14 143
28 123
39 176
37 190
32 10
19 290
33 284
23 73
21 299
40 281
22 171
38 193
10 278
40 246
47 48
26 22
39 144
44 70
44 32
41 82
44 125
41 31

22 69
29 220
13 58
29 164
13 49
35 102
17 80
34 293
31 57
19 177
10 218
49 228
12 138
15 66
47 248
44 11
11 48
48 269
19 148
18 132
49 194
46 124
26 94

27 261
10 143
50 163
31 282
40 294
40 202
37 71
29 139
29 19
39 110
20 135
31 251
10 97
50 53
41 237
12 241
17 155
35 203
34 143
14 215
29 109
11 241
34 58
13 23
16 190
10 49
26 108
25 180

30 236
31 151
45 203
32 258
11 223
48 82
27 56
46 42
10 68
29 162
47 60
10 199
33 96
29 120
47 89
23 233
45 156
50 152
16 237
15 199
47 93
12 217
16 113
45 32
15 203
11 204
19 49
35 17
38 180
32 141
39 50

27 278
41 31
41 181
10 187
49 196
21 260
45 57
15 134
27 144
44 248
40 137
49 230
38 103
10 92
47 292
24 262
13 26
25 174
12 144
29 260
17 11
31 25
29 113
23 265
28 125
43 219
42 280
24 126

19 46
30 135
19 299
47 114
40 180
13 85
10 278
43 276
29 196
28 49
31 133
40 299
46 245
38 261
12 65
39 40
28 62
47 252
16 133
34 163

20 49
18 29
33 109
22 236
13 298
26 32
12 264
25 261
14 216
12 269
13 205
33 249
36 100
21 282
25 28
46 56
14 92
17 186
48 87
10 120
24 84

14 145
10 107
42 152
43 290
39 194
24 72
50 294
13 140
14 131
43 296
13 278
12 296
29 36
12 117
20 78

29 190
34 298
36 89
20 166
20 234
46 94
15 257
26 214
12 262
42 116
44 95
15 28
43 270
46 116
15 147
48 292
48 26
32 169
47 66
15 171
49 195
18 10
18 277
41 266
20 45
29 198
49 71
16 211
37 159
29 16

20 141
36 174
10 280
36 166
39 255
48 136
14 294
14 81
19 263
39 110
22 239
22 255
11 42
26 37
29 161
35 279
11 117
27 44
39 108
27 267
23 194

19 33
22 126
31 177
30 25
19 151
11 61
23 93
28 282
25 257
40 104
32 217
50 152
10 204
33 295
44 288
14 205
12 135
38 134
11 23
25 112

23 281
12 98
24 273
24 197
19 50
26 96
26 116
42 280
47 272
19 211
34 283
45 69
11 39
13 220
38 78
46 87
17 40
18 163
45 163
35 61
50 20
23 208
42 100
37 192

13 88
34 259
19 230
44 145
13 41
36 254
48 153
29 178
47 90
33 37
44 184
22 47
17 218
41 226

14 270
44 248
41 169
39 172
47 56
41 244
29 128
30 270
18 216
10 144
46 187
41 94
26 276
39 122
24 171

21 123
26 124
41 268
49 245
26 64
41 115
37 192
16 89
50 224
20 154
37 279
49 90
43 97
41 48
34 125
33 50
47 31
28 29
33 82
15 10
17 102
46 236

18 136
20 122
32 236
48 125
48 177
39 97
40 197
45 299
46 79
21 152
32 222
30 21
17 26
13 156
20 182
50 270
44 210
27 66
29 278

16 209
33 107
17 33
44 213
50 89
24 131
44 207
35 55
15 233
18 187
34 69
34 125
35 116
17 63
49 288
39 121
21 101

30 140
38 201
46 193
46 209
40 186
16 123
11 251
42 161
14 211
31 98
10 190
24 285
36 242
36 226
21 66
14 276
31 111
47 76
38 49
12 182
18 28
50 169
22 126
37 57
10 238
13 64
38 74
33 22
37 198
47 272
33 20

25 98
34 119
30 169
25 143
46 289
25 112
38 51
24 163
27 171
41 226
32 291
15 291
11 85
29 20
27 12
45 66
10 224
27 102
50 133
49 47
26 124
18 163
16 215
14 62
12 278
49 133

25 65
47 126
39 217
39 201
39 143
47 41
33 26
34 276
48 121
33 262
46 215
33 53
43 93
50 158
15 23
30 110
47 156
21 130
26 293
25 206
21 13
10 32
46 247
21 195
50 289
28 237

19 168
20 199
34 119
16 183
26 147
13 217
47 128
41 115
37 152
31 211
31 39
45 156
46 207
33 12
40 114
32 198
11 288
12 117
28 10
37 165

28 16
18 47
42 270
47 111
21 125
48 170
23 283
43 277
32 203
41 257
18 163
22 20
16 168
29 116
23 283
46 110
19 75
20 220
20 205
46 283
29 119
29 66
31 253
45 247
32 148
38 11
44 211
39 283
40 84

30 37
44 111
24 271
48 28
19 145
15 118
41 142
14 107
37 25
29 272
44 258
33 66
18 63
19 242
21 139
35 293
22 93
48 150
40 237
43 115
14 278
29 14
12 273
42 38
30 276
16 23
14 80
13 133
25 237
31 281
12 67

16 19
31 236
33 170
44 17
31 112
11 232
17 259
30 276
14 71
17 10
23 221
46 83
10 275
49 102
50 297
25 74
33 59

22 294
48 279
49 20
24 250
13 194
16 58
22 216
44 243
48 274
33 119
11 295
48 231
36 51
29 271
21 296
13 282
10 47
28 130
44 293
31 136
46 121
33 247
11 245

25 149
43 156
29 171
50 243
47 277
18 140
26 75
11 68
43 156
12 252
27 87
30 173
27 63
30 143
46 15
45 248
23 237
50 170
36 264
21 197
13 64
45 295
43 51
17 114
44 221
10 19

20 106
17 158
17 48
42 26
38 241
20 201
22 280
37 83
22 55
36 35
38 54
14 256
47 122
10 249
37 41
18 149
42 200
23 238
25 117
34 151
29 235

24 45
47 181
43 69
12 113
20 276
39 103
34 221
10 10
43 263
40 226
50 224
46 192
40 105
34 127
15 140
31 48
13 49
27 175
48 274
32 259
40 86
16 116
16 210
50 32
27 53

18 271
37 274
32 139
10 51
33 81
24 183
11 267
30 158
31 132
24 82
45 193
25 114
18 56
37 49
46 216
47 145
42 275
44 243
18 143

20 42
15 167
32 80
49 78
25 156
44 95
47 79
36 112
47 246
46 41
12 33
23 107
48 30
27 10
13 43
36 85
11 124
45 172
45 41
44 281
47 60

12 47
37 197
48 11
27 214
11 112
25 189
50 166
47 99
18 36
40 148
18 88
31 119
38 43

11 192
29 179
17 117
50 193
21 249
20 213
23 125
25 46
36 105
31 137
47 181
12 173

13 146
34 208
50 26
14 238
41 271
18 178
23 214
18 143
41 31
16 119
45 60
33 289
11 210
48 199

29 227
29 249
12 45
31 219
41 145
18 144
20 76
37 133
38 233
32 161
15 290
39 218
11 294
36 181
11 283
16 207
45 37
13 112
15 295
20 84
34 204
36 190
50 225
50 164
14 69
43 260
38 287
30 110
28 284
50 237

18 98
42 286
46 124
27 275
21 294
49 42
20 210
25 224
19 216
45 152
18 200
47 211
17 181
40 264
18 246
16 143
33 291
50 246
45 238

19 32
26 87
20 232
26 227
25 254
14 154
28 23
35 286
50 246
16 75
32 224
15 229
19 77
21 14
47 245
49 204
50 295
23 234
34 133
48 48

21 206
14 240
22 213
50 179
34 118
41 28
14 140
22 98
32 159
13 279
22 237
35 106
14 249
42 203
49 197
43 141
22 238
39 62
20 254
47 60
15 154
26 139

14 250
24 84
48 48
11 167
16 74
26 237
21 116
27 205
49 213
16 187
30 163
25 197
18 161
10 163
43 173

20 151
46 62
44 11
32 76
34 78
27 277
44 224
17 278
22 208
35 80
30 144
21 264
28 200
44 141
18 251
14 18
20 128
46 265
30 192
27 104
31 165

15 186
22 79
46 269
22 101
27 92
14 245
11 162
26 209
48 227
19 98
25 70
48 156
34 166
41 196
30 155
42 183

20 113
30 234
12 293
26 139
15 32
46 75
49 109
28 70
14 27
33 128
12 107
22 233
21 20
14 141
33 150
24 228
22 191
14 228
26 149
14 257
35 235

20 90
39 257
35 11
42 174
34 237
35 287
10 164
43 296
29 66
39 257
34 19
44 255
46 100
14 275
31 239
19 190
35 183
23 62
46 60
21 27
41 275

11 27
11 238
47 10
30 65
10 197
43 75
25 93
30 22
37 42
27 105
44 67
39 66

25 236
18 70
49 114
36 23
19 196
25 116
11 12
25 286
33 86
49 229
26 225
48 151
35 124
39 263
13 126
40 19
46 214
33 30
12 212
11 81
31 72
16 28
45 264
38 210
37 94
25 87

10 252
18 165
21 47
16 117
34 224
10 139
14 143
30 77
14 253
45 220
15 62

30 174
23 198
18 272
30 81
15 115
10 59
43 17
40 236
36 254
46 249
39 230
26 208
17 113
26 101
40 217
17 130
40 142
23 102
27 182
17 248
32 212
29 300
48 170
47 299
20 290
40 64
21 243
43 219
47 190
20 29
35 41

13 51
15 281
33 198
38 125
46 298
47 190
34 232
42 168
24 215
11 68
17 234
43 207
27 30
19 295

26 136
44 89
32 99
32 236
35 240
13 267
35 95
36 125
25 142
47 54
31 19
46 41
26 76
50 201
48 235
47 217
32 160
20 25
32 29
19 20
37 222
46 199
31 64
35 26
31 214
23 215
35 194

16 239
31 231
42 174
47 148
39 123
22 205
31 290
26 294
15 153
35 62
15 255
27 248
10 90
48 71
22 98
13 209
19 62

25 71
46 224
16 206
15 275
41 150
50 50
35 156
18 195
49 68
46 218
11 81
25 235
47 226
18 13
21 52
24 130
25 269
34 284
43 40
37 246
46 237
35 48
37 83
31 262
40 192
11 20

14 262
32 54
41 25
37 84
17 270
15 141
22 264
18 23
23 241
14 139
34 186
26 192
14 113
49 34
47 205

26 182
37 162
39 59
40 73
39 187
31 11
12 73
50 19
22 131
27 245
43 35
12 83
41 58
21 134
49 297
28 192
35 79
49 88
28 197
40 213
24 109
43 59
38 176
39 128
31 271
30 263
16 32

26 202
12 217
49 55
15 131
20 256
22 256
26 44
47 264
32 192
11 162
36 27
29 176
47 133
40 192
11 212
13 262
17 49
24 130
34 22
38 142
47 19
17 262
17 171
15 201
29 168
31 198
25 260

28 22
19 33
21 48
29 184
32 113
49 289
22 265
16 184
38 128
25 12
48 265
39 298
37 143
47 247
37 58
43 101
42 258
40 289
14 29
21 30
30 19
34 78
45 194
31 199
31 48
24 60
50 41
48 14
35 300

25 171
26 287
26 186
34 290
23 25
18 202
16 243
49 200
49 67
30 133
29 137
29 256
49 207
29 95
27 141
50 47
23 38
50 126
14 200
11 261
45 291
42 238
29 216
16 71
41 299
42 68

20 154
16 105
18 139
40 174
37 210
31 187
30 184
43 127
37 280
40 204
38 65
43 142
16 251
37 284
37 228
40 85
27 86
46 84
20 31
41 235
26 41

11 41
28 104
38 280
32 22
39 249
27 158
33 185
20 140
11 149
36 78
16 258
49 191

14 282
27 211
24 190
16 67
11 230
34 190
36 155
27 39
29 26
26 255
43 299
39 291
10 167
23 85
42 156

22 196
43 192
21 16
48 31
12 109
13 291
31 263
14 159
39 114
48 175
16 135
32 195
33 20
18 45
50 283
29 18
41 187
16 228
21 43
27 208
33 35
38 300
25 182

30 146
34 260
50 186
10 273
40 15
41 125
46 51
49 177
23 138
49 200
10 35
40 125
12 248
27 107
10 121
37 152
34 132
46 122
34 287
34 198
11 216
43 125
37 286
27 165
35 10
36 144
10 139
32 293
47 249
30 93
38 57

13 43
28 229
26 138
39 38
46 205
49 34
13 53
27 151
13 21
31 243
11 217
46 76
25 60
39 167

28 267
29 294
42 32
19 115
26 264
33 282
24 45
32 284
28 283
31 283
25 229
17 218
19 107
20 156
40 53
35 165
49 111
17 35
15 104
33 211
42 269
25 154
11 82
10 37
40 87
16 174
36 273
15 217
43 219

14 291
33 239
20 287
29 272
28 45
43 228
39 141
47 209
34 246
47 131
29 179
22 132
22 216
15 151
19 61

13 129
13 128
43 49
43 91
40 138
41 11
19 13
19 121
24 12
22 115
38 240
20 229
24 289
34 138

13 225
13 142
21 214
30 22
39 158
38 245
13 210
27 31
18 173
13 56
12 72
15 241
18 186
41 285

22 141
36 63
10 57
37 27
48 186
16 187
11 89
35 33
48 124
13 229
21 122
33 55
47 168
19 218
34 87
42 173
36 139
14 130
50 100
34 43
33 160
19 286
43 138

30 178
26 283
11 83
10 235
10 125
40 179
24 102
13 277
27 175
29 220
22 72
36 84
49 201
21 203
39 180
25 121
10 123
19 229
47 209
10 263
25 154
47 64
46 184
50 128
42 122
45 174
15 231
37 44
24 64
28 156
13 73

19 163
43 26
36 47
19 276
40 55
47 144
47 292
48 82
39 53
30 287
20 174
11 250
29 12
21 260
41 202
38 277
48 179
31 94
17 137
24 222

19 42
29 128
42 297
36 110
16 35
40 298
40 173
28 246
16 77
11 37
49 106
13 106
27 43
31 127
15 187
10 223
11 195
10 45
17 283
49 152

20 27
26 286
24 69
15 221
13 261
42 153
27 150
15 229
40 231
36 292
20 106
24 161
10 125
35 166
42 193
48 300
14 289
10 282
40 178
48 209
46 60

26 182
39 36
20 82
13 283
11 55
26 272
15 97
36 100
12 224
49 153
31 12
48 47
30 252
15 114
34 160
15 193
32 156
26 222
25 294
46 98
33 66
46 214
34 10
49 208
16 136
11 143
16 92

27 167
37 298
30 45
47 144
39 78
49 257
50 16
10 63
13 273
28 270
13 95
22 160
15 258
23 148
22 108
45 145
45 119
30 153
26 11
15 158
39 20
43 57
25 294
35 160
16 125
44 227
18 136
23 95

