89

19 120
41 170
14 197
33 37
38 284
18 175
50 217
29 169
50 18
47 217
15 110
37 85
19 143
41 123
37 95
17 118
22 256
31 297
50 38
44 190

10 39
24 227
11 103
22 91
21 162
33 134
44 236
48 57
21 245
24 264
17 231

28 62
38 15
29 285
29 178
22 156
19 24
14 90
45 275
38 258
42 88
12 280
45 246
16 29
28 78
19 255
43 133
28 226
47 282
12 149
21 123
12 236
13 261
23 105
44 120
21 46
12 289
37 22
40 153
22 17

10 130
24 201
20 102
32 290
23 254
46 141
15 209
21 220
43 211
41 108
16 129

29 23
34 80
35 145
38 88
43 81
36 195
50 46
33 122
35 88
46 111
12 109
40 249
21 57
30 198
18 145
35 200
39 111
26 10
32 86
27 41
16 203
22 139
25 212
46 123
11 110
39 201
12 198
16 105
29 250
28 11

30 137
13 171
20 17
15 43
22 113
15 136
22 147
33 265
50 66
49 118
15 124
19 21
34 230
49 48
18 137
28 136
24 191
29 239
44 60
47 127
36 173
23 33
46 272
12 214
10 172
21 191
27 186
28 75
20 146
31 66
38 83

29 135
50 300
30 30
31 35
49 252
11 163
33 196
41 120
26 251
17 198
17 213
35 114
40 25
49 173
37 25
29 187
46 214
39 184
13 96
21 226
43 81
38 188
23 243
28 191
16 171
20 169
17 298
16 45
43 62
48 124

28 71
41 280
36 201
48 92
11 14
29 278
16 292
44 109
49 16
35 273
37 147
32 266
20 60
39 123
31 191
28 175
40 14
31 190
27 292
40 290
19 60
14 267
20 131
21 181
33 216
41 278
13 124
48 32
45 220

25 71
32 230
46 269
20 260
43 163
14 113
42 296
36 86
47 155
22 226
18 176
38 150
50 141
15 166
29 35
11 259
24 160
50 13
27 34
15 285
32 166
18 278
33 112
48 234
16 152
40 225

17 61
46 72
23 68
14 208
46 126
24 49
12 162
17 140
14 201
39 47
41 75
32 153
22 203
23 113
31 278
45 196
17 268
49 187

28 212
14 275
25 87
11 273
13 80
36 192
11 115
22 72
15 53
19 65
20 128
24 88
39 151
23 176
30 162
42 53
48 115
21 167
35 215
47 227
18 138
19 123
30 231
17 300
24 214
43 65
22 237
40 219
13 263

19 269
47 34
34 131
31 173
21 17
40 178
32 214
33 56
14 199
41 11
47 16
38 58
15 131
14 154
32 250
39 18
46 157
20 194
20 40
24 290

22 282
47 181
50 209
29 153
36 266
10 49
26 188
28 159
43 62
20 298
12 196
17 120
38 199
20 32
33 218
11 26
18 102
32 127
32 272
33 235
26 193
16 124
18 247

18 80
10 269
46 33
14 68
49 79
21 174
22 254
46 164
29 291
11 252
23 16
48 94
18 285
42 294
17 229
44 237
25 107
33 295
26 170

11 170
43 54
48 18
16 189
22 210
26 183
17 116
10 61
48 194
35 192
12 14
29 208

23 235
28 245
46 27
20 201
47 73
17 93
25 204
21 250
21 54
36 237
43 171
37 63
31 217
22 194
20 140
48 106
24 174
31 119
39 81
19 102
28 254
42 75
40 42
17 76

24 180
27 183
29 296
43 252
34 167
11 30
19 124
31 61
29 113
21 275
31 222
26 290
47 294
12 15
32 262
26 91
39 101
23 17
40 273
20 275
33 74
48 59
26 208
18 13
29 100

19 116
37 248
43 123
14 85
36 134
45 123
33 256
40 135
16 157
42 111
31 190
40 298
33 267
29 148
18 142
28 39
36 299
24 264
17 222
32 190

24 201
16 204
26 144
33 72
13 24
30 296
43 212
10 128
32 230
36 105
40 99
37 183
25 140
26 240
26 83
39 99
34 164
35 19
39 173
27 206
23 159
36 115
30 256
40 286
14 214

14 85
41 16
45 139
16 176
27 106
27 101
22 42
12 167
31 29
50 83
31 216
24 257
47 29
29 277
47 103

11 288
45 26
33 184
32 216
19 284
37 100
37 256
23 58
10 111
39 255
49 75
42 180

16 85
47 278
14 211
18 235
20 33
26 248
28 198
35 14
24 46
16 12
47 213
17 297
48 219
43 221
18 155
49 146
49 148

18 41
32 88
24 20
40 19
32 98
18 215
33 47
49 225
32 171
39 175
18 286
39 242
42 22
47 243
19 67
10 102
26 285
38 72
19 37

27 151
47 33
21 173
39 134
37 198
48 220
43 197
26 202
17 268
50 140
17 182
31 122
18 55
33 262
26 87
33 202
12 270
32 37
38 240
27 292
34 233
16 248
47 24
47 118
23 230
12 56
46 211
11 83

18 261
24 82
44 256
10 128
11 86
19 226
16 65
32 267
24 153
20 194
50 87
26 145
48 95
32 44
42 113
25 55
41 151
37 282
43 196

21 51
17 298
49 231
49 62
35 184
47 123
25 101
26 19
44 204
34 45
25 280
29 37
17 95
47 231
32 169
42 164
35 178
20 14
38 145
36 111
20 166
30 125

28 24
36 285
15 51
15 68
32 149
26 231
18 162
30 232
44 219
23 20
42 146
29 61
10 29
38 254
14 246
48 39
26 280
14 183
26 100
48 87
41 288
42 190
38 82
16 147
38 147
23 174
18 253
39 40
17 160

21 88
50 106
29 287
30 278
19 192
10 216
19 154
15 150
34 231
49 236
50 219
50 42
39 52
29 294
32 200
40 166
21 169
37 255
25 16
41 262
18 218
13 243

21 210
22 51
32 158
38 255
23 210
39 86
15 151
39 210
47 192
12 142
36 253
49 192
48 137
35 255
14 185
38 34
17 71
10 241
31 180
36 278
49 269
27 52

29 208
30 140
17 66
32 294
20 20
27 163
32 259
14 224
23 188
24 176
31 294
47 19
19 220
28 243
32 276
11 277
10 66
29 68
23 76
45 130
17 262
49 108
30 30
46 227
33 59
11 126
37 163
40 261
43 114
19 164

11 207
27 87
24 40
28 121
29 132
36 57
12 192
22 52
45 264
20 199
16 95
10 169

15 125
16 19
30 54
41 251
36 93
29 118
47 240
42 25
45 112
25 250
46 103
47 39
15 58
29 183
50 170
12 155

21 120
50 223
48 76
16 30
14 250
35 213
12 262
39 125
16 18
14 115
47 19
39 170
33 251
32 230
36 295
24 127
24 26
17 211
28 34
30 33
48 116
49 263

13 36
10 241
18 62
19 233
40 239
47 54
49 116
35 113
22 101
17 268
50 156
22 252
50 73
10 247

23 129
27 193
29 35
26 67
22 77
45 66
49 47
41 220
20 19
32 168
21 42
13 207
49 50
29 184
14 160
34 123
25 221
11 119
14 183
28 42
35 150
37 181
12 202
43 61

29 188
10 186
45 69
12 204
35 117
18 13
29 16
35 235
41 234
26 260
40 72
10 257
23 49
13 31
25 120
27 156
49 60
48 29
17 82
50 225
43 295
39 247
38 167
25 233
44 87
14 246
43 145
32 71
31 255
46 145

17 121
43 112
31 193
37 101
28 76
39 211
13 79
27 115
50 148
27 264
46 266
32 65
20 220
45 103
39 183
18 138
50 85
14 174

11 189
15 13
13 131
36 102
50 71
33 259
29 275
18 168
35 151
35 200
14 280
14 122

16 205
23 247
39 70
44 59
15 242
26 49
31 17
34 65
39 115
20 279
25 248
29 109
43 31
42 160
26 95
21 299
16 265

12 198
40 155
25 183
27 38
16 125
36 103
13 89
50 30
29 285
34 74
40 175
16 23
19 276

16 67
15 33
20 261
20 269
46 101
17 124
30 10
45 287
14 133
25 243
13 254
36 35
49 18
16 176
10 74
42 271
41 292

12 160
28 116
25 128
11 245
21 110
30 206
39 144
35 91
41 49
41 130
18 93
50 80
47 65

24 246
16 277
34 160
19 23
48 131
30 121
25 212
13 146
10 185
44 132
45 13
19 163
45 244
45 53
48 247
19 59
21 278
45 231
11 35
18 85
32 71
33 176
46 29
36 205
31 114

21 218
19 97
37 205
47 226
39 188
42 222
45 299
19 115
16 60
37 228
22 109
28 154
43 23
11 93
13 192
34 22
19 231
17 122
10 75
50 96
23 261
40 176

18 144
37 282
27 82
48 256
44 41
38 74
11 170
33 51
40 83
22 165
46 256
15 222
16 241
41 134
19 109
37 259
43 256
15 56
16 168

22 53
38 258
35 259
40 298
16 267
21 277
29 257
21 298
32 52
43 290
44 48
42 103
39 175
37 244
41 129
23 198
10 121
45 153
12 184
24 276
42 166
22 251
19 224

11 209
38 152
23 248
22 16
16 156
45 96
21 51
41 249
36 11
40 138
48 282
31 135

24 232
46 24
34 179
10 121
25 80
16 78
21 249
19 258
28 166
29 266
16 236
41 185
31 278
23 10
20 186
13 75
49 160
33 132
38 92
39 35
30 58
40 67
49 218
20 227
49 79

18 246
21 298
29 184
40 187
19 91
29 104
30 160
35 297
19 231
24 208
15 174
10 150
36 49
38 151
33 205
36 297
21 176
13 234
31 64

16 46
15 252
14 13
41 199
33 219
47 247
31 247
48 109
34 74
17 229
35 159
11 97
25 31
10 288
43 173
34 91
31 142

16 224
37 172
19 85
45 125
37 51
16 21
37 58
38 90
36 30
29 23
12 140
44 229
12 149
24 57
12 19
20 38
34 116

10 227
28 224
19 192
47 220
13 69
33 48
47 291
46 234
28 174
39 232
29 16

20 64
48 40
40 23
37 281
50 260
19 79
40 184
37 50
41 293
46 63
10 248
45 147
44 89
14 128
30 158
49 292
46 258
35 72
23 192
47 172
13 243

23 292
47 42
22 86
28 14
41 70
28 298
27 119
42 259
36 81
15 52
48 58
36 20
10 191
12 74
16 238
43 257
45 294
15 152
40 283
31 47
29 144
24 184
39 112
48 63

29 299
11 217
13 29
45 118
32 56
50 11
34 195
45 43
26 54
47 53
41 255
39 132
20 115
11 133
49 60
39 123
46 222
35 88
10 201
26 236
14 281
45 233
38 15
29 15
36 282
18 61
43 229
48 282
13 50
41 280

16 205
11 98
42 266
29 284
15 28
27 139
29 272
38 147
32 205
50 85
38 27
16 69
14 240
30 209
23 76
21 285
35 278

26 170
17 288
50 91
44 225
41 45
38 36
39 231
15 194
45 32
47 91
39 198
28 127
11 20
14 217
49 14
27 199
23 255
38 139
24 250
28 107
47 70
16 231
16 70
20 75
49 120
39 185
14 238

27 241
27 46
12 156
24 154
36 40
43 295
18 175
16 214
50 110
10 214
44 114
20 90
50 162
43 197
22 287
34 47
15 161
39 89
37 162
25 274
38 199
49 287
43 179
44 149
44 235
34 47
49 89
37 72

21 269
31 50
22 93
20 201
39 242
28 261
32 115
45 156
21 249
34 256
20 37
41 234
41 209
24 161
10 49
36 18
21 105
20 201
38 81
43 177
27 104
40 167

12 174
49 162
25 35
43 206
22 177
17 176
31 234
21 63
34 32
15 211
13 300
37 218
19 59

26 41
13 43
33 204
48 120
35 58
44 229
43 186
40 296
34 46
30 282
29 13
23 231
43 227
18 19
43 155
19 127
46 65
50 241
45 51
42 12
41 35
23 30
29 153
28 94
23 238
34 120
50 158

17 241
22 235
23 147
49 67
26 181
35 68
39 122
21 64
10 51
20 206
49 253
36 72
28 157
16 96
21 190
29 29
28 20
13 275

24 62
36 279
11 244
22 242
49 51
47 153
28 136
18 45
26 92
35 168
19 104
38 108
29 183
27 279
34 92
44 219
38 231
43 107
42 255
12 177
17 268
43 294
14 281
23 96
35 241

21 154
20 102
38 260
29 72
47 91
30 186
49 122
38 226
13 289
40 169
36 217
28 179
45 36
26 189
46 113
29 50
33 112
17 118
11 29
17 107
35 190
48 231

26 284
45 85
10 24
42 165
28 103
12 11
32 272
31 230
13 160
28 282
47 248
43 285
37 56
41 15
44 146
27 194
12 31
28 131
42 130
46 118
21 246
39 189
21 23
21 269
50 158
29 88
12 98

15 84
36 199
50 260
40 55
23 140
37 144
47 113
48 265
48 188
13 282
34 134
50 65
34 41
22 214
15 202
31 103

18 73
45 131
33 241
12 297
45 110
15 86
40 255
29 153
33 38
14 143
40 16
36 226
47 27
15 220
50 163
42 296
34 71
24 62
11 37

23 213
17 26
27 144
22 157
17 102
17 131
47 241
40 99
12 133
22 265
12 288
40 83
49 280
45 257
17 59
11 283
22 239
44 115
37 267
12 91
32 281
40 229
35 63
45 111

17 203
14 248
28 129
47 172
21 39
21 289
15 193
36 219
37 138
35 28
30 155
33 231
18 232
27 158
34 289
44 268
23 200
30 184

20 20
18 79
19 236
22 206
44 44
33 291
36 142
25 125
49 117
13 53
35 188
39 198
43 151
40 153
25 262
12 40
47 237
34 37
13 80
27 85
33 78

19 162
28 187
12 183
13 233
46 30
42 29
11 187
37 252
42 185
41 111
28 96
25 213
27 193
10 236
50 86
26 22
50 89
16 118
30 15
45 57

21 191
16 104
12 111
40 229
16 291
45 190
40 235
25 16
33 256
36 182
39 207
29 50
21 265
27 119
12 81
50 50
46 51
27 190
21 138
16 91
24 299
42 262

28 93
43 110
20 43
28 291
23 58
34 248
37 236
46 57
27 132
31 134
11 197
40 192
24 249
41 165
23 272
46 223
36 199
38 212
19 129
35 44
36 182
17 45
17 277
18 184
40 163
12 17
42 100
13 102
27 128

10 285
13 14
15 83
11 235
50 261
32 297
32 60
46 183
12 289
20 243
14 106

15 172
19 171
23 136
29 138
21 29
17 293
33 71
43 135
14 153
43 153
10 92
30 232
12 274
20 152
50 141
17 67

29 149
24 159
21 159
21 249
48 201
29 170
41 49
48 92
28 259
43 192
50 224
11 247
35 61
10 282
24 247
44 136
47 136
47 268
47 187
39 299
14 79
15 165
25 125
14 227
38 299
28 184
20 18
23 66
50 229
12 35

21 299
31 279
39 292
42 171
18 185
23 255
49 74
17 179
22 246
40 37
23 130
50 284
31 254
43 87
25 59
27 106
47 141
18 291
23 136
24 163
24 148
40 24

28 176
18 137
33 192
20 24
47 294
32 140
41 74
36 255
37 182
29 239
46 159
49 184
18 97
10 151
17 48
34 221
37 32
41 85
16 261
12 90
16 229
46 27
18 155
37 122
35 104
48 179
25 163
41 14
24 214

29 28
44 262
34 232
28 46
48 38
35 19
36 249
39 209
28 68
40 62
30 278
43 166
45 41
19 235
22 237
22 294
24 119
43 159
34 42
17 23
46 286
10 272
31 94
34 40
47 168
10 209
26 266
12 280
34 159
21 299

18 98
28 11
13 107
28 258
11 107
23 189
28 74
30 277
17 57
47 192
26 252
46 49
46 293
48 241
15 292
39 169
40 63
43 297
40 26

13 219
16 46
21 205
47 40
27 159
19 56
28 64
16 34
22 220
50 225
10 16
15 67
25 156
33 34

17 57
24 29
37 136
14 118
47 98
13 168
10 88
50 111
32 212
42 175
25 163
44 142
27 97
30 215
37 31
19 234
32 259
34 188

12 10
30 286
31 286
14 293
44 31
29 234
26 45
38 96
21 225
33 122
11 221
12 27
27 119

30 29
49 278
36 180
32 213
33 215
22 160
18 220
18 55
12 17
49 146
32 205
21 250
17 37
33 25
17 110
26 295
39 87
11 227
50 297
18 38
47 255
25 174
34 255
28 46
36 33
23 79
20 178
47 195
14 196
18 244
33 37

27 12
39 282
32 55
28 114
17 162
15 77
14 236
38 106
44 88
46 55
36 194
24 135
46 173
24 42
47 143
40 249
24 278
11 247
17 132
48 99
31 66
15 248
28 164
36 275
47 276
17 149
18 239
41 243

20 269
13 52
30 85
25 249
39 171
33 107
18 190
10 221
43 116
49 66
36 23
16 280
42 151
19 46
23 91
35 50
16 35
38 203
50 170
25 210
13 232

13 124
11 22
19 69
10 29
25 212
16 46
35 98
30 133
48 206
23 254
22 75
15 205
35 101
29 87

22 120
48 55
34 65
21 42
26 106
46 151
46 155
39 129
37 200
50 200
29 76
22 146
41 150
42 164
42 208
10 65
27 23
16 156
12 262
18 182
22 242
37 194
27 289

22 279
28 21
21 98
21 253
20 263
39 55
47 11
22 241
12 155
10 50
24 132
30 165
21 237
41 147
35 52
44 278
12 300
27 259
42 235
40 242
38 22
10 81
17 116

