72

11 255
40 28
45 152
48 58
33 119
15 296
17 144
14 233
37 249
16 85
20 279
13 164

17 117
30 153
40 111
46 155
11 277
49 162
30 300
10 215
16 131
34 177
21 266
43 40
40 29
13 186
46 81
38 57
25 157
29 278

21 24
49 217
33 275
10 133
39 143
39 205
19 229
32 91
23 193
25 214
19 210
28 180
37 284
15 269
45 216
36 161
42 55
33 252
34 243
39 216
38 184
17 78

26 108
41 45
48 141
46 35
36 186
44 89
19 91
40 140
19 149
39 173
18 293
44 234
39 269
30 274
29 203
19 26
21 24
24 72
43 112
10 181
18 264
24 148
22 255
20 81
16 233
16 122
38 133

30 103
17 164
32 32
45 153
34 113
45 29
12 254
18 146
37 203
21 115
49 154
33 250
13 116
14 216
43 209
35 58
35 294
18 116
49 108
10 243
35 115
10 254
13 258
15 148
42 207
39 134
20 271
26 107
12 286
26 286
46 84

26 117
15 175
21 14
39 179
21 213
49 37
11 66
26 159
24 228
39 233
31 186
12 101
15 172
18 181
46 140
41 164
47 174
31 187
34 100
24 84
16 224
36 287
43 277
39 201
41 276
16 77
12 300

27 69
39 295
43 10
31 112
43 20
19 64
43 194
25 183
26 139
14 266
47 30
31 192
44 155
14 148
22 118
16 245
45 15
33 49
17 168
39 186
40 67
16 101
34 232
37 203
38 24
49 68
11 124
13 192

16 254
15 246
16 70
45 286
37 114
36 55
42 142
43 52
28 117
22 228
19 255
12 277
11 39
15 281
45 25
46 295
26 171

16 112
28 145
11 265
43 267
45 116
48 147
50 135
13 284
32 174
34 66
45 71
32 50
20 22
30 225
37 232
23 13
47 291

16 48
26 294
42 199
23 220
20 273
36 244
49 69
29 227
32 154
44 255
14 152
37 164
38 22
28 21
49 195
34 52
23 57

12 158
27 166
29 108
19 71
12 246
48 47
41 12
18 157
40 82
19 51
35 150
43 30
23 114

30 46
30 10
10 207
43 154
49 245
36 273
18 71
40 42
25 237
17 199
47 291
29 132
42 108
50 219
25 99
26 206
33 193
47 237
41 240
42 59
15 229
15 16
38 73
25 136
49 39
15 47
50 56
17 183
27 279
20 90
23 113

18 244
15 142
28 165
12 195
38 215
29 121
28 216
22 99
41 212
38 221
14 145
23 208
36 270
42 231
28 293
11 28
28 79
47 27
13 151

11 193
32 190
32 272
26 222
29 214
43 243
14 65
37 226
40 188
42 151
30 233
40 208

28 112
49 17
30 112
29 275
47 175
19 207
47 240
42 199
32 61
33 37
50 46
15 81
46 261
43 82
26 42
39 178
17 130
31 22
40 119
33 126
23 177
29 82
38 45
42 202
16 256
31 265
36 38
20 120
37 106

16 133
21 295
22 185
24 61
44 250
45 196
21 231
41 215
14 246
33 120
33 291
42 217
23 93
39 54
15 95
39 148
46 162

27 225
24 139
21 268
50 120
21 147
39 86
22 196
37 222
26 18
34 228
13 252
37 170
12 91
17 122
10 292
34 75
36 206
38 296
50 299
45 174
10 42
38 130
36 173
37 243
15 196
37 285
48 221
36 288

14 204
29 238
20 111
49 42
15 31
47 154
31 261
32 178
22 102
50 117
19 121
28 233
42 83
11 235
40 101

17 81
19 28
12 277
39 26
38 130
29 234
23 114
49 256
40 44
36 254
21 47
15 201
16 46
44 216
28 132
11 170
33 229
29 286

15 196
14 118
30 256
38 108
46 95
20 37
35 84
50 35
23 289
40 25
28 193
44 296
18 283
20 288
16 20
47 66

13 125
44 19
32 212
32 31
29 205
19 67
43 172
41 280
18 197
46 90
15 232
17 217
24 87
31 39

28 179
29 240
15 12
20 106
33 79
48 106
34 117
36 193
27 18
32 208
10 144
26 263
24 227
36 89
32 135
50 45
19 260
22 285
14 213
27 228
28 53
43 220
38 75
34 127
27 89
26 49
20 20
26 47
29 13

28 184
28 278
38 85
41 33
17 10
48 196
27 116
31 184
19 32
10 267
33 291
18 296
46 96
15 270
50 103
40 96
34 147
11 234
11 116
37 69
50 204
16 151
31 277
44 123
16 149
30 180
14 10
24 210
18 60

22 76
17 273
29 288
40 216
18 86
21 12
49 279
21 34
45 298
44 133
43 167
44 250
42 161
18 51
44 256
43 107
50 264
45 242
46 295
17 241
39 230
10 289
33 280

20 24
43 63
18 145
35 147
46 229
36 67
13 41
30 162
42 124
37 159
48 251
42 20
50 292
37 180
37 227
28 124
27 181
13 85
42 16
22 104
45 58

15 77
44 103
35 232
17 256
20 110
41 45
44 273
26 291
48 298
38 298
26 100
15 260
15 201
32 93
14 44
43 267

10 162
14 262
27 72
28 181
42 273
15 286
38 75
28 269
43 72
26 21
28 122

24 93
30 286
32 259
31 251
36 52
20 175
20 138
15 254
44 174
44 126
30 224
12 169
28 275
39 169
46 205
21 150
50 158
38 298
29 179
28 243
25 20
28 284
47 78
41 21
12 283

23 240
12 198
17 87
35 15
39 14
37 131
49 29
34 163
33 86
47 162
25 186
13 273
31 227
22 76
35 106
20 191
41 218
36 68
33 215
23 148
31 71
16 37
23 113
16 13

24 284
30 123
11 253
49 281
50 138
20 13
48 186
12 119
27 19
29 159
33 239
28 106
25 41
10 289
10 151
15 238
35 206
25 214
35 243
30 182
26 35
27 96
27 101
40 60
28 102

27 298
19 287
47 203
10 171
36 263
25 211
31 208
11 35
33 284
11 106
11 202
25 109
35 49
36 134
45 229
48 113
36 166
46 50
15 223
50 23
50 232
25 32
28 297
37 158
50 201
30 31
20 122
47 114

29 84
17 64
44 121
47 101
34 78
30 131
25 103
28 291
42 62
28 225
44 91
32 228
50 133
18 49
30 30
45 149
27 43
22 153
33 196
45 203
19 249
11 198
15 104
35 300
47 240
25 226
35 246
15 175
14 250
37 67

27 259
32 170
36 71
31 160
33 41
38 33
10 43
21 205
32 97
13 240
13 196
36 289
15 27
10 163
43 281
11 49
29 37
25 197
38 41
14 82
26 71
13 185
43 102
26 113
26 241
21 99
12 291
23 137

26 131
41 277
34 42
43 56
17 233
20 178
22 257
28 157
16 235
18 45
36 40
36 33
42 230
13 222
42 152
14 14
26 240
33 152
15 141
27 191
36 21
19 202
17 34
28 44
48 253
30 213
45 179

11 120
46 10
38 263
31 124
50 296
36 268
24 82
40 30
28 174
24 98
39 236
46 57

12 126
12 188
48 277
20 235
14 136
23 116
39 116
41 268
34 152
17 75
37 115
45 226
15 211

12 237
37 101
11 243
38 256
35 193
33 229
18 36
35 132
48 277
37 49
41 42
30 26
40 280

26 173
14 110
17 191
11 125
50 112
45 11
26 60
38 64
14 147
49 277
49 196
16 225
10 264
39 152
38 263
20 155
47 171
44 237
36 223
34 124
21 292
37 36
10 226
37 163
42 33
42 49
40 209

22 142
33 59
30 294
15 165
25 15
48 59
40 197
29 47
39 141
41 299
21 151
44 193
18 48
35 273
25 70
37 188
27 144
18 198
39 241
48 11
16 251
26 240
25 235

30 215
17 35
45 128
15 201
11 217
48 76
38 131
49 273
21 189
16 233
34 155
34 189
45 120
25 16
21 78
44 291
49 218
30 286
16 283
24 283
14 258
18 130
46 182
32 137
46 195
33 68
38 77
32 96
24 165
46 159
20 191

29 101
19 91
12 18
47 153
22 276
23 237
13 98
44 185
24 97
16 10
32 229
48 13
10 54
14 225
38 288
10 20
28 298
21 204
40 283
45 275
30 14
43 128
22 226
39 163
15 135
49 278
47 234
28 195
12 215
19 236

17 253
23 222
48 164
36 208
28 187
44 27
23 132
45 263
27 136
47 74
42 115
17 49
19 205
23 58
10 101
22 261
23 287
30 198

25 148
30 81
13 204
14 49
19 11
41 241
28 236
47 188
17 72
42 205
10 269
39 128
45 241
28 192
13 270
50 278
26 230
11 113
29 136
14 254
35 186
40 178
21 183
35 128
19 202
41 235

28 210
33 187
39 139
50 225
26 57
44 247
21 208
49 112
21 157
10 21
27 259
20 97
20 278
41 157
45 30
12 166
11 47
22 188
30 129
30 16
24 148
44 121
46 12
35 274
36 205
24 117
23 226
12 207
46 200

19 249
15 294
31 193
18 247
46 31
44 95
19 88
27 82
41 142
30 271
15 223
45 71
23 196
40 266
16 100
49 114
11 160
21 189
11 102
11 271

21 171
43 256
27 215
40 139
17 212
40 156
19 131
33 54
37 142
49 100
48 34
16 196
13 99
33 225
28 167
17 275
39 27
13 169
23 184
23 295
46 129
12 96

20 292
20 16
39 160
48 79
47 245
13 174
46 147
42 35
18 178
16 199
42 132
19 178
27 247
30 85
44 80
35 192
20 90
21 43
26 252
39 202
10 181

21 150
32 51
50 104
45 131
13 75
18 82
22 212
17 139
24 35
35 139
29 289
10 107
50 119
35 181
46 205
22 59
28 294
33 104
26 230
25 128
38 162
30 286

25 19
34 223
30 299
45 170
34 10
29 78
39 264
14 95
34 288
26 180
42 255
23 80
25 295
17 166
42 235
24 137
40 282
50 150
23 30
16 103
31 208
15 69
48 10
41 280
44 252
20 255

26 37
31 242
24 63
16 242
13 199
37 169
37 271
15 19
13 67
11 155
24 150
36 193
46 160
37 246
50 155
23 169
18 24
10 43
14 81
24 149
24 72
19 160
12 155
18 17
16 45
12 123
40 99

16 189
18 186
15 76
26 35
14 96
37 37
24 293
39 61
18 109
47 134
31 121
12 134
22 67
22 115
25 180
40 149
50 205

23 170
16 263
38 193
19 83
24 290
11 162
33 20
17 151
29 21
43 18
32 291
13 125
25 279
34 190
39 22
30 229
50 194
31 61
44 277
35 286
34 92
16 298
13 110
36 68

25 20
22 10
50 282
37 19
32 143
18 44
43 75
38 84
23 299
44 141
13 207
26 283
17 63
45 211
45 71
40 189
46 95
26 46
37 105
50 294
31 68
37 281
36 248
23 242
49 138
32 284

17 33
13 142
10 167
31 20
22 208
25 157
40 148
37 284
41 155
15 57
31 97
22 205
26 159
31 19
26 134
12 191
43 16
14 219

26 85
16 63
35 258
35 48
26 141
22 154
18 76
45 244
11 49
24 153
48 102
34 180
36 82
43 180
30 139
17 290
25 58
11 22
42 205
35 295
39 158
50 224
15 262
47 292
24 206
37 33
39 109

22 47
37 97
30 271
13 112
36 78
12 278
10 167
38 244
44 46
43 115
15 241
48 283
24 174
24 172
35 278
24 41
13 30
20 264
31 24
46 149
11 260
42 51
31 33

15 212
18 40
17 282
34 145
26 157
28 258
41 51
27 118
22 76
26 19
42 92
15 171
29 106
38 218
44 43
27 159

22 272
38 179
16 54
42 170
32 158
37 31
31 49
20 132
26 127
20 245
37 163
14 88
47 247
21 140
17 103
21 160
46 68
26 206
38 183
20 234
10 221
21 263
21 185

26 112
46 279
21 167
28 193
41 204
13 242
42 233
19 55
20 83
16 159
41 85
42 159
48 29
31 259
21 261
42 284
32 227
22 181
20 33
43 54
47 63
20 220
44 193
10 187
43 297
50 24
33 93

23 49
50 270
42 259
33 211
46 126
40 300
23 103
28 233
33 164
48 172
41 37
36 46
28 168
40 84
29 32
32 291
47 269
10 275
15 104
48 203
18 35
27 113
46 103
43 291

15 102
39 39
23 57
44 123
24 47
46 280
48 170
16 276
20 269
37 161
40 244
50 65
10 215
32 81
35 122
18 71

23 198
46 250
46 278
26 21
22 252
14 182
12 284
18 139
29 179
27 27
44 48
32 83
47 133
39 271
32 259
36 111
12 10
35 224
23 15
48 19
34 117
23 76
49 12
11 109

12 180
48 256
23 217
16 186
13 241
18 147
47 228
20 42
35 68
47 106
15 285
11 192
22 75

19 188
35 230
23 273
44 287
43 233
15 136
33 152
24 300
27 126
46 198
14 254
31 100
40 269
47 22
37 244
11 104
45 85
45 59
46 195
37 27

19 216
48 239
14 184
31 208
14 119
23 21
46 73
47 112
24 205
41 258
21 239
13 13
24 188
33 270
19 160
44 164
40 56
29 28
36 232
38 104

30 185
25 221
32 127
34 114
50 189
48 67
35 178
37 194
11 76
19 268
35 98
26 261
40 248
36 184
13 94
44 170
50 265
25 139
26 258
47 180
39 32
29 56
42 74
42 32
28 41
21 213
18 26
39 70
20 142
35 224
26 26

28 100
15 33
24 251
29 63
31 277
22 264
25 141
14 231
40 88
34 108
48 168
19 255
35 102
41 73
48 29
31 228
29 269
12 207
38 240
39 176
10 271
38 90
41 230
12 28
17 159
21 250
45 281
18 232
37 123

14 256
48 88
46 122
19 22
23 31
41 109
21 172
49 60
31 251
40 97
32 186
18 187
12 120
18 246
16 210

14 206
25 201
18 91
17 117
28 25
12 53
27 146
10 290
22 283
42 124
35 165
12 58
21 197
28 228
23 223

24 149
13 158
28 300
46 36
18 246
25 140
37 161
42 256
33 288
42 215
33 77
50 86
11 219
18 246
49 125
26 264
35 266
46 171
11 125
25 256
42 225
38 203
25 275
48 195
39 283

29 124
27 129
43 194
48 17
14 62
38 206
22 101
26 27
29 204
10 122
50 179
21 100
47 76
21 215
48 146
21 264
11 240
31 191
23 79
25 212
14 129
10 245
11 88
28 196
21 60
33 269
15 103
40 157
33 98
39 157

18 163
39 119
43 114
10 116
13 246
30 233
31 172
19 221
35 159
48 72
43 146
39 101
29 113
23 181
35 165
49 45
40 157
42 189
30 212

