70

18 267
35 186
24 137
48 180
10 275
13 32
11 219
25 192
13 193
42 260
10 93
39 181
10 224
25 27
16 298
49 163
26 158
22 170
28 48

18 261
23 188
48 154
24 276
14 127
28 123
48 11
50 45
41 152
29 22
34 43
27 253
28 228
39 266
10 202
11 183
33 63
25 91
27 20

27 13
13 119
20 265
47 196
17 278
12 291
33 249
25 152
42 132
11 121
14 21
49 282
34 42
45 273
29 54
35 258
13 246
33 221
28 255
28 196
11 128
32 245
24 125
19 98
11 238
45 14
38 41
44 94

19 121
43 81
46 148
35 105
21 103
35 150
44 150
10 90
12 237
50 223
35 159
13 10
12 113
37 30
10 35
13 198
23 143
39 50
14 240
26 157

29 23
20 27
17 198
50 206
11 19
30 75
36 237
29 88
34 247
47 58
41 80
33 176
37 61
19 114
31 14
21 121
24 116
33 117
14 240
14 294
25 294
10 215
10 36
49 278
17 123
43 35
11 177
15 180
39 67
36 128

26 67
26 127
26 123
43 143
24 234
47 37
28 110
43 181
45 160
41 105
34 230
18 258
44 63
42 127
19 111
30 136
38 57
49 157
32 177
29 144
17 50
38 162
34 111
44 10
34 26
10 111
48 31

21 187
13 184
44 70
24 141
42 58
29 149
49 19
33 163
43 214
25 298
42 191
45 148
28 264
30 201
16 242
19 149
17 71
12 127
38 30
32 186
31 193
35 187

12 34
24 98
20 286
38 87
35 24
43 222
47 11
21 268
31 31
10 248
34 145
45 25
17 231

20 227
48 261
23 82
39 252
18 260
30 196
15 83
22 98
11 37
42 140
36 59
38 197
24 129
20 101
29 46
35 244
15 31
49 31
11 275
26 263
21 25

22 53
37 222
37 59
13 237
38 296
11 214
24 267
37 283
48 270
16 249
44 38
16 102
19 121
34 294
31 137
43 211
37 162
29 216
41 51
33 69
33 155
36 148
12 103

12 157
32 174
32 30
11 294
15 78
25 32
26 250
30 40
16 212
24 135
28 106
12 297
29 134

20 119
46 216
25 52
22 194
26 133
24 137
46 139
18 234
16 274
41 192
25 252
33 98
25 81
19 124
49 65
21 71
43 244
27 15
17 197
26 52
37 161

26 18
45 43
37 61
29 85
23 109
44 126
31 247
26 180
39 43
45 275
17 174
22 144
48 141
31 157
17 15
25 149
27 182
29 171
21 31
15 267
41 127
37 106
50 215
24 33
19 115
15 15
15 204

20 23
41 186
16 226
19 26
47 40
24 214
22 174
22 218
24 242
46 119
17 167
17 67
46 276
19 91
12 12
16 280
10 210
23 258
29 222
11 147
37 260

20 33
50 100
22 120
37 187
49 57
21 156
45 74
38 17
50 263
31 225
11 36
26 146
46 220
41 36
37 133
27 252
49 268
42 168
37 174
12 25
43 273

19 35
49 68
47 199
35 111
18 182
37 264
46 18
45 38
38 134
43 142
32 127
34 231
18 273
23 135
25 119
48 150
22 162
28 262
18 95
10 113

10 244
43 92
31 251
18 39
30 131
26 132
45 143
38 114
23 111
42 283
11 221

12 184
19 191
49 225
29 211
14 32
24 182
48 41
35 103
15 17
27 69
46 191
27 262
21 53

27 80
38 61
23 109
21 131
12 125
11 226
10 155
11 184
18 39
29 194
27 60
15 79
17 31
15 231
28 178
38 24
14 254
45 174
35 156
46 89
25 136
42 267
31 95
31 11
36 275
14 263
29 152
16 258

24 159
10 205
14 142
17 154
42 78
44 127
24 212
35 80
21 279
41 62
12 168
26 112
50 81
41 264
50 15
15 174
41 13
27 188
21 116
46 78
16 81
29 196
10 196
40 91
41 94

25 217
10 293
22 54
30 62
30 131
14 94
28 272
47 262
34 189
34 195
23 232
39 247
31 20
46 13
15 175
17 140
41 20
48 277
32 208
37 163
31 244
15 263
19 184
45 271
28 76
50 232

29 35
16 218
27 185
14 251
24 40
29 66
21 21
41 72
47 195
30 144
31 114
46 121
21 299
46 44
50 60
44 178
45 245
41 262
25 297
34 234
32 64
27 232
16 218
49 91
27 110
50 81
18 236
26 151
11 76
24 182

18 198
42 224
30 269
45 279
36 154
42 41
33 274
12 183
40 28
15 284
16 42
35 42
37 46
20 79
16 170
10 294
45 21
37 140
26 171

20 53
43 54
43 69
36 196
26 78
27 300
47 135
45 149
20 139
24 54
37 35
34 138
33 186
22 132
20 76
36 156
50 106
10 235
22 297
19 153
27 57

23 84
41 294
46 161
17 61
41 65
37 118
19 300
46 93
21 105
39 152
34 229
29 119
18 29
27 260
31 107
38 127
19 141
11 101
34 148
46 244
23 175
42 102
31 79
45 21

25 269
11 228
48 265
26 108
15 30
36 152
48 272
41 73
31 227
30 52
33 198
24 202
10 231
11 41
23 49
43 218
14 257
19 73
39 225
25 32
37 68
46 167
31 167
34 74
17 66
47 243

22 117
47 98
16 258
37 278
33 131
28 295
44 163
25 204
19 274
43 14
44 195
49 272
43 120
23 157
36 123
27 299
42 155
28 226
36 250
44 265
13 223
18 149
31 222

15 145
18 73
35 25
28 112
36 252
28 281
48 219
43 152
30 84
20 168
42 166
18 220
34 208
29 181
16 27
16 195

29 168
40 69
11 194
49 237
31 157
18 168
29 177
35 221
26 64
41 177
10 19
44 18
17 243
45 69
41 218
49 203
24 20
29 15
33 184
17 49
29 145
31 96
31 113
21 217
23 241
50 198
25 101
37 150
22 295
50 260

26 23
15 227
12 170
48 235
26 209
37 86
26 298
26 58
44 162
18 50
11 231
17 222
32 76
33 22
29 222
30 239
48 99
34 37
25 178
10 67
16 230
10 20
43 90
23 296
38 148
29 196
14 114

19 117
30 278
39 21
30 21
32 128
32 255
22 222
34 180
44 139
11 243
44 22
27 284
34 281
11 177
38 135
18 241
50 183
11 272
17 143
41 104

29 129
22 26
44 177
31 267
16 32
47 170
13 259
19 15
36 250
11 142
25 237
43 248
12 156
12 160
16 138
15 252
18 42
17 258
19 177
16 14
38 167
20 252
47 206
26 143
37 11
29 80
35 116
25 88
43 14
27 29

13 137
32 25
14 59
34 131
50 269
21 154
34 92
50 273
16 61
24 265
13 127
16 56
34 122
34 56

15 53
31 176
40 163
50 178
20 211
40 236
32 121
21 213
20 165
23 209
17 119
39 34
47 178
48 42
40 131
50 74

23 287
45 109
35 28
46 123
39 157
35 56
33 62
50 22
35 226
18 119
39 135
17 22
22 228
19 136
12 112
10 127
30 209
36 245
50 118
19 292
36 77
42 67
28 169
23 280

26 41
49 188
32 207
47 172
37 20
49 12
25 74
15 121
23 122
50 243
26 38
18 171
48 296
43 277
30 257
42 59
24 81
24 193
35 153
16 146
49 50
41 113
32 235
29 259
30 273
14 202
15 195

25 158
23 232
39 166
26 296
43 297
27 296
49 203
20 286
40 297
32 280
42 11
44 201
22 248
42 276
40 169
42 119
21 232
41 104
50 73
30 181
16 88
33 192
20 39
33 154
42 236
17 225

10 283
18 150
43 13
18 297
25 217
38 28
49 59
40 288
20 216
31 70
39 91

30 190
45 237
49 273
25 272
18 229
47 300
37 287
44 297
39 15
12 166
44 181
38 288
38 155
44 300
38 125
11 149
45 213
26 287
22 152
50 70
28 69
33 162
33 283
26 63
43 236
35 225
31 223
19 65
13 196
31 47
11 15

28 253
30 223
13 48
16 68
17 173
30 31
50 84
39 114
37 123
37 88
32 68
29 131
14 144
36 75
19 61
34 300
42 210
11 114
50 294
47 195
41 277
37 62
32 99
45 57
19 141
32 171
43 60
48 83
23 96

27 173
35 255
35 104
41 174
41 250
43 283
39 203
26 83
30 149
33 185
49 279
34 46
17 57
44 112
32 107
47 211
34 118
19 70
11 166
47 38
38 79
10 261
25 26
19 177
46 104
17 208
23 180
10 167

21 193
29 252
22 290
23 48
11 295
28 193
30 24
49 298
47 92
36 191
49 119
21 125
28 197
25 286
19 252
24 30
16 125
33 299
46 155
23 298
41 254
26 209

25 231
20 241
47 285
26 215
38 231
44 214
18 133
22 227
18 272
43 95
26 89
48 187
14 62
11 94
17 189
10 172
41 270
43 157
32 107
23 187
17 277
47 38
38 294
34 264
40 142
20 116

16 288
13 44
10 35
35 134
35 282
37 75
39 228
25 269
47 68
26 41
49 287
42 238
20 77
38 159
11 10
20 70
26 194

15 288
39 166
25 284
41 110
28 147
43 94
41 189
17 102
32 163
43 36
47 142
46 274
50 43
28 233
20 163
40 92

23 121
10 298
11 129
36 276
15 28
27 286
35 135
23 45
48 97
41 83
31 236
16 18
37 284
44 181
36 226
25 247
14 284
27 161
43 288
40 12
23 265
22 294
47 238
11 122

19 104
22 203
48 52
42 291
29 22
47 138
17 118
12 216
16 61
46 252
42 218
41 57
26 261
22 62
34 183
33 166
50 110
23 71
11 84
21 240

19 36
27 193
41 173
48 247
34 281
13 294
34 203
33 208
13 291
20 235
14 119
27 107
18 298
40 169
14 166
34 215
42 125
24 255
13 274
32 161

19 113
48 73
31 16
49 264
47 58
38 300
36 176
11 269
29 120
11 181
33 136
34 78
49 67
24 76
10 112
37 242
41 44
26 259
50 268
14 169

24 13
13 246
37 287
43 269
46 226
49 192
47 98
18 50
11 28
48 46
28 262
49 132
23 186
19 212
22 103
27 283
15 133
26 231
49 217
40 245
28 277
49 283
27 252
27 83
24 127

30 212
27 257
20 118
21 109
43 68
24 24
17 25
40 16
34 291
33 86
38 127
50 287
50 139
23 55
36 281
15 96
23 260
31 286
47 16
37 120
26 70
49 50
29 28
25 287
47 258
47 109
17 176
38 142
33 22
29 233
25 117

13 222
14 291
41 74
42 162
16 115
47 175
41 187
29 203
40 43
15 196
28 75
10 147
13 175
46 134

11 203
19 78
40 242
15 203
21 91
13 64
28 271
45 218
22 123
11 212
22 209
25 89

20 53
26 263
30 201
30 98
40 215
21 162
13 82
20 113
39 243
27 294
48 79
34 137
42 243
11 70
37 90
35 30
22 91
37 128
20 54
28 224
23 209

11 170
10 202
11 296
15 113
36 245
30 13
45 277
35 134
32 197
16 82
47 211
32 52

28 227
30 95
19 75
44 123
45 236
29 167
44 255
34 208
48 63
38 182
17 108
25 38
46 177
44 276
17 295
50 295
27 271
48 140
43 54
34 181
34 149
22 299
49 128
50 234
25 203
24 90
16 138
43 133
17 278

24 103
26 279
15 57
29 86
39 245
26 48
11 101
48 241
42 181
38 140
50 22
21 44
34 290
42 79
20 284
37 224
20 38
17 137
42 24
39 239
19 189
41 15
37 232
35 31
18 183

15 72
35 153
41 50
19 199
13 13
15 59
11 63
21 112
45 51
32 234
29 161
21 89
11 24
41 285
13 107
11 129

22 10
29 117
33 187
43 88
19 295
44 298
48 40
12 131
11 207
30 47
34 80
14 174
44 114
42 23
26 219
47 136
42 293
26 123
18 54
18 40
36 213
38 146
35 66

19 297
46 70
20 181
37 83
26 144
50 20
26 181
13 260
30 161
43 252
48 22
23 95
49 39
40 50
40 57
24 295
16 195
11 297
26 116
30 122

14 205
23 46
43 46
37 56
15 164
15 128
11 113
44 244
44 144
36 60
17 82
26 180
32 251
50 23
42 67

19 125
26 258
13 78
33 253
16 172
50 143
10 197
27 290
45 138
46 219
34 272
50 279
29 73
40 136
11 169
15 298
46 170
46 31
24 233
15 68

12 107
27 270
23 19
28 126
41 25
22 31
46 124
31 71
43 186
46 212
19 217
48 196
17 248

14 285
28 178
14 279
50 64
50 171
39 67
10 276
18 273
46 33
18 135
36 255
21 296
29 196
42 206
14 71

16 59
45 275
28 125
45 82
39 240
26 278
27 97
35 13
17 189
45 268
50 201
27 282
21 51
28 12
47 293
13 105
50 87

29 78
28 283
31 34
42 245
21 31
23 198
42 173
31 105
15 20
34 236
11 140
19 261
21 211
45 186
48 111
12 298
19 206
21 136
28 170
50 257
44 105
18 229
35 114
29 23
29 60
48 71
23 88
35 291
41 233
42 41

27 264
45 227
47 129
20 291
15 106
47 293
18 117
15 64
17 292
42 82
25 140
21 218
18 142
49 111
40 50
42 106
15 35
29 227
20 189
19 156
50 16
41 177
30 264
36 177
47 76
36 117
13 89
42 111

13 105
22 246
23 242
34 71
21 93
40 68
40 53
49 170
33 165
37 300
22 45
48 238
23 94
41 185

17 48
31 193
44 258
46 11
36 213
22 262
10 256
32 159
16 96
28 298
49 283
14 189
38 165
25 145
29 61
30 169
14 74
48 248

14 240
39 298
50 95
36 119
46 195
45 154
34 225
48 46
44 267
12 118
23 175
20 75
13 223
31 236
10 45

