63

20 282
37 133
22 236
33 237
35 69
41 187
49 183
24 89
14 187
43 275
38 168
48 264
49 262
19 217
46 69
34 250
16 174
41 201
26 270
12 31
33 229

10 70
15 291
46 179
16 33
48 94
32 282
13 266
40 184
38 192
49 251
34 11

16 198
34 139
13 85
43 84
15 185
14 170
36 255
27 62
27 120
46 148
31 151
47 263
21 207
37 64
16 15
26 157
21 48

29 266
19 33
15 174
35 204
33 128
49 281
14 56
43 242
24 34
40 180
39 296
27 207
49 21
21 225
29 288
43 171
30 149
26 274
22 229
41 251
37 203
41 145
12 250
13 137
43 107
38 12
19 104
19 86
47 194
28 218

28 114
14 251
41 29
19 184
38 159
22 138
43 52
13 283
14 164
34 177
42 277
25 58
15 277
36 200
39 244
27 67
22 275
12 288
50 180
20 121
38 121
28 65
26 109
28 293
40 221
34 123
13 14
17 185
48 234

30 164
20 137
22 287
30 117
28 92
33 267
23 191
18 25
37 176
12 148
15 202
42 159
31 174
50 250
45 238
32 116
30 120
33 276
45 12
30 243
27 26
17 297
23 202
27 23
34 169
39 74
12 70
22 65
17 25
32 170
13 214

11 45
41 11
46 156
47 143
45 23
40 257
47 74
36 23
43 120
28 80
46 221
11 16

30 143
25 268
12 45
41 191
46 217
50 140
49 246
43 183
11 137
39 218
33 174
28 178
20 194
12 154
18 115
19 142
49 244
33 82
28 139
29 260
44 158
17 243
41 128
14 205
49 252
45 181
42 76
30 282
33 291
17 298
41 14

27 197
19 209
12 248
40 188
31 209
20 66
30 70
18 102
48 144
38 284
40 115
34 119
17 61
36 183
30 52
38 286
17 184
31 156
42 208
42 43
10 31
38 263
22 61
25 56
21 298
40 205
37 213
11 246

29 199
19 236
27 191
18 103
36 265
15 264
10 213
32 34
25 138
27 95
43 167
32 291
31 142
11 35
16 16
46 217
19 58
41 203
50 173
41 217
32 155
36 83
46 106
23 204
42 278
16 120
15 262
22 68
41 76
14 85

28 152
39 294
46 284
48 18
47 38
46 29
27 176
40 155
40 227
43 189
33 159
22 165
47 275
11 54
27 255
43 150
22 149
21 161
50 215
13 66
50 260
22 118
40 291
10 84
41 121
43 268
35 182
25 29
27 27

28 78
47 159
43 279
23 299
10 177
49 93
28 150
49 211
40 213
20 283
29 15
16 255
46 258
46 274
26 63
22 142
20 220
15 291
37 23
23 180
18 230
39 227
39 25
14 173
37 23
24 203
40 59
38 182
16 222

10 57
24 293
22 167
41 163
12 156
37 283
25 76
23 42
21 135
30 165
18 77

23 86
31 32
50 247
33 246
11 141
46 116
33 114
16 81
43 226
24 198
37 225
40 89
24 40
28 16
25 239
35 200
29 236
33 255
48 244
44 30
32 97
18 43
45 141
38 39

12 182
33 190
31 32
49 235
43 147
46 234
30 196
10 97
19 245
18 162
12 152
21 246
32 152

15 189
27 28
44 134
29 102
20 243
29 143
40 59
47 272
47 154
37 68
41 150
35 236
29 197
16 70
22 270
27 123

15 235
48 251
25 42
39 77
41 176
23 124
26 61
13 78
45 221
50 115
32 283
49 141
26 151
15 50
21 115
23 282

13 257
11 243
26 262
15 22
34 140
44 181
40 93
20 78
47 54
18 231
26 43
26 278
39 275
25 79

28 127
23 214
46 235
33 135
28 24
37 287
12 78
37 235
46 116
41 100
41 264
15 282
14 10
32 20
50 32
12 287
34 241
21 157
46 170
46 276
13 82
12 267
23 38
15 246
11 60
16 247
32 193
33 10
42 121

27 223
40 256
48 167
14 29
26 279
42 171
25 206
22 275
36 148
31 140
16 187
36 46
19 255
39 52
32 222
42 218
45 188
48 297
16 168
28 93
46 160
49 243
26 210
20 142
35 54
38 285
31 260
11 191

22 70
14 182
43 120
11 38
24 151
18 130
33 65
31 84
22 20
48 41
41 209
36 232
20 244
29 292
17 34
14 194
19 204
20 24
12 31
38 282
14 36
24 206
34 78

15 148
18 46
24 27
24 184
16 75
18 52
20 233
44 139
16 269
37 96
14 67
16 157
45 137
50 32
50 279
47 235

11 283
11 22
38 271
24 87
13 136
15 271
19 263
41 53
35 126
41 113
18 30
49 91

12 261
38 48
40 74
42 170
31 180
49 221
30 42
38 50
21 202
10 232
25 155
48 79
35 148

26 186
13 153
25 207
21 25
19 255
25 217
46 286
49 266
43 20
34 149
14 96
25 291
50 263
27 51
35 177
15 261
48 197
23 56
25 91
34 238
48 265
38 85
47 144
30 195
49 237
17 78
25 146

23 175
21 257
31 126
44 249
24 21
11 246
41 72
16 140
39 208
11 69
21 246
37 149
14 237
11 41
41 272
49 222
34 204
34 123
30 176
24 137
14 84
36 238
13 78
39 54

22 152
15 20
43 73
10 18
33 128
47 110
19 30
22 87
46 169
10 224
44 131
50 246
49 172
27 239
46 296
30 80
27 24
36 38
25 117
46 124
21 96
30 201
18 247

15 281
39 227
15 286
43 236
15 110
37 61
13 193
16 248
11 281
38 126
14 63
12 237
46 74
30 14
10 48
33 247

28 33
23 231
17 61
21 237
38 202
32 274
41 120
28 211
46 56
38 251
10 191
45 56
44 120
37 294
34 262
47 18
39 205
50 66
43 153
37 146
30 26
47 47
31 184
49 134
33 220
45 101
30 253
26 271
26 13

19 273
11 176
48 295
40 183
22 270
46 237
36 125
34 143
19 181
17 17
20 50
15 259
45 111
18 46
47 142
26 13
41 43
32 34
19 193
50 197

30 149
46 123
28 201
35 60
23 128
30 16
18 258
31 150
20 20
25 218
50 35
18 242
37 126
44 165
41 296
48 243
18 151
22 160
35 239
44 131
30 65
17 62
35 194
46 233
37 150
39 185
18 282
28 236
32 233
14 277
11 111

21 154
40 152
49 207
50 176
17 142
25 126
47 222
17 156
35 222
11 46
15 93
42 287
45 242
12 129
25 218
37 183
12 70
39 127
17 241
40 127
36 72
18 58

17 13
21 231
27 94
32 76
28 153
43 242
21 265
40 120
18 178
50 183
11 246
34 247
13 211
25 213
47 232
18 191
44 233
48 171

30 209
28 26
44 138
11 256
21 283
32 112
18 238
49 239
27 75
44 134
31 182
33 22
45 50
13 297
48 256
38 258
13 234
19 118
27 241
19 181
45 228
27 224
49 224
40 283
20 300
16 24
41 187
20 261
40 97
42 183
25 75

13 220
44 270
19 210
35 272
40 258
28 87
15 248
31 12
43 73
32 109
47 20
45 253
30 26
26 232

17 149
18 64
50 142
28 31
31 232
43 39
22 149
22 21
42 116
19 270
14 104
37 97
30 90
35 172
13 15
48 253
13 77
14 222

28 227
40 225
29 297
38 87
18 274
36 254
46 257
41 41
45 264
22 61
34 155
14 109
35 59
14 14
20 121
47 135
38 112
42 181
14 75
38 139
22 162
36 130
13 193
12 257
16 279
32 150
22 96
36 156
30 171

25 18
27 85
44 46
18 69
27 15
45 268
18 172
27 151
16 79
16 151
31 188
21 141
14 262
38 143
44 131
25 89
44 71
50 93
35 111
11 185
20 12
42 236
48 63
30 196
48 156
14 241

30 21
15 129
10 195
19 14
42 118
45 202
29 195
26 232
16 17
35 19
43 249
14 111
45 298
21 247
34 82
22 62
45 54
46 283
12 41
34 216
17 229
26 163
49 91
35 257
32 21
38 161
29 172
31 285
37 99
45 115
46 205

23 33
21 75
15 179
46 46
16 240
17 127
39 223
33 133
45 175
27 221
11 232
31 225
14 237
43 209
35 191
28 51
35 28
26 248
35 155
45 188
50 65
42 204
45 209
36 190

20 106
36 131
33 71
37 194
35 177
39 47
26 156
41 57
50 236
12 288
11 21
39 288
41 144
25 105
29 82
42 97
41 158
15 186
16 117
43 197
16 47

26 223
26 213
47 183
41 143
20 54
33 268
30 227
17 135
29 234
30 26
34 62
16 102
20 160
30 129
39 95
26 274
13 28
48 183
50 172
13 98
45 300
28 61
46 17
16 205
37 208
36 234
10 115

29 228
18 54
26 284
44 76
36 231
28 163
12 128
39 127
12 156
22 227
31 174
28 177
42 133
34 66
47 82
30 236
29 216
33 43
34 263
20 166
14 80
41 52
21 144
44 233
44 12
47 296
21 246
11 222
41 188
30 208

26 136
25 233
19 171
29 37
15 110
25 65
17 226
22 193
41 170
19 191
24 283
50 18
37 149
35 219
14 13
31 25
21 32
30 26
39 143
50 230
30 155
28 149
42 13
16 96
38 67
20 290
25 218

10 278
20 27
22 126
11 124
47 168
48 178
48 80
46 121
13 113
48 73
45 96

12 198
11 280
43 186
42 88
24 178
15 214
32 85
47 79
42 232
29 42
40 53
34 44
39 214

20 227
28 228
48 212
29 27
14 99
34 295
35 209
11 152
34 257
33 120
37 36
30 276
17 286
26 118
33 175
32 296
45 177
37 78
22 101
27 111
15 104

12 73
50 221
41 103
18 291
11 50
26 66
17 64
38 128
22 159
10 58
44 249
17 214
45 287

20 195
10 43
13 255
28 193
15 88
48 115
28 260
44 50
41 30
42 72
19 47
14 24
21 157
50 262
35 277
44 297
46 127
31 276
39 201
38 111
45 39

16 10
46 15
23 161
48 91
12 76
25 193
49 207
41 23
40 280
50 124
36 108
26 128
26 202
16 190
40 80
46 150
25 51

11 77
44 237
27 142
16 78
14 137
25 290
46 293
45 280
20 157
13 224
41 287
18 127

22 156
15 21
38 224
43 178
38 14
19 138
38 22
24 61
21 264
10 36
32 129
15 181
35 104
24 75
50 31
46 192
33 126
21 105
13 242
35 251
14 277
50 292
27 93

16 257
26 178
16 227
48 114
28 84
41 21
12 31
40 213
18 20
35 114
41 227
37 95
32 258
23 52
48 129
25 139
31 56

25 229
14 224
30 210
29 133
27 184
20 45
45 230
39 31
50 102
11 137
15 220
18 120
48 253
47 114
28 234
47 95
37 258
24 57
19 220
48 244
23 271
11 145
14 248
32 296
23 151
31 274

30 210
22 231
30 256
38 154
33 269
39 215
33 50
49 110
32 219
11 211
12 87
20 163
40 188
26 50
35 198
36 259
16 281
24 147
27 38
47 255
46 186
28 230
29 206
23 42
30 88
11 207
10 176
22 70
42 138
45 219
33 186

16 246
36 194
37 101
12 139
36 155
10 43
28 191
47 38
19 297
42 72
41 48
42 213
14 263
30 24
38 131
50 126
49 195

19 155
16 201
15 239
40 105
29 115
19 145
37 181
28 265
33 19
19 92
10 118
31 191
43 295
13 151
32 126
32 172
33 229
10 84
44 175
48 137

16 38
46 294
48 146
43 168
17 130
19 202
12 139
35 180
15 89
23 188
46 211
16 45
28 292
25 214
29 232
24 169
31 78

15 241
24 175
44 300
11 36
38 14
14 32
26 38
16 59
19 282
32 97
12 160
47 159
39 224
37 154
27 221
14 80

25 285
32 279
37 287
34 240
29 51
11 155
39 220
50 65
34 11
50 15
44 295
45 230
27 215
49 296
21 283
19 15
15 295
39 280
23 116
38 175
19 81
16 52
12 235
20 200
45 129
32 87

30 280
13 87
42 60
45 220
15 98
30 291
41 258
27 173
21 236
46 80
40 210
18 158
19 108
46 85
49 298
20 132
14 256
44 39
21 101
27 225
20 206
43 37
49 94
25 178
26 156
44 93
50 254
46 220
17 18
31 176
20 45

17 287
20 30
25 12
17 217
20 138
30 263
33 211
34 120
19 50
12 279
49 131
24 99
23 109
45 135
40 62
32 169
21 102
19 29

29 46
46 129
22 71
44 151
32 150
31 263
23 148
21 248
44 14
12 84
17 29
29 167
23 135
42 228
38 151
31 212
26 157
16 299
38 84
13 274
30 134
39 283
28 179
26 27
26 191
27 45
19 61
27 258
13 231
41 229

