88

18 143
31 210
25 274
34 287
16 10
47 41
30 225
40 181
18 11
44 263
15 116
40 248
31 48
19 102
35 181
34 27
41 57
42 58
18 88

19 215
18 249
26 76
48 14
33 149
32 255
27 24
23 206
17 287
41 244
49 250
20 226
14 249
31 112
31 44
20 27
17 218
28 286
45 181
48 186

10 107
28 215
30 217
16 226
42 37
14 57
28 54
11 192
46 21
12 253
22 203

30 33
46 112
47 289
41 296
14 90
44 140
42 220
20 184
29 137
49 38
43 184
21 155
28 278
50 49
42 154
43 95
16 143
26 87
29 93
13 202
31 176
50 272
47 153
22 179
37 82
17 199
18 14
42 97
31 284
12 76
44 213

19 193
47 118
26 52
23 250
32 231
21 253
36 59
36 216
37 88
34 203
26 137
12 74
37 67
31 224
49 119
31 114
28 257
11 76
12 165
15 205

28 197
25 259
42 190
47 229
40 261
43 128
24 230
11 291
14 74
38 104
47 284
31 179
17 251
11 291
40 27
42 75
13 211
39 96
42 198
46 35
15 198
25 285
30 67
10 190
24 60
50 293
33 78
28 283
34 74

16 193
24 88
41 300
35 144
43 226
27 175
29 188
13 156
48 214
15 44
48 116
33 217
36 133
41 286
19 269
25 288
29 158

17 237
43 67
38 169
40 176
29 83
50 257
41 171
10 229
24 102
13 223
43 259
39 43
17 167
21 23
10 297
41 238
29 104
44 86

13 97
19 39
26 65
17 79
22 111
14 254
30 47
34 21
48 147
44 262
38 137
17 118
40 257
22 45

21 207
19 89
15 210
35 96
36 209
14 291
29 43
15 74
29 183
10 132
47 263
29 220
20 291
34 237
41 74
14 22
48 159
46 23
39 129
49 24
41 120
47 24

21 288
22 120
49 38
37 134
43 223
14 248
50 253
18 91
29 174
20 79
49 20
10 285
38 70
21 104
12 36
36 133
13 295
47 41
50 247
14 216
32 48
42 295

12 42
39 196
27 251
28 247
30 46
40 234
42 209
23 68
39 31
45 175
40 257
41 15
44 46

12 49
35 228
24 268
41 196
16 168
46 125
12 82
20 284
40 92
19 41
16 117
16 190
30 216

25 279
19 236
42 193
48 18
25 265
29 156
27 228
13 70
12 88
16 277
11 176
28 69
44 128
11 177
25 243
28 19
15 24
40 268
34 242
33 153
13 238
41 267
38 131
37 145
11 246
11 223

29 56
25 187
40 122
43 206
14 166
40 102
48 21
39 13
36 270
21 221
39 29
49 180
43 122
35 44
47 186
26 45
50 115
40 203
44 93
12 143
50 274
40 10
26 186
39 236
49 161
44 109
42 11
35 31
46 45
16 145

13 148
44 185
35 97
26 43
42 111
44 191
45 130
17 185
43 86
25 30
41 56
22 194
18 10
19 169

15 254
37 178
17 201
27 186
18 224
46 195
48 12
13 127
35 183
40 103
46 83
46 104
23 294
19 78
25 273
31 188

16 257
14 180
44 286
14 176
29 16
49 72
18 222
41 76
24 252
50 106
34 227
11 177
35 263
24 65
35 199
34 226
34 146

18 39
35 50
17 54
32 15
39 101
18 185
22 288
13 196
18 123
38 190
18 52
33 75
50 232
18 215
30 25
32 55
11 57
45 194
27 263

14 199
16 108
30 289
22 160
42 137
42 183
31 282
39 50
24 69
13 29
37 175
36 93
20 189
10 236
47 167

30 265
16 63
26 195
33 66
19 149
16 14
49 232
13 138
19 233
30 30
33 197
44 21
35 96
46 273
15 44
10 140
11 207
14 256
33 45
10 104
42 176
18 53
14 74
14 111
17 256
14 34
32 208
43 58
24 191
46 196
43 159

28 142
33 219
46 191
38 228
37 192
15 156
30 148
36 200
48 95
16 32
18 84
32 244
47 198
22 145
10 163
22 27
50 156
46 98
14 285
29 119
50 257
49 222
43 291
15 156
48 212
46 65
19 13
29 116
46 259

14 127
30 196
24 54
18 92
19 123
41 135
42 195
49 251
27 93
31 228
32 261
29 46
13 242
41 202
39 104

20 88
25 126
41 103
24 148
32 235
24 134
29 69
48 173
48 130
10 17
19 290
36 86
31 80
15 288
23 37
10 17
43 260
22 107
40 161
47 286
48 244

30 149
21 180
30 107
44 222
43 94
24 18
28 88
12 222
10 75
40 297
23 100
33 121
36 187
19 186
42 117
27 252
37 120
30 177
48 37
12 249
41 166
24 205
24 154
12 38
20 160
23 186
40 189
15 261
34 146
18 101
21 174

28 52
25 240
35 183
33 289
10 31
28 35
48 285
13 29
13 90
10 34
13 51
24 106
47 275
17 299
10 156
39 91
13 77
10 115
49 26
29 106
12 120
20 250
28 291
14 144
25 244
35 77
34 245
13 285
34 128

25 277
33 50
45 159
31 118
18 78
26 205
20 299
13 201
25 94
37 23
29 166
32 114
42 147
24 201
36 279
31 196
15 70
37 22
25 110
35 193
37 290
15 204
13 262
36 45
47 82
37 146

18 107
30 108
30 94
22 79
33 11
47 135
37 174
42 192
40 183
46 182
16 255
38 135
50 37
30 283
18 128
17 294
45 63
49 10
31 227

25 180
19 203
13 138
13 239
37 46
49 12
23 175
37 131
39 245
15 279
24 211
31 272
22 37
19 283
37 295
35 252
16 121
29 61
39 95
46 94
28 120
38 33
18 225
21 73
34 24
11 248

20 94
27 178
17 298
39 197
27 75
11 190
23 84
22 178
42 221
29 220
39 109
45 46
44 234
21 105
50 38
41 140
45 267
42 240
14 26
46 39
37 265

12 16
46 259
32 52
38 173
23 168
14 106
25 52
39 147
23 19
19 154
33 57
31 182
15 55

19 207
49 69
34 102
15 220
44 163
27 187
39 197
15 29
49 300
47 80
35 120
36 66
16 99
42 290
41 54
29 106
16 196
11 43
44 119
14 239

18 267
35 235
49 95
48 88
34 21
35 23
18 92
14 175
27 247
19 32
22 44
48 199
27 204
43 128
45 190
16 103
24 39
32 76
34 171

16 265
47 110
45 232
44 220
36 242
26 75
12 187
50 13
15 71
16 124
44 199
48 147
49 295
42 72
30 237
28 139
21 86

28 36
29 35
23 179
24 69
22 113
43 75
22 241
22 291
40 222
31 111
20 194
39 175
15 100
16 277
44 194
29 46
44 79
27 272
26 270
23 38
48 52
46 61
15 61
50 153
10 152
47 18
24 88
42 36
30 228

25 157
15 93
18 169
38 245
44 130
16 251
32 19
20 230
28 190
47 30
28 46
14 300
15 92
18 151
19 73
50 13
49 183
17 226
12 293
25 227
43 62
27 134
17 111
28 164
41 162
27 23

30 90
19 96
27 126
38 243
35 151
23 37
15 213
21 194
28 220
25 270
45 131
32 223
46 87
41 93
40 100
10 230
13 138
22 290
34 100
15 36
26 52
38 296
20 107
25 128
10 252
25 166
22 109
19 120
45 27
50 285
18 264

19 144
15 293
15 209
46 155
22 112
26 197
49 282
40 70
44 246
50 131
43 243
39 72
25 43
19 49
27 263
26 241
38 113
10 142
29 282
49 34

25 254
32 166
49 225
21 252
23 118
35 25
10 274
26 214
43 41
10 198
11 92
31 49
37 149
28 239
15 155
48 263
43 219
18 147
28 113
34 104
20 146
27 262
16 122
14 75
31 115
34 278

14 138
25 276
42 90
10 226
10 285
26 74
17 26
49 290
49 52
35 267
45 97
47 90
48 12
27 220
46 286

16 220
42 90
13 43
15 51
26 146
20 204
14 248
42 154
12 153
20 52
28 29
37 55
16 242
40 161
21 273
13 262
45 256

24 130
27 189
28 175
30 198
43 177
12 197
18 227
23 282
44 225
39 162
14 260
47 201
11 90
46 203
11 131
23 103
10 171
29 273
10 204
20 196
44 56
16 240
10 216
45 269
21 170

25 171
36 59
13 290
44 76
35 91
32 134
20 163
39 228
17 192
32 84
38 33
15 111
11 129
21 207
18 48
42 48
36 135
25 189
35 169
16 123
36 132
35 170
46 259
16 225
13 125
17 51

13 164
32 113
38 289
16 36
24 47
13 90
36 34
45 110
33 177
38 273
37 282
28 257
25 117
24 173

29 74
24 106
31 123
44 185
38 225
25 65
34 192
21 253
16 64
20 116
17 224
13 207
36 131
49 58
20 87
37 184
41 92
37 295
16 272
25 79
10 126
15 189
40 121
45 225
44 92
16 260
50 119
13 89
38 133
47 49

27 242
50 170
33 82
26 82
12 84
37 206
30 167
30 119
11 121
17 73
26 21
24 21
15 271
46 70
34 48
40 263
40 185
15 47
17 245
33 122
13 115
17 94
32 180
15 287
43 224
14 94
29 299
36 79

23 193
31 97
16 222
22 49
12 37
29 65
30 64
19 296
23 235
26 187
33 130
20 293
10 21
50 147
45 187
28 251
43 10
24 204
32 123
37 183
48 187
31 48
37 140
33 285

15 226
44 62
14 105
47 297
45 50
47 273
39 200
49 93
11 216
28 11
50 147
11 32
36 49
46 207
11 283
10 249

20 267
35 69
37 157
35 201
48 45
44 69
10 162
19 122
10 168
50 146
40 164
18 116
22 245
46 283
41 270
44 167
45 178
19 236
43 144
14 46
15 115

25 44
42 21
29 215
40 102
13 256
37 244
19 129
11 58
40 262
15 37
39 144
21 18
39 51
16 84
15 44
35 107
47 21
25 251
15 55
30 202
26 116
21 168
26 207
34 135
14 16
17 296

10 168
40 99
38 161
42 30
24 76
42 177
48 251
22 206
38 156
18 278
13 113

28 144
25 272
25 110
42 242
15 274
11 44
27 189
27 271
23 162
42 220
43 156
34 188
48 293
30 246
50 112
32 83
11 257
49 66
35 277
42 259
27 167
12 14
10 44
29 247
42 152
31 208
34 289
18 150
24 80

25 230
12 19
20 39
43 173
16 270
27 119
20 102
14 254
14 157
38 11
44 105
19 16
11 268
19 140
29 180
24 237
13 224
40 85
18 169
20 242
35 237
47 267
24 33
47 282
17 94
22 240

18 98
20 79
29 269
24 107
36 295
39 223
21 293
28 241
30 144
22 253
10 63
39 93
39 234
34 133
47 135
18 74
44 205
50 235
47 72

16 189
12 161
21 268
39 236
29 235
19 118
42 24
29 183
14 265
26 63
30 239
11 284
20 39
34 88
32 212
43 160
10 274

24 168
15 272
50 235
31 135
48 235
28 66
15 155
31 102
33 51
12 229
31 109
38 145
23 28
49 216
30 186
29 87
48 223
35 137
29 232
20 149
50 144
46 180
45 148
19 291
38 247

27 31
30 32
39 249
38 206
35 52
35 24
43 278
49 156
26 12
37 191
13 24
16 285
32 277
29 107
35 203
44 169
36 50
25 248
30 43
40 213
23 231
44 74
34 209
41 174
37 175
10 289
42 206
24 159

14 21
38 239
17 279
27 203
32 116
44 206
19 122
10 67
21 168
37 10
22 224
28 179
47 127
43 275
46 255

13 193
48 74
19 77
45 192
21 152
15 19
24 253
28 92
29 138
12 172
44 134
33 93
19 268
43 271

15 152
50 299
49 67
18 202
44 143
15 94
31 266
46 232
25 283
13 184
41 290
37 102
17 153
27 71
38 105
36 46

28 54
48 198
24 154
47 139
30 45
47 228
11 97
49 203
24 290
42 204
17 16
36 36
15 86
34 216
23 40
30 295
18 230
35 66
33 200
34 135
40 132
33 290
41 22
35 65
14 64
41 195
16 40
35 274
42 170

12 298
20 60
46 224
29 52
31 75
25 300
43 89
46 13
36 86
11 127
22 154
19 237
30 43

18 231
44 190
42 155
22 247
10 241
32 156
32 284
40 128
38 30
38 107
26 59
33 291
27 159
28 32
37 10
48 126
10 248
46 70
16 28

16 264
41 21
24 273
32 213
38 292
40 291
11 175
37 54
24 198
13 230
38 267
25 276
31 282
12 247
21 150
50 161
16 46

10 226
43 253
16 69
18 192
39 168
13 277
45 87
18 70
42 129
44 244
21 24

18 19
19 30
40 91
38 244
19 278
12 190
21 189
13 19
19 140
30 299
33 213
30 28
30 286
34 34
28 19
29 44
42 155
18 214
41 245

25 139
12 249
48 119
34 52
13 153
39 26
27 262
14 53
43 224
37 286
18 16
21 74
25 295
16 192
16 284
43 217
28 297
28 148
19 300
50 239
37 188
42 25
24 82
12 201
23 284
41 241

29 180
37 183
30 147
45 177
11 221
34 57
48 72
40 294
25 87
47 222
46 241
14 274
16 222
22 223
31 61
32 211
24 45
20 259
40 260
36 209
13 164
49 132
26 276
10 83
43 160
18 96
10 252
29 132
41 290
26 69

29 226
31 222
23 181
34 145
47 38
48 110
35 160
49 133
25 113
27 197
42 287
22 181
42 81
49 106
43 22
31 55
18 167
49 152
41 101
45 97
50 149
43 259
12 215
20 11
11 261
50 283
27 188
10 53
36 254
29 207

17 229
21 49
36 19
39 74
31 125
49 102
49 125
28 141
15 67
22 283
13 71
43 136
38 187
29 97
33 29
20 132
46 148
46 52

27 42
10 246
33 82
18 28
20 75
21 243
19 88
16 243
27 109
18 42
33 105
31 20
49 185
50 197
39 18
17 246
50 284
39 38
20 190
39 80
47 116
30 225
13 83
17 145
33 43
36 237
46 229
32 97

30 70
26 272
10 156
24 266
35 95
44 222
30 176
31 293
31 244
31 255
19 126
37 294
35 147
48 39
48 280
28 120
17 184
15 133
45 196
18 93
33 243
17 52
20 119
17 186
40 33
33 15
20 249
36 277
19 126
46 118
12 120

21 164
36 298
16 288
32 188
24 181
15 134
12 230
15 277
37 193
12 149
23 107
43 282
37 221
30 264
35 122
12 124
10 84
12 67
24 291
11 214
25 99
16 39

24 274
42 218
14 242
42 167
39 77
34 199
43 68
40 153
25 173
34 64
11 201
26 167
29 134
48 235
11 118
16 63
32 228
28 91
18 268
40 217
49 170
25 130
28 245
47 273
39 30

11 18
20 29
47 78
21 21
13 170
33 145
16 254
28 197
24 159
34 232
10 135
28 264

16 240
13 245
36 213
20 34
34 72
14 133
48 161
17 44
34 72
11 296
35 150
42 137
27 101
16 36
11 91
11 285
12 275

29 234
35 162
11 128
43 40
46 268
45 161
12 130
50 33
48 67
20 123
21 141
11 14
31 58
29 107
21 282
12 167
48 261
31 126
38 11
34 216
35 262
49 175
26 179
23 28
41 187
32 245
43 207
12 106
49 130
17 10

13 277
23 281
18 204
13 216
17 192
47 133
23 199
10 170
46 156
22 80
24 134
15 124
37 35
18 20

11 142
35 17
45 272
36 241
39 109
29 137
25 66
44 263
37 282
30 116
27 130
10 66

26 246
14 193
19 287
43 255
43 36
41 300
24 61
32 264
18 25
27 228
20 192
49 177
18 47
32 82
28 61
47 226
30 110
31 229
50 181
38 177
10 239
36 240
48 208
38 294
26 280
23 110
41 272

28 132
49 73
27 38
27 278
50 44
17 281
12 55
25 48
11 161
23 78
38 72
43 288
40 217
20 176
46 44
36 79
32 62
25 65
23 284
27 181
23 177
20 43
26 63
50 252
36 274
26 97
26 78
43 234
36 237

12 226
26 165
11 35
31 198
11 36
48 164
24 242
42 26
48 249
41 194
34 89
50 220
16 70

17 58
18 98
22 189
11 244
40 181
11 147
40 282
44 114
34 261
30 246
47 273
27 188
44 41
36 111
45 295
35 167
26 206
38 268

24 241
44 45
46 133
19 168
29 241
11 65
28 107
29 189
16 88
45 231
31 52
46 293
47 23
45 277
26 83
49 214
33 262
24 52
27 248
12 64
40 41
13 115
35 80
23 231
47 281

19 112
38 120
27 122
20 134
45 39
34 244
22 211
37 20
27 42
10 59
20 58
40 53
49 192
43 176
13 185
42 78
13 292
32 256
19 73
23 215

27 247
30 41
40 186
15 82
20 270
17 275
28 135
29 120
15 83
49 263
10 140
31 80
42 20
49 129
10 217
36 197
16 241
18 271
27 49
32 40
25 106
50 265
33 286
49 180
11 48
12 130
37 189
15 55

30 283
24 270
33 205
27 198
32 246
46 186
33 86
47 127
14 162
39 26
27 94
29 99
24 83
33 252
42 81
10 65
44 157
24 24
32 221
43 51
37 20
37 148
41 85
10 171
46 81
45 175
46 13
16 185
20 19
30 275
35 282

18 79
10 15
49 22
25 227
19 237
32 143
31 13
23 198
19 167
26 188
42 100
31 162
31 108
27 127
37 60
36 164
25 274
18 153
41 212

