92

11 274
27 86
13 91
15 145
47 51
17 119
15 47
39 194
24 37
48 237
44 15
10 63

24 180
16 277
43 225
21 147
10 28
13 107
33 174
17 223
25 244
22 231
30 56
31 211
47 198
46 259
30 298
13 239
44 230
27 231
21 95
22 129
34 69
29 34
39 16
31 82
35 134

17 72
46 271
10 278
22 298
26 83
35 127
27 69
37 179
23 272
12 266
28 283
24 190
43 190
29 21
34 92
44 103
40 284
26 259

26 204
14 276
26 175
43 181
35 19
11 251
37 16
34 176
20 173
30 182
11 244
47 218
31 254
15 136
22 103
41 204
33 15
12 41
17 199
20 185
39 145
49 127
50 84
23 214
13 100
29 251
31 28

27 27
48 134
38 266
42 74
27 118
25 90
47 125
26 271
46 174
43 17
38 270
35 150
30 50
39 84
43 256
50 29
33 22
32 42
34 193
24 97
10 128
12 61
36 18
23 57
45 65
26 83
10 231
42 208

17 110
20 23
50 118
26 49
19 216
49 128
10 137
37 121
17 25
28 112
49 49
31 24
31 71
39 30
19 13
14 143
27 87
28 221

15 160
43 71
34 24
21 106
32 38
45 289
42 78
26 177
10 229
26 202
26 68
26 17
16 226
43 212
30 250
13 251

10 41
40 11
44 255
30 180
37 152
23 248
14 178
42 227
47 235
11 83
24 201

25 129
41 67
17 21
40 242
37 287
14 289
25 113
36 78
11 227
33 268
20 189
44 168
14 84
36 79
21 182
22 229
36 204
10 83
15 184
44 64
49 289
24 213
32 265
49 184
39 275
18 243

13 199
43 93
24 12
21 16
22 113
26 166
13 218
12 278
26 235
36 184
45 193
14 241
32 203
38 250

21 266
46 286
26 93
33 255
25 75
26 233
28 59
42 127
22 250
27 192
27 156
28 256
49 85
24 209
22 131
17 239
36 50
21 51
20 136
30 234
47 253
14 100

27 293
50 287
33 85
25 253
31 93
26 172
24 26
35 245
50 234
30 195
34 47
30 191
32 260
44 156
39 215
33 183
17 83
16 166
23 210
25 138
40 155
29 64
46 69
40 148
27 272
24 81
37 80
32 75

16 244
10 45
34 134
35 237
16 169
20 197
22 237
35 137
14 300
12 24
12 31
38 129
36 234
28 153
24 161
12 102
20 42

11 149
47 43
22 143
38 176
23 189
12 285
35 99
14 74
13 55
24 195
39 116
38 273

20 128
48 68
29 254
19 295
30 24
33 214
37 81
22 251
24 108
22 60
20 264
49 63
26 137
19 122
24 88
11 246
38 162
23 22
48 109
50 141
11 64

21 103
42 170
23 156
12 26
43 79
46 47
33 42
44 129
46 285
40 100
49 96
15 61
49 102
50 69
10 138
32 130
10 166
37 169
17 238
48 60
44 115
16 224

30 23
32 61
35 103
17 30
31 141
15 85
34 207
15 104
46 98
45 118
28 16
21 197
20 250
20 212
28 278
50 225
31 92
35 49
18 85
16 261
14 68
36 118
28 80
36 127
18 99
40 74
37 70
13 59
41 299
32 163
14 132

29 191
46 167
37 175
18 194
49 286
26 60
43 226
30 38
11 242
49 122
27 133
40 82
23 160
46 14
40 38
10 76
16 73
37 223
40 63
24 122
48 211
26 230
12 220
34 26
30 181
28 136
44 100
35 197
18 103
36 234

14 177
11 195
40 245
21 70
35 137
27 272
16 139
47 244
48 271
25 79
14 171
32 220
48 89
30 173
43 204

17 142
39 292
36 90
28 144
29 218
26 33
35 285
48 106
21 224
30 283
24 165
41 129
30 263
39 113
30 280
40 91
37 188
32 32

11 41
27 194
32 19
19 235
18 142
26 75
28 66
33 41
12 24
23 108
45 261
17 135

13 162
10 49
10 184
44 196
37 168
34 124
22 292
29 206
49 31
23 247
14 38
22 184
14 161
47 38

25 168
15 204
39 234
32 13
44 246
19 72
34 174
41 109
13 167
32 243
26 144
44 277
47 67
22 291
18 215
49 219
33 206
47 75
13 270
38 126
48 81
42 220
41 280
34 169
13 178
10 235

19 23
27 222
15 88
45 118
18 124
15 105
22 88
19 265
39 183
33 173
34 192
50 120
45 205
48 23
45 81
49 299
25 257
13 67
31 104
40 261

21 42
22 86
14 129
25 63
18 176
14 146
31 141
42 93
43 34
12 157
24 176
36 162
46 100
45 69
47 248
49 20
14 233
18 133
18 201
25 291
17 284
23 36

14 33
33 129
11 287
47 199
35 289
37 107
25 118
16 84
29 269
39 213
13 35
26 69
16 30
41 276
49 102

20 187
42 99
32 260
24 277
48 93
34 113
37 245
15 11
32 283
31 89
35 204
44 238
17 43
42 258
21 208
19 34
48 84
14 18
22 285
22 133
20 192

28 288
23 281
46 91
20 85
22 286
21 70
37 32
26 106
50 41
30 55
17 270
26 49
19 48
17 266
23 128
16 266
29 300
32 85
39 71
14 224
36 64
21 16
38 18
42 67
38 154
32 152
41 247
14 194
46 19

11 116
17 169
37 192
32 17
30 235
36 253
15 245
39 55
35 289
30 163
22 162
38 244

29 291
27 163
46 285
11 23
10 208
36 218
13 277
49 164
24 97
48 214
39 213
17 176
19 124
28 243
14 69
22 23
31 298
33 86
38 264
15 217
44 40
38 60
48 219
23 195
50 177
11 207
37 84
11 102
43 14
13 41

29 135
27 109
13 166
34 124
49 233
25 88
29 134
37 244
39 74
17 120
40 276
46 135
34 175
11 28
32 247
14 20
47 197
12 225
48 182
47 188
38 39
10 116
33 11
42 238
13 79
20 190
35 120
35 224
34 286
43 118

13 181
18 69
27 194
14 261
16 295
14 216
15 124
39 286
14 71
34 33
45 170
16 75
33 46
31 279

26 28
16 277
34 185
24 207
15 15
12 148
15 55
20 40
10 177
40 77
46 252
50 87
22 256
20 80
38 90
27 151
14 234
43 67
47 247
14 189
21 37
42 293
50 296
32 240
47 210
50 115
12 75

13 202
27 55
27 271
15 78
31 237
39 150
44 85
35 288
12 222
26 269
50 188
15 118
30 53
17 288

28 176
15 251
47 104
38 118
18 279
39 212
15 46
30 149
30 176
22 91
23 286
44 203
46 125
16 265
32 17
17 59
14 241
18 127
48 154
43 206
20 171
20 145
37 130
39 297
27 224
44 246
46 257
28 47
29 118

17 212
43 47
47 246
11 130
31 35
36 200
32 19
40 99
17 277
14 210
37 259
29 262
20 275
15 254
25 297
41 148
36 84
21 94

12 246
42 207
41 85
11 90
34 229
50 276
46 114
26 162
36 213
16 156
11 164
16 98
31 69

25 16
33 276
15 83
43 125
22 12
13 86
10 242
21 184
31 77
11 136
12 256
36 70
21 133
47 200
17 57
15 247
13 151
18 88
26 58
32 299
39 152
15 250
45 99
10 280
35 183
28 268

15 151
33 23
40 251
36 126
40 226
30 244
33 220
30 18
46 86
45 192
11 252
43 102
36 90
15 147
16 243
25 22

21 142
13 52
45 223
18 29
30 280
34 162
40 164
41 150
33 141
22 277
22 294
16 15
42 272
25 180
20 55
21 127
32 99
46 227
47 109
14 166
15 68
33 28

25 46
47 163
28 277
50 117
26 127
13 171
22 70
27 159
37 34
11 16
21 177
27 97
38 266
25 182
47 279
39 129
27 57
20 260
16 49
14 16
24 272
34 124
48 238
36 212
32 228
31 294

25 262
42 204
40 117
44 76
45 228
35 16
11 103
17 293
24 281
47 231
20 296
47 207
24 268
34 154
26 233
22 175
26 284
36 80
21 193
48 140
36 64
13 138
29 199
46 144
24 118
35 90

24 217
14 31
47 70
30 159
46 108
41 109
42 70
37 136
12 126
20 87
25 260
24 299
49 108
42 12
21 120
18 256
25 30
21 22
46 193
30 60
17 93
37 87
36 21
21 109
14 124

18 77
16 233
17 111
13 154
33 155
36 171
13 268
16 150
40 192
22 238
34 166
27 246
31 186
35 206
40 152
32 237
22 56
48 206
39 108

28 246
10 58
43 250
31 244
34 146
25 143
18 169
15 154
22 297
15 246
14 102
10 185
34 282
11 240
12 169
36 253
32 80
37 194
36 104
23 169
35 35
21 136
44 12
25 103
38 113
41 126
25 190
31 295
31 29

24 280
50 24
34 270
12 68
26 53
38 10
15 287
39 46
26 147
14 120
10 125
38 47
45 120
41 75
26 192
15 237
34 289
36 159
39 30
48 198
27 286
28 221
34 11
38 286
18 64

30 269
15 123
32 132
33 28
29 136
49 166
45 286
22 23
15 148
38 250
23 100
38 48
25 159
25 27
21 298
31 194
10 73
17 131
39 42
40 300
28 278
41 67
26 229
31 149
30 300
10 133
49 53
34 277
49 93
40 219
47 73

21 156
44 268
35 159
34 13
42 187
15 223
41 290
46 47
48 217
17 23
46 219
50 151
13 200
20 286
39 283
37 129
16 194
25 233
30 275
41 136
10 17
11 109

20 76
48 192
19 261
35 61
40 76
45 61
36 82
32 116
41 77
41 45
25 83
45 176
28 36
23 260
34 167
32 194
25 258
27 138
36 68
10 284
30 179

21 65
26 193
11 188
22 63
21 104
50 88
12 248
22 79
21 270
29 41
47 37
41 218
35 97
25 68
19 188
40 10
29 214
49 265
34 74
23 64
43 250
31 181

25 78
18 166
16 296
42 56
18 19
17 269
30 281
15 72
27 68
35 96
11 266
41 21
13 160
12 35
33 242
34 57
17 91
41 152
22 18
23 287
30 92
39 169
26 239
37 230
14 174
22 38

14 28
10 22
10 24
26 14
19 124
16 187
48 169
16 293
12 97
32 179
47 178
12 67
40 124
41 290
40 31

14 229
30 25
19 160
50 276
24 194
47 296
20 21
43 92
13 122
42 296
48 157
40 225
20 155
39 160
24 112

15 77
26 13
12 126
41 265
24 93
50 184
17 269
12 155
14 220
47 161
18 101
33 197
24 187
45 155
27 139
41 192

24 136
18 193
27 221
48 244
18 185
33 210
14 71
43 256
35 226
16 69
26 257
20 231
47 293
32 280
49 55
13 207
28 177
36 120
18 174
23 87
44 66
26 219
45 183
39 86
27 296

10 213
38 165
21 31
14 249
10 19
39 187
38 294
11 66
21 134
44 69
44 71

26 195
24 241
37 59
26 82
40 149
32 130
29 172
34 203
22 13
24 233
33 185
41 17
37 116
42 126
15 227
29 169
39 275
39 32
32 33
12 223
38 179
25 134
27 149
13 16
27 22
23 17
32 234

17 204
44 154
28 102
40 157
48 244
50 272
25 196
38 127
15 199
19 237
48 94
23 96
15 129
34 296
36 89
40 237
41 260
23 240

15 46
10 208
13 210
26 70
16 287
25 161
16 177
26 167
38 33
31 59
24 174
39 219
26 73
13 110
41 289
11 185

16 299
46 159
39 55
46 157
13 208
11 276
32 241
50 24
23 147
14 38
19 237
46 74
36 152
21 218
24 279
20 271
22 36

24 232
35 191
17 87
33 72
31 149
11 63
29 18
37 95
17 64
37 10
28 81
43 290
29 41
22 172
34 194
45 125
26 109
39 221
31 111
45 283
13 71
49 233
48 250
38 245
26 290

16 35
46 16
22 56
40 50
44 151
27 249
48 73
20 78
13 24
15 229
39 99
14 23
21 130
12 196
32 89
29 199
36 96

16 31
47 49
46 60
14 97
12 86
47 217
33 15
48 86
40 106
45 222
21 167
22 187
49 156
25 147
41 209
36 177
22 59

22 291
41 189
49 182
34 92
48 151
39 289
39 100
46 37
21 294
31 282
22 120
17 173
49 230
34 279
36 241
24 275
18 171
33 238
36 161
45 179
20 86
23 61
27 85

18 239
32 200
40 224
41 292
23 172
38 220
12 136
39 102
34 26
25 16
23 128
28 124
35 193
41 242
14 28
46 93
28 271
35 245
35 243

14 176
49 58
10 267
47 54
33 274
46 148
44 165
24 34
43 134
26 220
36 213
45 223
47 127
33 185
26 263

30 64
28 133
29 100
33 124
36 132
24 292
42 40
37 262
45 295
47 249
38 143
44 99
40 216
11 255
20 19
26 13
43 189
10 87
13 101
17 126
48 28
36 176
39 176
11 20
43 30
15 21
46 259
14 300
50 111
39 289
44 223

14 253
25 184
12 241
18 174
24 138
43 159
41 90
49 216
25 70
22 272
43 249
45 163
33 203
21 251
33 110

17 77
47 284
48 99
37 191
34 265
19 161
24 66
15 272
12 38
21 213
23 281
42 224
26 151
27 91
19 255
48 17
27 20
35 256

26 37
36 219
45 106
26 70
50 232
30 112
33 61
35 70
20 269
23 268
49 262
26 282
42 161
50 116
21 122
15 164
33 276
16 24
17 257
33 121
28 58
26 109
27 134
23 285
48 185
12 217
16 188

11 220
20 19
32 185
21 25
39 84
24 65
19 32
14 209
17 228
19 55
50 245
15 81

21 285
44 139
17 63
12 49
43 70
10 122
19 156
50 193
14 40
22 175
36 20
34 293
19 281
17 133
47 11
35 244
32 53
25 182
30 184
10 52
34 232
49 243

14 29
23 202
26 79
27 259
38 238
32 131
31 241
48 147
45 93
34 222
12 232
41 214
44 60
38 124
27 141

10 122
26 38
14 122
28 18
36 197
35 215
43 65
20 280
20 168
22 99
15 152

12 236
19 84
50 299
38 131
21 60
12 188
25 71
44 243
45 182
33 117
29 116
36 173
19 127

29 65
39 32
14 300
40 298
25 133
22 240
45 240
28 228
36 142
30 182
39 240
37 91
48 80
23 279
10 76
40 268
22 139
21 13
30 175
40 149
12 165
10 264
19 177
28 19
48 152
41 166
18 290
17 99
26 215
38 247

13 237
38 105
49 102
45 141
42 284
13 100
49 42
11 199
49 161
20 206
43 278
37 203
10 144
19 162

10 265
47 139
41 25
13 297
15 11
11 157
50 271
31 174
29 41
13 248
41 194

23 297
37 66
20 39
15 295
36 140
46 296
34 84
27 125
29 137
12 211
19 231
14 69
37 147
33 111
15 10
47 75
42 198
49 173
20 278
14 181
40 160
30 167
36 207
47 273

24 45
27 250
22 12
19 247
14 240
29 252
18 192
46 116
11 170
26 77
30 15
38 13
17 296
47 145
27 173
11 236
50 30
44 13
29 100
47 37
25 204
28 220
33 278
10 120
15 45

15 47
43 172
48 33
10 122
38 139
39 120
26 96
14 94
16 125
42 76
27 172
44 269
50 81
28 44
24 219
29 290

24 123
25 135
48 29
26 291
22 127
31 107
32 185
25 147
48 204
14 284
48 262
16 207
30 66
34 167
44 196
24 64
11 158
24 152
27 215
37 70
22 80
13 242
42 88
29 183
44 234

27 243
28 144
29 26
41 183
15 87
15 285
25 208
19 19
29 10
40 76
28 243
31 275
44 222
17 298
28 188
30 40
46 90
32 75
39 44
21 15
34 190
45 234
47 36
23 190
50 48
41 268
41 169
33 125

20 157
12 282
30 193
38 196
48 180
11 148
27 237
37 173
22 198
12 101
21 199
21 95
33 287
12 137
50 161
22 162
46 176
18 57
22 12
26 14
24 226

10 15
19 122
45 54
16 79
12 211
29 218
10 207
31 275
16 62
46 178
49 148

27 269
17 287
41 112
36 260
22 107
24 31
37 44
26 130
32 250
45 188
24 51
24 213
36 233
14 19
33 75
43 161
26 17
36 94
41 244
21 278
28 221
41 216
11 238
48 62
18 299
36 113
30 261
49 26

29 54
37 70
34 133
34 39
20 91
13 41
28 235
42 79
18 189
18 31
29 36
31 36
45 44
29 230
26 196
40 192
38 91
20 220
37 122
14 45
45 167
21 140
48 53
12 142
27 85
26 264
39 55
15 279
37 116
48 299

12 238
36 214
34 296
12 295
22 269
39 54
39 34
10 83
21 90
27 59
10 234
16 100
17 223

16 281
34 77
44 216
41 230
34 256
18 108
26 173
49 165
20 287
38 54
42 69
19 114
17 244
11 93
35 191
25 105
17 94

10 178
48 168
27 27
44 77
12 251
42 145
37 30
18 221
14 234
48 251
12 79

29 202
40 49
24 26
25 232
47 27
35 30
47 160
13 163
45 225
20 74
50 20
40 71
10 283
20 239
41 128
29 43
17 53
36 85
37 105
17 202
20 42
36 145
10 23
19 285
14 216
32 121
49 76
43 146
27 33
20 163

19 186
16 100
50 280
20 280
49 206
35 132
36 94
37 38
46 198
48 106
21 269
19 260
42 37
32 263
32 58
16 273
28 125
43 221
16 19
37 243

