95

10 145
40 69
12 219
13 60
46 43
17 241
10 257
21 112
12 94
28 54
38 27

14 15
20 184
46 122
26 174
25 207
48 33
41 67
33 102
28 248
42 25
49 13
40 229
27 175
10 209
25 166

14 187
39 178
48 90
22 251
15 10
31 36
25 41
50 163
45 186
47 91
49 79
38 14
31 150
40 159
12 241

21 178
11 21
29 223
36 58
15 37
31 282
36 229
32 211
33 132
34 287
32 85
10 127
18 96
42 211
25 48
36 191
24 177
19 25
10 107
46 139
39 150
38 120

18 167
25 231
31 246
14 243
17 56
10 247
37 194
36 75
23 129
18 104
32 271
19 261
20 244
48 23
14 111
45 247
33 222
44 288
42 178

17 32
45 159
20 149
35 274
18 278
35 121
40 231
43 297
32 182
43 257
16 79
48 134
45 278
43 186
46 99
42 66
38 114
39 251

19 16
33 133
24 163
46 209
46 292
44 164
42 78
32 126
19 240
38 217
33 150
14 238
40 40
41 221
30 239
21 167
48 282
33 218
37 67
47 24

16 219
32 98
14 107
25 104
31 159
11 113
48 175
48 105
32 30
43 108
46 28
31 158
22 251
26 91
11 84
21 119
18 150

21 231
17 114
27 240
10 256
38 259
18 55
23 263
28 224
22 230
10 145
48 172
31 285
44 280
21 171
21 41
12 234
13 140
24 290
41 159
28 117
31 167
25 192

17 28
24 16
40 149
41 169
35 54
15 258
48 92
34 224
38 152
34 132
33 230
21 177
13 108
36 111
44 116
33 276
14 10
17 276

17 264
20 163
21 87
25 220
23 24
48 18
17 247
30 243
46 155
48 115
24 164
13 215
43 17
39 188
34 238
43 165
19 126
41 47

11 108
47 24
19 136
24 164
34 15
38 142
35 269
30 168
13 79
18 116
33 222
22 189

14 18
16 103
10 129
11 221
40 145
48 24
16 166
25 74
16 118
13 225
36 211
33 179
32 288
15 48
26 105

30 193
37 82
15 14
36 204
36 187
10 180
29 80
28 276
31 61
11 214
47 271
50 97
47 115
30 61
37 81
45 189
13 281
42 11
50 75
42 179
42 235
40 220
30 100
13 122
37 26
13 60
31 154
14 171
34 289
37 37
35 134

20 215
29 48
38 260
46 46
27 270
36 254
32 43
35 288
22 123
50 261
21 280
22 223
41 19
25 121
22 120
38 281
45 187
27 225
29 230
29 267
23 128

10 263
29 229
25 148
33 196
40 22
46 119
21 296
47 172
33 142
44 105
13 34

25 153
10 241
39 214
43 38
27 293
42 250
44 283
43 214
14 252
47 243
14 169
14 220
10 110
26 175
17 190
28 68
33 144
40 213
15 107
32 268
24 173
41 79
38 286
34 239
45 291
32 292

13 266
15 213
18 86
41 117
24 157
34 260
11 182
35 264
28 22
42 92
41 76
38 98
20 176
46 122

30 186
20 49
36 193
32 50
15 266
38 41
44 11
36 254
39 180
20 29
40 242
25 105
22 287
49 43
22 211
30 249
50 34
29 234
10 207
10 206
28 178
45 284
40 75
35 172
50 133
26 192
32 25
20 240
43 205
12 21
32 158

11 101
27 39
33 152
20 276
38 77
23 292
27 54
30 105
12 238
44 92
43 38
10 289

15 80
37 78
47 123
38 174
26 138
30 11
47 109
22 106
48 53
23 182
18 259
35 259
44 294
44 144
39 95
22 137

23 120
25 261
41 104
10 253
13 125
28 166
33 182
31 199
24 238
38 98
15 120
24 36
15 140
10 56
47 234
47 295
28 237
33 238
17 171
38 185
31 266
33 94
11 263
45 56

27 131
50 102
19 16
16 150
40 70
44 254
39 262
50 46
17 277
49 240
13 182
19 202
26 194
38 161
33 228
14 213
10 84
31 282
47 208
22 251
42 260
13 21
40 292
18 56
20 260
16 37
41 236
21 207

17 92
11 90
13 157
48 238
29 232
22 252
14 241
38 38
33 143
13 237
50 118
13 138
47 66
18 73
21 208
24 184
13 74
27 59

15 272
23 114
32 79
50 95
46 246
16 156
17 234
40 191
16 209
23 139
41 259
17 268
26 279
49 96
17 287
10 123

10 142
21 280
34 39
33 152
48 229
50 60
49 288
12 27
34 283
24 28
32 48

23 137
20 63
16 57
37 69
30 155
12 296
29 90
24 115
37 107
27 137
35 23
50 271
38 101
19 257
28 89
33 251
47 30
17 102
29 295
36 188
11 97
11 108
23 134
33 128

26 109
35 172
47 292
31 54
40 251
16 178
41 119
16 233
42 283
41 80
28 107
20 37
18 78
35 110
27 166
20 264
32 208
13 82
41 125
42 139
35 58
11 125
27 257
19 250
50 37
11 108
18 169

10 77
11 271
27 128
15 92
45 115
20 21
49 219
21 291
31 98
50 92
34 177

13 221
26 96
26 12
39 30
10 229
21 210
19 288
24 92
47 185
25 75
26 201
47 102
14 100
20 25

27 232
35 247
11 276
28 99
15 145
28 62
41 275
49 30
17 61
38 291
38 279
34 203
11 292
14 56
18 263
21 47
43 160
12 137
36 264
33 208
42 67
42 239
31 57
32 13
11 75
38 34
47 153
21 163

15 238
46 295
14 12
44 243
38 126
17 16
42 252
30 214
23 203
43 295
20 157
35 242
11 275
24 273
24 136
39 194

11 166
18 146
44 102
39 199
30 164
27 268
50 75
29 248
35 172
23 134
28 63
44 238

24 70
33 182
32 292
24 166
25 119
15 68
34 186
30 152
20 290
16 123
50 243
39 77
25 61
40 31
19 274
31 76
43 232
24 183
42 235
26 202
33 178
41 139
26 208
45 31
23 237

10 277
37 49
33 277
33 247
22 169
32 260
34 104
32 282
33 208
36 269
42 75

20 14
25 106
23 300
48 115
11 22
34 172
37 22
49 222
20 244
48 182
13 34
50 235
10 286
33 147
32 233
42 277
47 187
38 144
10 148
23 275
22 157

13 99
36 251
22 183
49 260
25 54
27 171
43 99
18 292
24 262
50 296
46 227
43 93
28 182
23 268

11 300
41 46
48 180
50 197
24 44
49 67
25 262
38 300
34 288
36 173
31 293
16 93

22 113
29 187
47 211
16 216
44 72
11 291
45 272
17 164
37 181
27 155
10 244
48 207
28 189
43 107
33 255
25 244
37 132
18 247
35 111
16 148
26 25
32 200
26 120

25 216
23 61
15 231
25 273
16 288
15 105
25 274
11 184
22 162
26 123
44 269
42 152
11 74
43 31
47 100
15 109
42 203
43 274
36 179
10 90
18 112
45 256
33 260
15 98
40 242
21 293

28 268
26 143
45 93
13 299
18 116
22 203
43 249
25 112
40 153
31 87
37 184
38 59
31 223
48 85
29 29
39 269
36 210
15 136
29 288
27 273
42 245
38 243
43 155
28 55
47 223
41 193
14 274
12 64
25 129

22 175
20 81
42 284
32 221
24 102
39 192
18 232
12 163
15 227
23 16
33 170
20 92
45 160
49 83
14 203
47 43
20 106
43 178
29 223
47 264
23 295
14 262
47 157

29 40
18 275
10 144
33 271
42 91
18 271
48 282
18 171
16 60
29 292
24 210
50 71
12 126
32 132
48 15
42 216
18 11
45 171
44 223
17 73
30 198
27 291
37 265
48 121
48 175
50 276
38 142
24 34
45 155
50 188

13 198
12 272
47 64
16 231
16 258
44 112
10 17
41 254
44 121
32 13
16 271
27 38
23 164
46 82

10 12
29 43
42 66
30 233
13 269
16 92
45 250
48 187
39 117
31 93
46 104

25 202
20 128
42 21
17 199
29 147
29 181
26 151
14 175
33 30
20 43
17 257
21 158
24 265
37 97
22 284
42 226
18 62
31 147
12 124
35 91
11 171
33 254
49 274
39 251
14 127
35 35

14 145
15 140
41 260
31 128
11 245
13 141
21 115
14 124
48 105
33 207
23 183
32 208
34 102
36 269
27 15

14 67
41 13
26 136
50 58
38 87
21 249
43 250
20 158
40 248
44 235
48 68
10 213
42 243
15 244
34 75

23 240
38 262
18 172
33 81
49 190
50 95
24 91
39 216
20 46
43 136
19 115
16 237
25 196
37 128
17 132
47 10
48 295
35 62
39 208
25 59
33 286
38 83
15 101
23 192

24 20
24 297
17 269
43 233
47 88
23 54
13 244
20 121
11 251
15 214
13 265
38 207
13 158
43 102
43 83
28 178
36 24
38 222
30 24
26 128
25 121
12 163
35 264
36 177
24 27

18 121
46 245
30 63
17 155
48 236
27 210
38 282
32 29
24 35
49 202
10 161
29 253
41 101
50 153
33 61
47 130
11 150
40 166
21 96

28 27
28 172
24 167
37 194
39 177
45 159
44 213
41 207
34 249
45 230
35 291
20 48
49 285
28 75
21 86
47 126
15 80
31 180
49 14
10 50
44 153
27 89
23 285
27 71
17 91
46 277
27 46
50 180
39 14

28 69
40 132
43 117
30 121
20 286
23 219
48 37
44 272
20 56
19 236
11 52
48 19
39 21
31 151
35 294
22 206
18 211
32 273
43 221
21 281
26 166
27 213
21 148
23 91
50 296
10 268
24 214
22 252
17 122

23 224
42 171
38 206
20 181
25 201
27 278
10 278
30 20
48 162
26 222
33 82
20 223
20 72
34 42
12 121
14 206
15 107
34 246
42 84
21 15
19 169
27 77
18 202
14 84

15 144
18 159
45 277
25 105
21 63
35 184
20 101
25 273
13 259
15 42
28 251
19 187
20 268
25 235
39 252
18 60

19 88
16 225
41 92
28 165
25 35
25 95
16 266
25 88
49 62
48 80
19 104
26 141
42 253
41 27
29 72
17 240
48 80
40 204
28 189
30 198

15 188
14 64
15 139
16 178
49 171
45 115
42 101
16 111
13 242
24 263
33 37
29 19
49 95
44 164
50 76
49 73

23 181
47 74
31 298
15 142
33 299
44 260
48 289
35 188
46 285
19 32
48 35
33 91
48 92
38 89
15 37
18 254
18 77
33 127
15 216
16 81
13 13
31 185
46 142
50 103

19 276
33 43
14 174
42 225
26 206
15 138
31 46
11 119
13 157
22 280
31 287
42 225
45 138
28 18
30 10
16 100
49 92
11 285
24 255
37 104

15 75
44 44
26 61
16 93
23 11
38 45
29 51
18 59
38 206
35 80
40 230
14 92
17 212
20 127
12 206
41 31

25 84
28 95
42 37
29 169
43 210
37 225
21 112
48 101
25 110
30 178
22 255
41 222
45 205
32 281
39 33
22 119
19 93
15 223
50 288
29 262
45 77
16 166
13 258
43 45
21 141
43 194

17 62
31 184
26 73
21 225
13 39
35 226
25 110
24 141
45 33
33 93
17 14
20 115
35 16
10 86
23 106
17 106
34 259
49 69

23 163
33 121
11 38
29 87
22 134
30 72
24 185
36 147
45 294
35 34
50 133
31 78
29 217
35 147
21 280
30 136
32 270
23 127
12 280
24 138
21 212
21 78
17 72
41 123

11 17
35 299
13 291
38 78
45 265
33 170
26 95
42 103
20 226
18 28
24 56
47 42

21 223
17 127
46 160
31 44
36 159
34 144
46 252
15 93
37 102
41 292
43 113
30 294
16 39
33 225
17 62
38 198
42 201
26 122
12 210
47 63
33 220
28 234

23 175
34 64
32 241
11 257
11 197
34 280
38 196
43 43
10 171
21 155
35 163
13 112
27 60
12 171
14 162
44 92
44 86
26 100
31 52
22 145
42 42
30 72
10 276
48 25

20 176
31 41
38 218
34 137
16 16
40 182
35 251
25 203
49 120
36 100
38 134
23 23
34 274
21 206
34 258
42 121
17 243
49 179
19 106
35 96
24 239

16 261
24 272
12 33
43 12
33 51
35 172
35 43
34 87
25 26
30 255
26 15
44 93
49 55
40 93
16 107
18 84
33 258

16 57
29 263
21 85
40 138
16 143
43 293
23 182
42 244
36 106
30 212
10 29
32 206
22 106
25 87
26 46
12 288
24 179

18 23
28 11
16 236
13 41
46 299
31 128
15 14
50 283
34 18
36 69
46 11
44 241
31 257
48 131
43 89
30 189
30 46
21 86
16 166

29 129
37 266
37 150
17 220
46 32
42 275
15 299
17 239
32 53
15 150
41 126
44 142
30 220
42 140
12 61
33 150
41 300
18 226
45 195
37 261
50 233
20 184
22 94
42 60
46 248
15 39
32 278
19 221
45 288
16 130

18 59
30 168
32 275
48 265
48 218
45 295
28 242
10 124
19 141
21 50
41 205
18 63
30 147
24 12
17 219
34 163
28 249
41 271
13 39

29 88
27 131
34 206
13 111
15 125
29 279
28 262
43 202
23 156
27 53
10 295
11 96
41 117
17 55
32 52
29 130
38 182
22 223
22 86
17 154
12 168
26 55
34 118
18 258
49 29
36 155
14 190
32 189
12 42
18 137

22 220
34 30
37 247
16 183
13 241
26 147
48 292
33 282
16 161
40 242
19 26
38 213
50 282
44 209
45 126
39 114
38 203
46 26
13 149
26 236
10 146
37 268
44 78

19 77
33 275
44 171
10 41
26 213
42 273
37 60
22 267
39 145
30 288
13 167
32 14
14 87
45 155
12 232
48 164
29 264
40 125
20 234
33 271

30 211
23 99
36 275
38 165
39 75
18 71
39 220
38 240
31 219
24 194
44 213
19 66
35 146
23 146
14 282
40 267
42 278
47 278
25 201
47 250
21 127
23 99
42 237
27 257
47 269
17 153
11 286
41 154
11 263
25 203
19 250

16 140
41 24
22 263
11 66
10 19
27 293
20 297
21 198
23 85
42 265
24 153
29 146
21 215
32 210
16 280
33 291
12 175

14 100
14 37
45 47
37 82
20 79
40 187
38 186
44 55
30 250
22 276
12 255
24 178
33 127
46 284
47 154

23 14
21 250
45 252
39 44
43 167
21 120
50 282
50 102
20 142
48 113
15 40
29 196
17 268
14 23
25 117
50 170
27 136
24 24
19 43
13 51
49 130
13 165
11 229
34 85

21 282
34 191
44 125
17 155
27 211
37 40
33 50
49 251
43 38
38 93
15 204
17 203
20 94
48 201
40 211
25 76
23 90
13 29
41 221
26 50
18 68
39 26

15 174
16 248
22 229
44 25
43 107
18 296
16 104
29 148
32 251
35 64
11 268
34 194
45 116
23 235
41 294
25 19

11 113
42 114
42 299
46 210
21 285
22 165
48 182
44 211
28 218
49 88
32 281
17 146

22 161
15 111
19 204
44 276
12 288
20 232
35 164
25 164
39 170
36 85
33 113
10 167
25 102
38 121
47 281
44 44
12 238
13 69
13 139
10 203
49 139
12 45
13 30

29 160
33 273
41 74
36 107
21 86
14 123
40 233
25 82
16 50
22 122
10 36
29 149
12 150
40 105
45 233
16 15
40 65
21 79
47 85
46 180
31 146
39 196
23 50
13 268
18 166
21 158
28 88
19 27
42 180
10 11

18 228
20 121
18 298
23 105
23 95
23 298
36 130
42 47
39 283
49 208
26 296
34 286
15 254
27 88
16 128
16 57
48 70
47 233
41 156

11 38
23 238
30 65
13 111
39 71
29 28
34 240
49 279
35 270
30 234
21 214
41 16

14 59
50 133
11 220
34 147
29 86
27 101
44 64
19 164
26 100
39 65
21 274
23 42
21 86
47 41
16 250

27 274
33 69
49 68
39 215
35 95
43 68
28 283
24 207
30 257
35 46
30 140
14 278
41 204
41 71
42 156
40 126
35 242
23 275
20 80
26 194
38 13
30 179
21 150
30 162
16 77
31 130
27 161
33 142

13 109
34 243
45 285
35 137
25 18
13 30
50 46
28 278
26 92
41 268
32 52
37 62
14 34
43 16

17 258
48 146
48 81
32 22
25 28
20 191
39 185
50 119
17 82
24 185
42 212
41 178
33 194
33 139
39 140
45 89
10 220
31 69

12 210
42 150
30 231
24 217
28 200
10 44
20 265
10 164
35 33
13 44
17 97
33 293
46 40

11 160
15 174
33 135
49 154
20 50
34 295
13 76
41 132
11 121
37 25
43 111
34 109

23 124
22 279
38 103
15 274
25 218
24 286
30 283
30 165
36 273
41 287
24 214
30 49
19 196
11 104
31 293
32 268
17 192
18 98
22 75
47 276
22 20
44 260
29 40
37 202

28 275
30 131
36 109
42 169
37 37
47 176
34 217
30 127
42 267
25 211
20 179
21 128
25 130
35 246
10 299
17 82
35 106
22 53
21 209
32 37
48 223
41 34
18 276
32 28
42 260
10 292
42 40
36 298
22 184

26 268
17 192
23 51
39 81
11 100
33 184
38 202
25 199
50 216
44 275
10 218
22 58
22 243
28 223
10 83
34 194
24 84
22 20
16 133
33 174
42 23
47 199
17 64
10 155
17 65
46 225
28 22

