72

11 169
44 171
20 46
45 217
19 130
11 50
11 200
16 268
30 286
30 46
48 261
13 232

10 285
30 78
23 291
15 73
12 17
19 29
29 231
43 208
30 190
43 62
21 245

28 12
25 201
38 233
13 219
28 246
40 174
44 20
47 264
28 124
12 263
36 229
19 29
45 264
40 222
20 263
22 139
42 293
21 274
48 286
19 262
23 73
18 287
19 137
23 26
16 283
35 140
12 105
26 48
50 293

24 60
10 202
35 154
40 104
14 111
47 242
28 101
34 126
50 22
27 179
31 57
13 113
43 254
45 87
39 252
15 243
29 265
20 88
16 47
30 11
25 207
20 192
48 85
44 77
21 204

21 12
25 175
21 238
50 289
27 134
36 165
11 34
47 254
34 247
48 95
16 33
37 231
34 101
28 275
26 227
42 156
28 162
28 42
29 164
46 33
27 223
38 216

13 237
46 137
19 81
23 13
12 93
40 147
46 46
41 97
11 172
45 31
48 172
13 44
12 201
12 145

26 59
39 60
12 154
19 217
15 272
29 233
40 76
13 170
13 28
24 37
43 283
28 66
37 99
32 21
38 290
20 234
14 103
15 283
13 142
45 202
30 90
44 283
40 138
29 83
49 227
16 85
33 72

18 99
28 233
37 222
49 293
13 173
44 265
23 175
19 108
36 202
43 200
20 61
50 224
46 133
37 165
40 67
21 162
44 256
18 17
28 36

24 39
42 80
40 83
43 299
36 282
14 253
38 99
15 180
42 137
25 60
48 190
33 119
45 60
24 225
20 288
13 18
38 293
28 21
16 200
38 163
26 23
15 100
30 262
33 85
31 299

13 179
44 41
24 273
41 152
13 105
16 290
40 74
13 279
12 136
13 67
28 65
32 288
36 53
25 211

16 186
33 164
43 235
28 226
23 18
19 297
10 280
22 68
49 134
31 209
36 200
45 17
33 271
31 222
29 252
41 101
29 200

12 55
24 247
13 186
35 272
28 253
32 259
37 261
31 239
25 39
44 202
14 49
50 178
40 197

20 161
44 33
28 57
31 65
19 289
45 298
25 98
45 206
14 262
43 252
46 241
31 222
32 158
33 196
30 229
44 144
20 47
14 43
16 116
48 23
26 218

24 154
13 32
22 182
36 125
39 277
34 41
22 27
29 265
14 273
42 172
38 188
50 143
23 151
44 163
16 237
21 57
33 236
16 59
50 178
11 68
39 273
17 289
47 269
35 266
18 66

22 165
33 119
11 245
48 269
27 149
36 252
32 289
44 206
17 175
20 279
47 90
43 156
45 231
34 34
43 80
28 262
22 58
18 36
17 83
23 18
21 293
27 57
33 256

20 234
23 286
35 60
16 141
37 263
15 188
39 80
45 126
23 153
14 189
37 118
13 124
21 206
15 261
46 158
15 132
33 187
46 25
46 102
39 146
36 101

22 48
17 133
43 199
48 163
26 97
45 294
46 47
32 240
39 193
48 156
21 219
37 271
11 238
40 161
33 273
34 231
37 42
17 266
38 72
11 236
48 164
29 37
36 86

29 68
41 59
17 12
41 190
41 79
26 173
23 77
17 141
48 132
19 129
47 163
30 242
30 269
43 63
39 142
20 250
39 88
17 65
50 16
21 82
37 43
22 249
42 118
37 22
31 77
39 248
15 276
24 125
48 143
34 35

26 153
38 251
46 157
22 107
43 85
11 168
45 214
12 215
35 250
27 25
37 228
27 90
12 142
34 275
12 45
26 22
24 183
46 89
28 244
47 49
27 170
46 145
10 203
12 198
13 107
30 182
40 26

19 173
15 187
11 202
12 18
30 40
39 11
14 110
17 75
22 120
22 19
34 243
25 82
30 166
11 46
49 121
10 157
19 202
17 216
16 44
18 33

15 40
28 296
13 294
31 130
47 38
30 71
28 223
32 51
31 289
49 256
18 144
49 107
35 290
28 36
19 59
25 275

24 194
29 142
17 282
18 28
15 199
29 154
45 121
29 200
37 111
41 205
34 115
23 242
41 205
35 254
11 237
16 280
27 50
23 150
10 202
38 271
23 159
39 66
12 109
20 76
25 98

19 66
36 143
35 80
44 128
23 87
21 162
33 199
32 98
25 243
27 258
37 108
15 53
39 292
19 278
31 80
11 270
48 60
40 233
12 264
36 83

27 77
33 62
38 20
26 220
44 40
13 63
27 54
26 294
32 295
26 88
42 40
44 262
32 209
28 130
38 67
28 196
24 163
13 112
11 25
21 215
35 92
37 167
37 280
18 143
43 183
34 41
46 219
13 117

23 210
40 122
10 242
34 229
25 224
43 149
39 13
26 296
33 149
26 170
26 155
30 76
10 254
18 73
30 242
40 174
33 147
39 36
43 259
39 78
14 272
32 158
50 300
46 205

26 86
10 126
28 108
10 149
19 227
47 18
42 119
47 140
20 23
41 35
36 145
32 123
25 162
49 287
37 72
23 89
41 177
34 272
22 182
14 48
13 293
44 124
18 118
30 38
46 254
46 101
44 230

23 201
28 276
40 250
36 215
21 18
49 115
38 288
19 92
23 59
22 118
48 150
10 268
30 106
33 263
41 197
31 141
14 138
37 13
23 217
18 21
25 103
39 153
29 227
48 159

16 81
42 93
49 227
24 174
24 239
42 35
23 70
46 79
38 86
43 230
14 108
11 271
32 137
24 154
33 56
34 152
11 177

18 88
33 284
47 136
41 60
35 109
40 243
18 169
37 210
12 93
39 45
20 74
34 287
41 81
28 44
11 218
30 226
49 126
40 41
14 107

18 140
36 235
38 70
12 20
13 85
47 185
20 14
12 60
45 299
44 259
47 292
37 67
38 178
10 174
40 165
25 139
41 241
18 172
10 141

27 220
23 170
13 54
15 63
35 203
14 92
48 209
45 197
41 94
49 204
50 250
41 85
16 298
37 272
47 227
49 69
43 123
13 167
22 116
20 134
18 50
19 85
32 68
24 131
35 73
21 85
43 28
35 130

30 203
49 18
15 193
36 175
18 282
20 283
44 67
50 208
29 194
50 143
42 120
31 251
36 23
45 69
13 290
18 139
38 142
15 271
17 37
47 52
22 119
34 193
28 110
12 110
24 293
32 110
17 78
24 90
25 183
27 83
34 225

13 108
47 160
30 59
30 202
20 197
13 206
44 94
11 53
21 22
46 95
47 289
25 13
39 296
24 41

14 231
19 130
36 211
25 62
32 294
47 137
32 296
21 215
13 39
16 16
17 100
49 111
46 237
47 292
17 39

27 108
25 132
25 30
27 197
35 269
11 213
37 288
41 241
47 283
27 265
13 72
22 121
28 83
40 165
13 250
28 101
17 164
29 51
45 274
16 269
48 275
23 280
26 246
45 94
25 26
19 237
32 50
29 137

17 237
35 113
40 138
14 147
32 69
43 82
46 160
14 163
20 68
48 216
17 159
32 139
37 287
25 247
27 30
16 94
37 78
37 91

17 272
24 275
31 54
18 232
31 30
11 166
26 258
43 172
45 180
33 110
30 290
31 45
46 186
22 213
33 280
11 152
50 139
24 86

17 86
29 245
22 238
37 137
21 57
19 252
30 216
20 117
48 207
23 44
35 20
27 45
35 226
37 193
42 106
25 96
46 257
37 197

26 28
33 167
22 263
34 283
12 20
21 28
34 37
47 27
47 11
36 43
17 210
47 264
22 220
27 10
41 59
41 22
30 197
17 205
24 169
14 57
50 85
23 123
41 15
20 13
39 253
20 244
25 113

15 292
37 175
13 232
35 99
37 236
41 266
50 88
21 282
48 273
40 195
15 135
45 256
49 206
18 124
26 142
30 17

26 26
14 176
38 61
13 215
34 70
13 114
23 13
23 121
28 279
30 33
42 81
35 262
26 72
46 83
14 61
29 233
46 110
46 288
25 196
28 255
16 29
38 295
40 199
46 37
22 156
32 221
32 61

30 85
11 294
17 243
27 239
31 158
27 27
42 205
12 196
18 70
29 128
37 257
15 262
20 57
45 123
15 206
26 133
46 193
23 270
38 210
34 169
29 101
34 246
46 209
26 238
11 183
24 282
38 125
16 240
29 179
20 123
16 198

10 219
14 63
44 300
36 248
17 81
10 266
42 84
15 226
37 206
23 274
20 238

12 197
21 166
20 133
15 128
29 267
20 93
30 229
40 70
15 253
34 209
27 207
30 218
21 146

14 295
15 80
48 285
42 296
19 129
47 207
11 53
45 171
17 253
31 267
17 246
16 23
43 179
16 39
20 253

12 40
11 55
32 48
18 57
15 93
42 54
39 101
35 98
34 107
16 270
43 196
41 49
35 15

26 155
32 127
17 65
16 100
40 119
36 269
23 90
33 279
20 90
46 265
25 227
50 198
18 266
40 144
23 234
12 70
21 196
16 71
21 154
13 246
35 11
41 221
33 136
19 170
17 145
27 149
19 232

24 82
31 148
50 218
11 175
11 31
39 97
10 156
44 264
34 142
32 224
29 147
40 92
37 134
17 31
34 181
13 281
37 54
34 40
24 276
43 149
41 47
45 296
34 42
45 251
36 51

13 101
29 74
15 215
50 92
29 25
33 171
14 295
49 178
42 44
40 69
21 172
20 39
27 167
25 290

13 109
36 104
33 58
22 132
24 70
50 290
18 33
16 249
48 221
24 269
10 176
31 268
33 64
45 290

15 158
42 32
17 111
49 22
32 15
22 31
19 300
35 205
23 84
40 150
24 208
49 145
20 158
27 20
24 119
49 22

10 27
35 237
25 176
48 294
41 155
47 78
10 244
41 233
32 106
14 26
47 188

11 23
25 44
22 217
36 261
40 46
16 194
18 81
11 211
13 120
30 226
47 295
17 274

27 13
35 261
16 24
37 49
26 201
37 171
29 263
28 247
37 267
34 268
33 214
30 98
31 18
20 94
42 107
28 214
37 25
30 69
37 202
10 175
26 225
34 51
21 135
11 187
35 255
49 135
30 214
28 287

17 291
17 253
38 166
10 246
27 73
32 219
12 248
40 256
15 259
46 157
18 130
44 26
15 289
41 266
20 192
25 270
27 104
23 238

16 190
34 198
46 51
24 33
28 263
38 215
35 133
16 38
46 175
26 153
14 49
29 80
22 258
17 164
10 76
10 270
18 288

24 48
37 105
44 170
14 273
31 198
20 129
14 283
12 211
33 236
22 203
49 64
42 119
13 296
14 268
17 34
27 223
49 30
13 224
38 293
11 157
44 90
23 32
22 123
47 261
20 217

26 28
47 70
35 223
34 195
21 129
22 272
49 161
17 69
38 176
19 190
39 228
30 179
37 21
13 199
13 200
49 151
40 70
28 92
33 265
32 16
26 287
18 300
43 189
21 17
19 286
38 145
41 88

29 290
10 107
23 15
39 277
41 268
12 36
29 135
31 61
14 63
10 26
18 57
13 181
18 223
32 123
38 109
37 163
43 123
13 13
26 142
18 135
23 227
28 145
17 231
49 110
42 298
43 55
21 284
32 99
33 51
24 116

22 213
32 133
46 282
40 122
26 201
37 195
31 33
48 195
30 48
45 47
36 36
27 123
23 251
44 171
48 272
48 150
45 67
46 267
40 245
18 44
16 61
47 79
18 96

26 110
17 169
25 203
15 60
46 215
14 144
41 239
19 239
24 78
17 224
50 111
12 136
12 86
25 98
19 139
22 137
27 141
21 268
21 72
14 37
39 231
33 234
28 202
20 290
47 282
19 225
29 14

23 291
45 137
20 263
32 107
30 73
10 101
31 11
27 44
19 160
28 294
30 239
24 109
43 48
26 189
40 201
50 60
23 113
28 241
30 51
11 37
49 124
15 14
26 297
46 289

10 21
33 231
21 76
40 116
30 300
46 288
45 30
31 141
22 230
28 260
35 39

28 42
18 172
47 285
20 144
42 287
23 221
13 125
49 199
18 113
42 166
16 184
36 168
37 87
13 179
39 293
50 150
50 176
45 98
38 220
14 61
44 213
32 239
15 169
21 211
23 73
24 67
31 101
47 234
44 215

19 272
26 263
20 237
24 294
43 289
18 297
27 182
24 65
15 43
15 190
28 104
26 294
19 138
12 53
31 299
17 160
45 266
44 212
27 91
37 170

18 218
15 151
35 125
23 56
50 130
40 46
32 25
40 271
36 286
37 120
18 12
40 12
17 142
26 250
31 201
39 146
24 168
42 270
16 228

14 71
28 271
42 141
38 128
32 221
46 138
20 287
27 159
49 124
43 43
31 243
31 114
38 62
37 95
39 207

19 214
37 240
44 161
25 113
34 204
28 284
22 173
20 245
25 253
24 157
42 82
14 227
36 91
41 276
28 104
44 274
19 32
18 232
29 299
25 115

12 73
18 14
33 97
24 143
27 293
37 130
49 152
49 42
42 80
28 90
32 84
18 78
25 155

15 37
43 85
16 26
42 149
48 140
25 256
23 25
33 21
47 274
35 110
30 70
39 254
31 153
30 260
42 209
16 215

21 75
23 245
27 131
31 225
43 155
34 34
13 179
29 240
45 43
11 262
49 133
43 289
16 174
29 209
49 217
25 72
42 124
12 144
30 179
33 239
42 192
15 40

29 271
35 201
11 189
22 168
19 111
44 36
29 249
19 180
36 146
46 73
49 235
32 160
35 220
39 131
36 68
14 181
15 116
29 19
50 124
30 58
21 241
10 98
34 271
20 173
47 123
13 26
34 22
18 188
31 293
28 188

