91

30 292
44 83
32 261
18 117
38 230
26 131
28 111
36 199
38 69
48 214
47 40
15 14
19 184
18 162
18 171
24 195
49 123
14 49
41 184
45 10
30 179
25 152
47 60
44 48
38 106
39 87
19 207
50 290
30 58
47 221
29 24

18 200
23 125
16 171
37 269
41 148
30 271
14 29
39 206
19 95
38 236
41 208
42 176
11 85
22 293
14 29
18 161
34 124
38 37
34 263

21 68
47 16
24 48
11 90
25 143
11 234
34 247
37 285
39 13
29 139
40 104
39 174
10 174
49 42
34 71
35 98
44 112
16 117
16 22
46 263
13 69
14 145

23 61
14 278
44 147
26 243
28 105
14 36
20 285
41 197
27 199
50 128
10 166
43 264
46 140
30 84
39 138
27 182
38 72
25 114
31 131
17 19
45 207
19 185
19 51
45 154

16 34
22 223
31 86
37 38
10 251
47 296
20 160
44 81
21 271
12 48
33 76
36 83
16 146
37 291
16 271
33 258
39 55

24 253
32 283
22 227
46 283
44 166
18 284
35 49
18 60
30 138
43 243
13 266
30 123
19 26
22 168
40 251
21 147
21 270
30 13
22 134
23 43
45 227
36 88
41 32
32 213
46 139

21 69
45 234
46 214
14 158
32 48
40 221
38 110
25 230
31 143
25 168
32 188
35 16
10 67
11 12
29 261
28 222
44 13
32 98
26 20
27 85
15 129
37 299

24 53
26 44
46 28
22 110
43 114
46 177
22 204
34 246
32 14
28 254
20 179
38 297
39 183
37 159
39 257
43 47
46 92
39 289
44 284
27 155
44 66
41 29
19 141
26 42
10 136

15 36
35 115
21 215
43 288
13 41
23 168
32 92
44 237
44 23
44 40
22 299
27 138
46 14
20 221
19 166
20 61

16 271
37 26
40 240
33 298
16 137
17 198
34 97
11 233
46 239
28 228
40 237
14 262
46 103
22 122
28 152
43 183
10 125

12 262
34 132
23 129
26 15
31 258
18 145
41 16
32 268
22 68
50 18
21 78
10 79
34 142

26 193
19 157
33 156
22 50
21 67
30 287
46 127
45 137
37 76
19 147
31 187
11 193
14 244
37 151
41 290
41 211
47 180
14 39
39 103
48 169
21 228
19 119
49 253
12 56
19 253
40 33
11 128

16 95
44 66
41 38
15 262
12 48
11 268
14 264
23 129
46 211
33 70
27 89
23 166
11 169
10 42
23 79
11 68
17 150

16 254
35 199
30 123
45 190
48 191
31 19
30 229
11 85
17 171
50 297
25 117
10 258
50 259
25 44
28 140
23 71
22 275

13 122
43 31
18 51
26 273
49 24
25 70
28 177
26 30
36 151
31 16
38 23
25 165
49 154
47 189

11 75
40 73
46 77
16 208
30 67
38 209
21 219
34 99
28 258
26 226
15 67
22 221

19 90
42 135
27 142
43 130
13 45
21 28
47 45
16 48
18 141
29 269
13 300
12 231
50 200
34 170
41 230
34 153
39 118
11 141
14 39
48 188

16 165
37 259
38 110
24 104
26 178
33 172
50 256
32 225
31 123
21 292
43 172
26 67
40 237
22 242
22 241
21 59
26 91

20 56
48 175
36 240
21 162
27 239
23 251
32 289
42 105
27 102
26 249
31 178
31 265
36 112
23 104
15 300
43 240
11 261
48 15
18 244
13 53
19 187

17 175
41 291
49 249
42 219
33 138
31 290
14 202
46 185
22 249
50 70
48 36
20 244
15 296
47 273
41 53
10 135
11 232
38 178

23 54
13 195
43 207
34 261
45 56
23 288
36 237
11 219
26 11
42 63
14 294
41 130
20 123
40 217
17 135
16 269
44 21
24 23
20 267
13 216
23 228
12 127
22 75
12 80

25 185
34 259
50 72
35 262
50 124
16 257
13 58
37 172
22 49
21 262
10 247
50 235
26 111
25 72
17 41
27 43
33 81
45 239
35 34
34 243
41 256
13 163
18 104
43 157
31 56
11 22

23 49
43 289
19 76
37 168
33 116
18 51
32 285
35 243
20 30
20 66
30 213
27 126
24 186
17 198
37 175
41 120
47 165
10 210
42 184
46 134
29 157
20 109
15 34
33 244

11 288
35 234
40 270
16 27
38 209
16 214
26 71
21 42
45 263
13 243
29 300
37 276

17 93
32 107
23 53
19 222
34 66
47 245
37 149
46 34
12 82
41 105
27 177
26 116
10 248
40 18
40 296
32 161
30 200
26 220

10 101
33 142
40 262
38 212
18 255
22 197
44 192
43 245
21 268
27 166
34 210

21 182
30 107
34 142
17 69
31 95
45 211
40 109
38 83
26 188
19 271
49 245
20 20
39 61
47 97
45 208
13 103
32 270
19 145
21 168
13 64
22 211
28 71

26 233
46 161
42 223
12 161
15 136
14 242
20 200
46 131
37 299
28 139
31 95
28 88
15 262
25 66
36 131
15 67
31 224
11 135
41 209
19 247
18 55
41 123
21 116
14 207
18 27
22 243
14 187

21 19
13 46
37 292
24 221
38 117
16 148
22 187
37 21
49 130
49 147
28 164
22 217
34 272
44 262
38 97
23 55
25 298
38 19
11 94
26 215
26 88
34 245

10 165
31 251
25 192
33 229
41 207
21 167
32 59
49 31
19 131
23 45
15 292

28 257
38 220
47 45
13 266
35 182
17 47
10 83
11 148
45 227
31 192
37 16
40 224
47 88
29 251
12 268
25 221
29 129
43 290
44 137
14 212
49 85
11 261
23 132
30 230
10 290
14 118
46 14
18 163
38 43

12 295
20 264
15 56
22 17
17 200
37 285
21 215
11 218
14 173
48 78
40 230
25 17
37 162

12 187
38 157
22 227
37 146
12 226
48 105
18 70
31 77
13 39
49 265
14 114
43 59
30 88

29 170
30 137
34 123
32 242
25 174
23 242
40 261
33 245
20 286
30 171
15 236
49 118
15 286
26 245
49 61
29 130
31 54
19 177
14 280
25 198
45 200
37 140
25 180
25 39
13 228
17 146
50 270
16 264
37 185
26 200

17 298
40 278
35 85
11 99
35 172
11 119
45 263
30 122
39 55
31 118
26 239
38 171
48 225
34 185
29 292
39 255
34 238
33 246

15 153
11 39
39 155
40 253
37 44
20 247
34 157
20 274
47 149
13 158
31 254
29 263
43 92
24 11
25 272
47 38

25 100
33 172
46 26
24 145
49 110
32 178
14 52
21 14
46 228
13 288
42 46
36 273
30 163
11 294
50 129
11 96
29 147
25 198
28 68
21 112
48 85
23 139
39 233
17 113
32 169
16 103

19 208
27 279
22 138
14 288
16 278
37 276
43 123
26 290
14 52
43 262
46 289
44 136
10 192
21 42
14 14
12 40
34 130
40 264
17 54
30 18

23 12
35 251
13 176
14 259
24 120
40 274
13 286
46 213
50 198
25 138
36 230
41 187
34 114
16 221
33 166
33 282
39 27
28 15
11 256
13 116
13 172
11 165
10 191
21 264

26 148
42 27
13 273
14 124
18 287
44 178
18 299
26 79
16 15
16 158
15 71
20 20
36 182
36 22
46 285
24 105
29 166
38 132
41 55
39 24
28 74
15 278
12 56
23 59
33 109
16 131
20 268

10 173
42 169
12 247
26 202
33 287
19 264
40 107
12 15
49 88
27 140
38 38

13 91
26 264
49 173
30 102
40 58
13 112
40 236
40 158
40 31
40 21
14 120
30 202
41 211
24 118

16 292
23 123
21 38
40 187
47 131
48 252
16 249
10 80
33 198
27 246
15 283
20 25
15 19
15 285
26 244
15 43
13 116

16 179
37 23
42 35
18 289
49 212
48 297
19 149
22 264
18 29
48 57
48 36
15 117
23 60
20 236
16 279
29 53
15 283

17 103
24 86
27 267
26 131
28 70
13 234
16 73
13 111
30 120
31 197
14 132
16 40
16 52
22 60
28 293
12 74
33 175
34 236

13 87
36 206
19 240
38 242
12 113
27 127
21 91
35 35
35 59
29 72
40 185
13 242
33 156
32 267

22 131
17 144
47 190
29 272
20 21
21 56
16 107
12 227
34 218
13 156
25 117
11 221
15 83
39 148
12 117
30 212
35 152
17 24
12 65
17 27
34 83
20 185
26 31

24 48
39 195
33 102
47 265
24 103
35 165
10 235
24 225
34 86
32 232
25 65
48 221
26 35
16 63
37 81
22 215
50 231
47 50
38 281
32 169
18 228
11 154
15 51
13 245
18 126

24 68
49 180
33 276
29 87
20 182
12 171
15 234
38 251
32 102
12 173
43 214
18 21
12 147
14 221
44 72
29 65
23 265
26 50
11 94
13 267
36 146
30 59
31 79
44 31
46 124

17 35
11 55
25 99
13 95
11 232
41 101
49 220
45 190
49 264
21 226
32 70
22 211
49 19
47 100
13 295
28 27
28 81
18 264

25 163
46 168
24 103
39 191
31 78
21 128
11 240
33 126
13 150
43 137
44 26
36 208
44 29
24 31
20 68
41 197
30 48
38 201
32 275
25 48
26 191
40 207
28 89
29 25
11 96
12 117

24 249
27 31
34 296
38 295
44 47
29 251
49 112
31 144
20 274
48 248
18 164
43 288
12 100
37 150
45 284
40 193
50 185
21 198
15 49
21 250
23 51
12 40
20 15
45 74
13 162

22 12
22 203
28 215
16 58
45 235
49 108
13 81
31 23
34 71
26 108
30 277
43 113
37 19
33 294
50 263
17 147
23 29
37 152
38 73
15 126
16 182
31 275
45 215

23 70
34 268
11 85
35 243
37 235
42 111
30 137
17 264
30 69
42 42
46 230
11 145
27 193
14 234
34 191
22 97
35 56
34 284
10 260
16 138
32 129
46 142
17 296
27 286

20 108
19 163
10 278
49 197
49 241
35 298
16 30
50 269
50 87
13 27
33 37
17 107
47 175
13 187
23 17
29 265
29 80
46 240
23 27
36 259
11 45

18 137
39 277
46 192
44 105
40 54
29 293
16 167
28 248
29 135
34 69
28 116
21 224
42 97
24 160
45 117
50 110
18 61
37 80
24 220

25 297
37 200
12 82
11 199
32 18
34 150
23 240
28 257
43 186
29 215
41 293
26 206
35 73
10 202
31 84
37 196
38 259
50 118
47 149
23 113
36 72
26 253
18 57
46 119
12 95
41 74

16 162
11 148
47 262
43 195
25 73
23 112
18 30
37 42
40 157
18 287
33 213
50 14
28 162
34 203
35 274
42 102
39 101

11 223
24 184
20 39
19 211
22 140
19 153
18 140
45 54
26 158
44 235
32 124
34 109

13 153
13 66
45 54
35 113
28 89
43 233
50 161
17 269
23 10
18 136
50 175
24 175
17 299
27 250

25 290
16 93
48 10
18 151
20 232
29 25
13 199
17 122
13 123
12 44
42 232
17 159
36 133
27 187
26 129
41 110
39 71
10 177
48 122
50 278
39 180
10 203
29 161
29 228
31 53
25 176

25 196
26 108
18 255
32 166
28 46
25 277
19 240
17 223
45 221
24 33
37 213
48 183
10 70
25 100
32 280
11 250
45 280
36 128
20 42
39 281
37 165
50 115
10 157
48 222
36 41
32 224

12 176
44 63
34 10
26 35
26 271
40 177
44 154
42 142
11 284
34 265
19 174
31 97
35 145

18 56
31 139
47 285
33 35
39 38
40 125
45 178
27 277
38 138
12 65
10 254
27 79
50 298
35 128
27 46
34 63
19 300
43 27
16 108

23 253
26 72
43 193
47 230
19 74
29 268
23 286
20 156
35 235
30 126
29 26
19 32
29 70
13 149
34 67
27 222
17 192
25 171
10 37
20 173
22 240
11 223
22 207
31 57

10 78
17 215
25 145
33 136
19 20
21 29
11 299
10 118
18 221
39 20
36 77

27 165
11 78
12 144
49 85
29 113
48 114
13 43
21 278
35 77
35 129
38 175
46 46
28 159
29 187
10 182
11 96
30 113
50 185
43 188
48 161
19 268
27 174
35 71
25 179
27 142
23 145
23 271
30 60

12 258
12 114
10 74
42 108
20 36
18 79
35 95
16 163
12 155
23 28
32 68
24 81
26 298

11 33
38 54
28 291
42 47
36 41
12 40
18 130
17 47
46 34
16 148
39 69
47 43

10 166
20 277
16 61
41 34
37 274
33 185
26 167
39 150
50 121
31 215
26 255

21 14
49 87
35 130
28 139
17 42
24 293
15 252
44 282
29 144
44 73
31 227
30 205
22 90
38 88
32 114
29 247
31 256
50 55
20 199
43 135
41 196
30 187

30 101
15 169
29 17
41 151
27 278
18 203
49 141
18 74
27 271
29 285
19 109
25 122
20 85
29 40
48 257
15 294
44 78
23 86
35 266
34 298
26 140
21 252
50 154
37 127
22 77
25 186
45 258
29 291
18 269
17 162
37 86

27 283
48 16
24 119
28 211
35 158
18 228
22 231
35 181
19 179
23 63
16 167
10 97
22 66
38 96
31 255
42 121
44 53
19 102
27 176
43 139
14 274
30 186
34 97
49 34
37 248
41 234
11 16
32 246

12 78
21 196
24 149
20 174
12 53
50 234
34 277
25 278
11 70
11 29
18 69
49 154
25 16

20 243
22 41
44 146
11 57
49 283
41 292
21 278
37 40
25 46
36 92
20 117
16 104
11 287
22 12
35 207
35 40
20 148
49 100
35 179
34 24
15 90

17 41
27 208
22 216
34 250
45 76
24 240
37 164
48 161
20 233
19 15
25 174
10 197
49 14
33 212
17 206
43 192
15 30
45 21

22 175
15 228
15 80
13 168
24 206
31 58
22 191
45 67
45 53
41 244
22 86
45 208
13 26
11 271
12 137
45 96
27 46
25 142
28 83
36 21
30 109
36 60
11 290

19 221
15 80
35 29
18 48
31 38
15 266
23 24
42 85
45 281
38 141
41 64
49 297
12 18
15 243
44 175
45 27
19 109
27 52
45 146
36 60

15 107
32 220
31 215
47 66
36 45
31 26
50 225
19 26
36 298
26 156
25 272
23 119
48 214
30 76
47 255
45 285

25 128
46 275
13 148
19 254
35 17
12 139
36 202
42 16
45 11
37 170
15 190
28 133
46 298
36 238
46 292
23 248
12 273
24 191
50 57
42 293
44 273
23 193
45 192
11 87
14 56
33 105

21 171
13 227
44 79
33 209
28 212
19 108
33 202
10 103
23 257
49 234
27 128
12 116
23 286
26 11
20 42
11 90
23 293
15 148
15 89
46 44
36 55
41 68

20 137
12 146
29 273
25 84
12 137
10 283
11 248
11 127
15 259
18 116
26 48
25 191
28 131
11 27
37 207
23 196
32 202
29 269
17 298
16 177
30 176

13 255
40 220
38 147
22 264
10 117
28 135
14 163
36 172
32 244
12 235
48 156
38 27
46 144
37 99

23 68
20 158
25 223
39 181
43 119
25 189
23 176
33 14
26 170
38 125
46 151
11 213
34 276
50 188
24 164
41 44
19 143
27 219
20 22
30 168
17 71
31 172
18 202
47 12

30 274
39 133
48 221
22 276
10 221
14 59
11 296
12 170
29 189
41 238
30 280
11 252
12 110
49 95
45 103
10 231
31 213
39 158
39 42
42 276
40 113
19 166
18 233
19 40
40 164
21 120
25 98
20 290
44 158
22 73
41 155

11 138
30 49
42 279
29 284
24 113
35 132
30 285
21 135
47 239
29 259
16 200
48 99

18 138
45 196
27 36
27 40
34 15
39 239
50 221
18 117
23 22
50 210
29 206
40 77
36 91
44 213
50 258
18 160
37 79
25 190
27 21

29 259
37 196
17 186
38 181
22 290
45 109
25 251
22 220
12 19
12 75
23 38
31 61
26 148
10 218
44 155
16 74
22 28
22 193
28 130
35 80
42 277
31 123
26 207
12 244
18 77
31 33
43 106
18 147
28 79
39 232

20 119
14 182
10 268
50 99
11 179
32 64
12 194
50 157
46 266
35 29
44 286
46 66
38 70
35 75
19 82
40 54
11 110
20 181
37 126
28 76
47 64

24 188
10 76
35 275
33 129
23 107
50 140
24 128
30 191
33 279
25 83
33 220
29 110
35 77
11 203
11 256
38 68
26 108
48 66
13 57
18 189
25 141
32 129
18 255
23 289
29 46

15 68
17 269
41 31
37 80
49 59
22 140
14 172
24 289
19 156
48 185
40 164
38 226
27 206
23 199
20 12
24 95

