77

16 188
23 129
43 149
38 202
31 154
39 87
42 110
15 51
45 132
21 94
45 35
43 257
31 20
20 84
44 16
18 224
16 140

13 189
28 107
34 190
36 244
35 68
12 137
21 116
37 222
18 271
45 228
50 60
22 98
17 157
25 238

27 127
33 22
13 35
36 85
18 67
46 180
21 237
46 84
41 221
18 162
22 10
39 110
30 25
16 130
39 242
31 77
41 236
42 219
43 264
27 56
35 189
39 274
22 216
39 229
48 139
35 96
20 241
42 140

27 53
48 101
36 55
20 117
16 273
20 15
17 75
28 147
32 65
43 215
37 253
46 60
19 89
22 69
46 68
31 91
27 216
43 235
39 172
18 86
27 149
49 267
29 106
22 87
48 38
45 253
34 21
27 139

25 300
49 233
29 66
10 286
20 261
39 218
33 194
19 18
27 160
14 104
19 47
32 191
27 99
39 292
35 292
42 193
33 48
41 195
50 178
41 205
44 68
30 105
39 250
31 199
15 300
11 28

28 291
10 205
37 147
34 69
28 278
48 227
17 299
17 132
50 34
35 208
19 210
42 160
10 295
14 120
27 168
16 148
33 236
37 73
50 42
37 269
35 83
42 124
34 160
34 38
26 162
18 169
22 53
39 111
15 65

20 17
16 269
42 14
12 146
34 10
42 90
22 218
20 143
18 63
48 258
29 269
42 69
35 161
32 211
20 176
20 260
35 297
19 121
39 53
18 281
38 211

28 160
49 247
27 58
10 209
19 274
50 279
20 68
11 253
16 140
12 47
15 168
20 210
34 164
41 122
44 241
35 90
20 221
17 195
23 155
29 146
21 21
19 127
30 62
36 112
36 215
33 53
47 59
50 17
46 159

24 145
46 195
26 289
45 191
33 67
48 63
35 267
15 221
29 29
48 156
43 222
45 93
24 31
17 136
27 67
19 129
21 256
24 199
34 266
15 119
34 80
49 252
26 31
32 15
47 84

28 175
46 24
44 124
41 42
32 147
49 210
50 203
33 138
16 199
42 97
33 143
25 149
44 16
13 206
18 269
36 239
15 120
39 158
45 77
43 113
15 245
35 26
48 138
18 223
35 138
43 209
47 239
47 97
19 102

27 93
17 128
31 85
23 120
18 206
11 253
15 170
11 256
21 120
28 118
45 269
44 78
31 253
44 135
35 32
16 60
46 242
43 64
34 173
30 173
46 203
20 175
39 223
35 197
29 202
16 152
22 38
41 227

12 168
14 284
41 77
14 158
17 149
27 180
23 30
37 125
44 15
33 260
14 38
33 135
36 74

29 299
14 70
18 286
36 146
38 261
12 69
23 197
20 193
17 18
48 20
29 14
23 48
11 17
44 240
16 165
42 192
49 78
46 240
10 190
43 184
41 74
27 141
27 138
15 150
41 225
35 124
46 293
21 205
43 84
40 249

12 10
40 173
29 169
11 98
16 273
40 164
18 196
31 293
35 262
49 281
12 191
20 88
37 211

30 131
14 130
16 225
29 50
15 124
16 23
40 115
37 115
40 170
28 179
13 221
21 16
27 192
14 127
50 203
43 123
37 121
12 193
29 161
37 140
37 30
23 92
17 57
32 147
28 84
32 125
32 246
35 209
26 158
39 37
42 281

10 143
22 152
45 123
46 25
43 101
40 63
32 25
31 293
38 87
43 162
44 242

28 166
26 135
17 218
36 247
12 125
19 57
13 200
12 247
21 259
41 110
44 134
35 93
49 85
26 40
49 277
14 100
41 236
16 17
47 229
26 188
28 21
45 205
25 108
17 285
34 155
29 241
45 70
50 256
27 54

20 176
38 104
29 185
18 285
12 140
24 183
35 249
16 272
39 215
22 56
23 222
50 98
12 70
29 150
13 56
27 162
37 189
30 147
15 127
48 170
32 300

29 86
18 134
39 72
19 162
34 48
12 154
31 290
12 280
33 281
27 102
48 242
33 184
47 163
11 41
22 112
36 43
45 16
50 31
26 52
37 33
47 267
41 51
32 93
18 76
22 231
50 283
36 79
41 15
42 115
10 51

28 157
30 290
11 107
38 164
45 153
35 234
48 245
45 222
34 86
36 54
26 93
27 34
33 115
47 208
34 250
14 254
21 109
48 138
22 274
44 279
22 286
19 108
28 288
11 248
22 45
13 21
42 296
46 187
28 188

19 173
19 62
48 36
32 142
21 292
35 175
37 197
39 244
10 253
48 251
16 89
12 206
24 85
33 180
47 161
27 85
10 52
32 206
21 128
42 87

13 93
43 236
40 91
21 145
10 25
26 151
15 212
36 268
45 261
45 26
16 179
19 201
24 80
29 97

15 198
36 300
11 82
10 280
44 183
48 92
36 153
41 163
21 90
10 86
34 210
14 183
27 100
39 258
42 278
45 194

15 136
17 95
44 177
26 119
27 160
28 240
22 205
41 16
24 239
37 155
19 121
10 286
43 31
40 263
27 170
10 60

17 63
17 36
42 59
39 23
48 79
31 258
27 155
31 262
33 86
48 42
40 53
38 216
30 282
10 84
30 220
48 47
11 145
22 74

16 105
12 75
26 15
24 213
43 141
32 138
20 132
40 234
46 223
31 163
32 199
24 33
47 159
42 280
44 208
50 240
36 165

27 25
16 105
16 118
36 210
31 258
26 208
46 293
15 132
39 95
18 275
11 226
15 231
15 127
14 103
50 135
14 122
47 76
24 102
10 284
35 18
27 113
23 285
45 274
14 215
23 258
10 154
10 155
39 294

11 63
22 83
34 19
44 152
36 50
38 57
11 215
47 196
36 213
12 138
26 274
35 248

16 159
50 192
19 154
45 192
18 34
13 108
46 284
44 264
11 167
28 251
41 129
21 196
26 254
50 278
34 75
26 242
28 194

29 207
15 160
12 28
44 61
15 258
11 25
31 231
16 297
10 93
43 210
11 169
48 70
44 33
18 18
12 246
40 35
34 71
21 101
37 217
24 166
39 103
15 67
49 166
23 169
40 38
46 181
47 185
50 32
24 202
48 284

18 47
30 91
10 13
21 28
15 126
37 86
16 125
33 39
42 112
13 130
19 177
34 82
32 24
20 247
30 57
38 189
50 189
20 158
49 146

23 54
44 42
10 129
41 228
47 205
40 242
29 184
17 175
31 111
18 181
19 263
16 199
29 162
34 124
22 83
14 73
36 208
32 256
12 105
28 144
10 63
41 254
41 266
42 135

18 279
17 178
30 24
39 213
24 29
28 87
48 268
32 100
33 288
31 93
22 197
49 70
30 63
45 21
32 90
34 87
37 131
37 70
16 53

12 286
36 94
16 69
42 136
12 65
12 46
12 75
23 290
31 103
47 204
42 100
10 183
27 295

30 145
23 47
42 169
21 158
44 141
23 46
44 27
24 248
13 13
16 42
24 221
34 70
28 278
16 24
47 292
12 114
34 33
41 32
23 245
32 135
24 219
49 187
23 300
13 199
43 78
40 181
48 117
25 110
14 142
19 297
40 256

16 130
36 166
48 16
32 245
31 212
20 30
44 190
17 132
41 12
42 121
30 12
26 41
27 140
23 152
25 281
15 257
24 220

25 247
26 86
34 12
14 258
43 261
24 242
24 15
31 40
21 21
32 36
42 272
38 248
49 233
45 240
19 204
26 114
14 191
37 106
47 221
28 228
43 298
15 249
14 153
42 256
37 31
21 54

23 124
39 65
43 283
44 214
24 51
42 126
11 94
38 289
33 173
22 89
46 262
40 70
26 175
31 83
28 287
43 144
19 15
41 101
19 149
38 80
46 298
45 156
49 156
39 179

20 199
36 186
15 124
23 250
33 116
30 79
21 257
33 132
17 109
49 178
12 165
25 271
43 51
29 86
46 240
10 127
15 40
50 86
47 131
42 261
24 64

13 69
14 58
47 15
23 278
29 197
13 271
41 161
11 86
24 153
22 33
16 91
33 216
28 100
17 148

20 24
45 262
38 180
46 48
18 26
38 257
23 247
25 69
32 108
34 218
22 47
31 282
10 41
33 37
26 275
32 153
27 53
20 30
26 131
35 74
17 260

17 51
43 146
33 158
47 70
36 183
12 163
10 137
24 37
18 145
11 237
34 200
44 160
37 194
20 55
48 231
32 259
32 151
18 158

25 223
17 238
31 228
45 188
23 257
47 274
21 237
44 21
28 240
41 228
45 114
16 226
25 208
12 190
35 124
27 245
17 296
37 211
19 175
44 167
34 95
41 108
44 87
26 296
10 213
15 37

30 15
18 226
44 34
22 212
43 245
40 22
34 218
11 136
16 64
38 61
36 276
25 248
43 252
14 96
27 15
39 150
27 176
40 177
15 30
47 89
49 213
44 263
49 86
44 180
31 30
16 295
34 230
23 98
13 104
31 75
35 292

11 59
48 83
20 173
21 189
23 213
12 144
13 134
22 121
22 152
29 218
25 125
13 288

16 273
18 135
30 232
32 114
28 279
11 132
39 23
40 203
25 288
36 16
26 46
46 151
23 198
30 43
18 46
24 144
27 69

30 12
25 37
26 32
23 295
49 296
25 164
20 249
45 248
15 67
34 174
17 79
25 83
46 144
31 46
24 205
22 14
22 89
24 247
47 200
40 246
27 292
39 178
45 91
41 37
42 117
48 248
49 177
13 56
32 125
10 259
27 228

25 164
46 51
12 153
11 68
23 203
44 54
40 165
38 58
20 187
37 96
41 40
18 80
48 160
42 146
47 287
41 190
28 73
19 294
41 61
27 299
46 78
49 194
34 145
48 276
42 99
21 267

15 36
47 15
22 58
17 269
12 19
33 42
46 195
45 69
14 90
25 89
12 40
14 152
31 50
19 70
48 283
17 289

18 246
15 166
10 272
24 76
13 75
10 283
18 184
47 207
42 285
47 137
42 94
50 119
20 252
15 123
48 96
34 202
30 146
34 75
46 184

20 63
29 298
34 47
32 154
20 240
35 52
13 233
21 68
41 272
22 275
14 29
27 153
28 116
48 178
19 288
31 105
48 36
11 90
39 120
32 119
49 101

24 82
33 289
30 178
32 88
50 72
41 169
24 66
48 291
21 83
14 100
46 90
29 44
16 83
15 94
35 244
34 47
11 42
47 78
34 280
34 29
22 35
23 230
32 241
28 142
23 143

26 201
46 74
44 257
36 263
48 65
39 92
34 48
33 120
39 156
32 50
48 121
35 248
19 227
39 116
25 11
30 29
22 124
13 54
14 161
41 15
42 43
34 268
42 75
43 54
11 43
10 214
23 280

26 43
34 287
16 296
31 288
26 123
42 14
42 155
11 95
35 297
22 62
46 56
22 88
49 208
45 164
24 226
30 74
40 19
37 258
49 215
13 194
32 45
47 167
48 112
34 291
10 43
44 125
16 15

24 33
28 233
20 226
19 215
32 292
33 156
13 205
20 86
31 92
25 43
12 200
39 44
38 199
27 271
49 107
35 22
32 125
41 235
45 92
47 26
11 251
37 272
39 113
34 205
40 180

23 78
46 197
19 14
41 75
21 151
39 205
33 95
39 169
17 57
45 291
49 152
10 107
50 262
30 270
25 238
39 257
24 125
34 232
48 31
10 267
11 169
41 118
40 65
15 158

13 36
15 289
35 124
12 145
15 300
14 183
15 229
48 85
42 106
46 92
42 251
29 265
46 10
26 286

24 17
22 26
28 48
31 158
41 102
20 250
27 90
29 41
20 10
13 149
34 272
41 238
22 226
49 106
46 49
32 194
16 260
16 232
15 166
12 10
32 194
33 14
11 276
40 64
31 278

28 283
32 146
33 126
34 130
44 27
47 220
22 267
32 290
11 247
45 55
50 242
18 118
20 78
42 257
48 51
41 250
25 40
43 271
30 11
26 180
35 241
41 155
19 204
22 13
43 269
38 113
42 172
42 224
44 80

17 244
38 79
13 168
22 252
44 84
19 196
48 152
19 145
33 223
15 272
29 39
41 132
41 208
20 123
14 35
28 288
49 196
44 136

30 194
22 114
39 122
27 136
45 18
21 17
46 62
19 81
23 280
48 198
11 248
39 87
45 188
19 177
49 268
16 11
37 225
44 80
36 138
14 188
35 92
27 80
13 57
23 272
48 105
33 117
23 83
38 252
24 227
16 187
46 60

29 234
23 43
46 226
13 249
29 258
20 133
36 234
18 46
16 187
42 198
31 113
21 130
32 266
31 150
43 107
13 199
17 77
33 86
29 82
11 30
44 281
27 278
12 195
13 135
36 288
36 16
37 253
32 300
16 206
40 65

27 241
47 267
47 165
34 117
49 268
50 94
10 290
20 113
15 17
42 258
36 279
26 40
26 14
42 54
22 101
16 242
24 99
26 119
47 126
38 276
18 295
14 34
39 141
40 177
18 197
50 184
38 195
45 259

14 138
25 195
14 249
25 127
34 235
14 29
44 173
45 285
30 146
35 152
33 225
26 119
50 269
44 158
31 221

16 97
34 223
39 269
50 215
39 215
31 15
16 113
41 89
26 143
39 253
30 42
27 151
29 116
13 279
46 24
39 10
26 15

13 116
50 210
19 78
27 217
13 59
37 248
10 195
19 27
14 24
29 177
21 69
11 249
50 60
21 171

19 237
37 72
38 187
33 87
50 237
35 278
44 296
34 224
13 89
49 81
29 212
23 85
45 70
14 98
43 245
50 151
19 139
23 156
20 240
28 300

10 113
24 187
36 147
14 192
36 75
33 210
30 127
47 131
10 110
34 279
41 286

10 297
10 277
49 248
38 295
21 210
17 254
29 139
27 54
34 34
10 136
49 57

21 107
14 45
46 106
10 257
14 144
42 288
46 221
14 135
17 135
13 260
39 177
29 127
41 90
44 171
20 261
43 184
37 43
18 75
48 220
20 63
32 100
23 150

16 64
30 283
29 62
48 34
48 134
12 129
31 287
49 208
47 143
31 210
14 55
47 244
38 249
32 299
32 182
32 215
34 239

23 286
41 10
36 283
12 129
26 110
48 137
46 233
11 156
49 220
18 51
29 47
19 232
33 136
24 115
48 120
31 292
30 270
27 262
24 41
35 169
49 99
27 21
10 132
28 245

24 40
32 25
45 145
22 83
16 56
46 72
19 10
20 125
28 110
36 39
20 92
34 205
45 250
45 86
29 205
43 45
39 175
21 24
43 67
40 110
34 89
39 158
47 164
18 20
18 88

15 294
13 181
18 177
29 170
23 127
20 44
13 278
32 31
42 140
14 187
16 52
24 189
50 111
25 298
40 163
24 246

25 152
22 285
38 209
20 188
35 292
47 171
41 275
46 151
15 46
22 169
25 267
50 82
47 289
31 182
10 175
33 31
20 259
12 134
18 148
41 29
19 176
15 228
15 146
21 234
12 286
38 217

18 259
43 165
26 269
30 68
34 242
33 295
17 176
50 17
13 10
33 265
21 181
34 202
41 208
14 182
30 293
18 124
31 182
15 101
26 298

19 291
26 23
44 105
28 222
26 249
42 151
47 55
43 40
36 248
46 148
26 276
26 114
35 54
48 208
32 219
12 286
21 13
10 137
32 191
27 161

