64

21 300
28 260
13 208
47 300
13 224
26 241
14 57
49 216
38 237
10 257
46 166
39 116
26 34
35 51
41 221
30 216
25 52
31 15
43 107
23 112
40 105
30 286

23 212
42 109
37 176
46 228
24 293
21 272
13 273
15 262
23 255
14 11
45 192
46 284
40 208
15 175
41 157
21 222
33 280
12 104
36 108
41 153
19 223
28 157
24 238
26 145

24 134
44 149
49 65
22 185
34 96
35 177
25 144
50 142
17 37
29 233
23 81
32 191
13 43
19 258
37 14
48 265
50 69
24 236
33 251
45 129
10 176
29 148
31 168
15 149
29 220

26 54
46 242
50 225
21 69
26 54
42 142
18 149
12 22
20 132
38 69
23 262
48 257
21 148
38 207
14 21
27 111
12 95
26 242
16 48
22 33
20 13
13 230
45 244
42 271
42 232
41 129
15 43

17 53
39 106
36 34
11 114
33 58
40 37
50 287
36 54
43 242
31 206
35 178
41 148
17 140
48 210
18 152
24 125
15 299
27 165

15 132
35 218
14 12
15 46
11 244
48 176
27 61
29 171
35 249
23 140
27 12
45 68
22 195
43 66
44 52
42 19

11 12
10 83
33 220
12 56
46 261
22 200
43 211
30 176
17 89
39 69
33 136
23 34

27 203
33 232
22 48
12 110
26 70
28 271
22 285
15 169
37 156
11 267
11 279
12 288
23 112
16 88
19 57
46 174
28 40
44 200
35 158
30 94
20 288
39 117
12 167
29 89
21 130
19 233
24 116
23 263

12 24
28 28
43 101
19 140
19 261
29 95
28 22
24 232
22 59
15 12
25 254
21 102
37 24

20 258
42 211
40 30
42 227
29 146
38 32
45 288
17 20
17 21
41 162
22 109
26 120
30 177
47 227
36 95
14 63
49 124
23 224
27 22
41 259
35 255

20 299
35 266
40 242
21 90
39 43
12 70
24 66
19 82
49 166
34 113
50 290
35 30
49 199
36 82
14 46
33 274
11 197
24 81
17 276
36 48
34 277

24 290
42 208
31 133
18 90
49 223
21 186
44 152
33 122
37 146
22 16
19 141
15 291
33 95
41 181
13 228
11 75
37 103
33 267
25 80
18 199
15 209
41 210
19 30
12 136
35 19

10 280
30 11
25 67
18 273
22 57
34 288
24 219
14 257
28 243
40 279
40 260

22 238
12 24
47 116
32 109
27 266
23 206
41 198
14 180
40 130
19 130
16 209
13 244
41 187
33 278
49 254
23 248
31 19
44 231
14 275
50 299
32 16
37 246
17 261

17 148
32 185
35 38
48 204
28 140
49 42
39 90
19 202
15 182
38 82
37 254
44 116
35 12
21 199
10 263
36 16
45 203
38 40

19 134
14 150
35 54
15 179
39 274
31 260
49 201
48 99
43 262
32 231
17 258
49 174
44 266
14 116
32 249
20 36
49 282
27 191
39 165
16 132

30 208
44 106
41 182
44 82
35 263
41 113
26 20
28 84
11 276
27 124
43 227
45 59
12 204
47 95
50 161
15 117
34 249
34 91
44 133
20 66
32 70
29 285
23 37
47 86
14 26
27 220
47 119
32 75
28 167
48 83
35 25

11 120
45 136
28 239
21 113
40 219
30 258
15 125
34 238
42 49
47 115
40 141
31 268

20 154
45 252
39 88
43 31
45 232
42 67
16 156
34 24
14 239
47 115
32 47
37 136
13 66
14 118
45 71
46 233
39 149
32 12
41 95
26 113
35 113

11 223
42 153
20 29
33 140
30 149
22 297
41 267
15 198
22 74
30 177
11 159
36 61

24 162
49 73
37 173
50 186
22 127
23 202
27 283
29 82
29 149
30 241
21 138
26 295
36 240
17 280
11 183
12 133
40 84
25 93
23 158
19 292
29 23
33 276
28 20
49 140
27 163

29 102
44 48
34 46
16 207
15 20
42 253
39 228
10 299
34 56
49 89
25 94
41 18
33 212
45 249
40 290
14 36
32 165
45 82
21 51
15 158
31 186
29 16
26 99
35 246
39 84
16 51
26 171
33 51
16 155
42 94

18 282
31 140
15 220
47 79
10 164
25 272
42 122
21 67
24 146
12 18
28 138
11 201
45 292
31 94
42 152
38 35
46 117
15 250
37 91

15 215
46 153
33 294
21 167
48 124
17 211
50 91
19 194
36 56
37 252
29 56
16 106
37 145
35 194
35 256
38 171

17 80
39 269
37 298
12 109
22 129
25 233
26 205
44 78
16 25
39 190
36 46
46 267
18 75
41 89
13 257
45 240
10 169
14 243

23 142
27 84
35 149
33 113
40 287
45 289
44 37
42 46
20 257
39 295
45 49
36 16
20 274
10 297
20 112
47 137
38 218
35 44
28 38
24 36
18 32
47 125
38 289
30 23

21 184
43 142
10 236
35 238
13 65
50 40
20 130
15 33
36 167
49 73
17 18
14 62
31 247
11 104
12 101
37 214
16 161
37 175
14 35
49 281
50 48
12 219

17 126
48 289
17 19
17 207
48 166
14 57
48 283
45 212
32 10
10 25
21 247
28 207
44 98
29 41
10 208
27 184
35 219
22 118

26 277
45 222
49 55
23 158
43 104
39 254
45 104
13 54
49 80
13 243
19 238
22 31
22 162
43 103
38 17
20 125
42 101
30 229
30 149
29 59
45 115
46 11
22 150
42 294
29 97
23 261
15 281

26 128
39 136
49 218
39 200
50 262
28 160
50 136
35 293
25 26
14 239
25 270
39 48
24 25
44 98
30 106
22 143
31 171
42 54
27 174
29 255
31 250
14 275
15 175
24 38
21 59
14 122
39 286

23 106
29 208
25 179
47 68
29 264
43 205
49 201
35 255
36 254
34 52
32 59
17 182
21 10
36 148
10 191
23 186
26 69
48 61
44 104
50 167
15 34
39 136
44 109
45 238

30 233
31 222
26 300
13 60
27 218
33 75
48 283
37 125
14 32
22 291
35 122
22 198
11 43
42 296
16 296
38 252
26 94
19 181
26 241
22 44
26 117
43 80
30 20
14 299
23 166
24 205
49 120
48 158
26 65
43 50
35 243

14 14
12 117
15 115
30 71
27 56
22 192
30 28
42 51
49 96
10 239
24 294
37 165
10 259
44 93
47 54

24 277
44 230
23 157
37 276
39 165
39 189
19 53
43 135
23 238
33 34
36 122
40 129
14 51
22 299
38 289
35 254
40 62
12 90
44 238
45 256
46 277
49 141
44 26
14 260
42 158

22 253
20 159
38 187
16 258
39 45
38 27
25 246
10 252
14 206
29 281
25 188
20 191
35 27
50 76
44 84
12 111
24 59
26 131
11 65
50 55
18 250
42 262
47 238

25 80
10 82
50 131
47 155
43 84
26 155
46 257
43 170
45 245
26 21
22 237
46 273
11 95
32 136
14 58
14 250
23 281
19 168
19 275
36 68
36 51
35 192
20 204
34 157
13 240
23 288

25 79
32 189
17 135
43 92
48 33
49 159
43 44
41 194
13 75
41 131
33 77
40 171
16 122
50 106
34 218
23 179
18 81
13 83
43 201
42 245
41 158
25 240
27 199
36 198
12 236
30 187

24 125
45 236
42 205
23 91
28 165
31 63
29 79
40 184
19 144
16 64
42 267
23 24
45 18
29 264
18 148
39 253
34 273
44 97
15 198
28 84
24 182
42 27
23 17
46 238
45 233

27 17
44 126
19 82
24 293
32 281
16 68
22 114
18 13
29 143
24 153
39 116
20 198
18 72
50 141
46 297
47 66
34 142
46 212
25 152
10 13
37 116
20 262
21 185
49 78
14 75
40 34
44 106
10 269

14 189
22 37
36 175
33 49
40 146
31 175
31 170
40 56
40 228
23 269
49 293
41 224
40 185
43 294
26 148

28 160
25 157
42 264
37 11
20 26
17 152
20 229
26 57
35 52
41 271
26 60
37 282
44 208
29 60
41 202
30 124
28 219
15 11
20 231
48 257
46 48
49 209
34 46
15 132
10 234
29 43
29 143
12 190
32 274

27 259
50 184
23 193
24 168
28 153
10 196
32 104
40 205
42 257
39 256
48 84
36 95
12 32
43 264
27 201
24 74
24 94
25 18
11 176
36 58
15 191
18 127
48 131
49 262
31 66
13 235
33 292
47 118

11 215
46 259
10 216
34 69
23 93
28 113
12 213
21 157
10 236
28 27
40 213
41 164

27 153
44 274
31 284
47 131
48 77
21 275
40 215
32 32
20 208
49 220
28 168
40 99
36 105
44 185
10 300
44 195
23 173
44 172
41 39
31 198
39 235
30 73
29 78
19 137
36 51
27 34
12 111
45 165

24 147
48 268
24 213
23 291
27 137
45 247
39 175
19 171
32 19
31 30
15 231
19 155
20 61
45 186
20 222
22 243
49 203
17 287
40 125
31 251
45 186
42 135
42 298
47 159
17 217

25 279
39 232
20 38
37 288
34 49
36 255
18 213
24 72
46 288
42 77
45 209
42 73
28 159
36 216
49 245
15 283
38 171
19 176
37 27
46 118
32 210
32 230
35 28
18 187
28 35
23 199

26 142
42 220
13 160
18 36
22 119
23 13
21 120
43 55
24 159
33 157
38 50
33 119
13 38
40 159
25 175
16 250
13 199
36 88
37 46
49 155
28 65
44 189
38 267
50 276
21 197
12 162
40 155

27 114
36 133
41 195
48 285
19 185
39 240
34 180
28 172
28 244
21 300
17 172
34 34
29 173
48 62
25 190
50 84
38 187
29 116
23 19
31 174
47 177
43 200
43 229
49 89
21 178
21 29
17 149
29 190

26 23
27 158
24 203
50 37
28 154
38 252
17 37
45 237
49 274
29 187
34 249
41 296
19 53
48 40
26 273
35 115
33 245
33 193
24 11
40 154
37 64
45 131
50 161
38 30
23 111
35 98
15 123

11 173
50 123
30 155
18 197
43 50
12 160
44 37
37 54
26 25
26 206
39 32
15 300

18 163
19 219
50 246
42 167
27 166
41 241
10 290
31 227
35 168
27 51
47 234
21 219
30 20
20 293
26 208
37 40
20 234
27 193
39 53

30 266
19 158
46 61
40 169
43 28
43 228
20 35
12 107
49 15
25 145
21 249
43 178
50 185
50 280
43 252
49 10
47 258
35 251
25 231
23 196
43 169
24 74
47 63
24 252
27 146
33 204
34 68
26 91
15 134
21 105
38 98

17 97
13 44
35 200
34 40
29 288
38 151
28 44
44 24
13 204
49 101
38 78
42 175
19 126
46 286
36 30
10 185
17 299
11 211

25 66
37 138
43 214
38 221
18 45
42 23
32 187
17 260
37 195
38 183
23 16
15 115
28 159
29 10
26 156
31 145
33 259
24 102
37 71
37 198
14 222
33 75
21 39
36 224
49 197
38 300

24 288
22 218
31 49
47 23
16 96
45 90
12 59
21 217
31 262
25 225
48 119
39 230
49 103
27 205
19 106
36 167
36 216
36 28
48 136
10 110
30 145
40 238
50 146
27 68
14 202

22 187
25 10
11 149
13 255
20 63
28 275
10 277
47 47
48 96
12 261
15 219
24 219
47 86
39 33
37 289
10 216
36 206
24 235
28 269
25 58
39 146
48 163
10 96

27 289
14 40
19 250
33 247
11 295
45 211
47 241
28 271
23 178
38 111
13 31
25 57
33 64
15 251
12 88
34 212
19 52
50 142
21 91
41 161
34 130
46 125
37 107
36 293
18 189
32 34
44 130
37 25

26 128
27 83
44 172
41 134
24 198
42 116
37 21
13 297
11 282
20 262
24 258
15 93
34 94
34 73
10 198
16 118
44 64
48 150
47 78
35 184
26 114
42 94
33 200
29 164
27 12
27 224
49 231

10 45
39 235
43 296
46 296
13 210
11 69
33 38
33 141
43 187
37 100
23 38

16 276
21 166
49 103
15 154
27 102
18 287
40 231
16 219
17 123
40 241
43 173
21 267
22 217
39 65
49 53
24 245
11 224

24 130
44 214
42 268
16 212
11 250
17 216
47 87
44 110
29 257
33 11
10 189
21 167
35 209
12 246
37 238
11 139
30 281
25 198
38 107
41 54
22 21
14 30
25 128
42 75
43 144

24 87
45 113
13 33
27 139
28 132
18 145
14 243
34 212
18 73
42 274
48 203
19 99
12 273
42 188
21 127
50 197
14 202
24 114
35 13
34 189
10 222
48 137
20 84
37 205
11 230

15 260
18 99
20 256
47 77
21 107
38 63
13 16
15 45
18 40
37 155
21 240
38 57
37 140
44 110
25 186
33 103

29 65
50 264
27 128
31 167
48 261
19 220
19 40
50 286
25 13
39 243
39 201
32 131
23 45
17 32
40 115
32 166
49 281
37 239
20 161
29 167
39 220
50 12
20 139
26 214
42 137
13 241
31 238
10 98
15 49
42 232

