56

16 244
13 227
36 51
48 96
43 74
25 57
14 86
36 32
43 238
13 160
23 196
50 182
47 251
36 124
20 20
15 78
32 42

15 225
49 99
42 71
14 73
19 50
44 281
19 131
10 293
47 271
39 150
45 36
20 88
18 236
31 179
13 229
44 121

24 297
13 274
40 117
10 194
27 221
31 287
39 46
35 85
19 68
45 187
18 110
34 285
32 114
48 191
11 33
26 55
44 17
35 143
42 88
42 115
18 284
47 127
21 119
13 176
25 64

19 282
33 107
28 20
42 252
21 170
42 20
49 107
49 13
19 126
10 112
34 159
19 114
34 251
15 63
20 90
35 280
10 128
42 107
49 291
17 210

19 280
30 196
38 145
23 125
22 219
44 70
39 107
18 239
14 82
12 227
12 51
41 162
50 137
25 127
16 230
46 158
18 208
43 243
38 233
24 251

24 107
45 110
36 144
29 35
30 275
29 293
26 115
23 203
21 39
46 223
48 142
45 234
10 99
11 295
42 48
35 152
28 60
45 43
41 230
19 175
41 225
12 277
46 91
30 205
34 261

15 58
25 143
41 268
18 71
49 231
14 49
30 140
16 143
20 111
40 69
48 86
17 283
32 32
11 177
42 252
15 180

18 209
33 265
31 210
35 135
10 162
49 22
39 238
12 84
41 40
37 11
10 83
11 273
41 147
45 186
27 25
15 194
43 182
16 142
46 76

24 45
27 12
37 216
35 274
45 100
23 273
31 181
47 126
44 114
35 12
36 232
22 84
26 231
38 35
22 194
29 74
19 72
10 247
30 87
32 252
43 83
13 151
38 71
15 161
19 231

22 95
11 92
48 133
12 48
25 13
40 210
41 110
23 272
26 205
10 196
50 215
30 54
30 104
47 113
23 160
11 156
24 149
47 73
30 187
24 120
10 194
25 184
23 32

26 257
46 94
47 17
39 265
42 10
40 98
50 42
28 76
23 97
42 86
43 285
21 180
29 49
50 198
20 28
15 277
25 233
36 162
11 73
34 16
34 174
19 105
43 112
13 15
20 20
45 247
37 247

15 35
39 68
26 227
26 248
29 40
17 106
44 147
23 51
40 77
11 200
43 40
17 28
13 172
32 129
15 250
25 86

15 115
35 136
37 198
26 19
35 51
15 27
17 91
16 113
33 299
40 116
44 247
32 118
32 122
14 152
34 25
36 233

30 172
34 283
42 277
38 11
20 232
32 112
25 152
41 152
32 98
32 286
22 238
23 298
24 198
46 285
48 148
22 99
46 73
40 52
22 220
26 246
30 48
38 86
32 45
29 130
42 102
49 278
43 117
49 155
29 239
35 223
42 261

20 16
47 280
41 206
34 202
44 145
19 67
32 150
27 31
49 106
47 13
30 185
29 135
42 244
42 99
14 143
42 85
30 159
25 237
10 128
35 195
45 274

29 40
27 281
48 42
17 25
41 79
28 39
18 207
30 265
41 96
11 285
26 151
33 300
39 210
20 149
25 73
32 192
27 56
14 219
37 261
47 51
41 97
26 100
46 71
30 209
15 174
32 227
36 259
23 159
19 26
28 255

25 92
37 147
34 158
38 220
47 227
39 186
39 186
12 67
16 176
39 80
49 147
45 112
48 268
43 238
29 266
30 225
17 226
10 61
24 119
33 262
42 79
50 143
28 160
39 217
45 77
40 210

23 127
11 133
26 263
43 299
17 147
40 277
44 269
21 234
23 99
22 291
16 78
17 124
46 13
40 56
42 170
42 26
33 114
13 38
35 277
19 97
38 191
26 94
43 242
13 51

26 194
46 268
44 94
36 261
32 161
37 242
36 271
19 268
27 202
34 206
12 261
11 116
29 122
22 130
18 230
43 272
26 149
18 125
16 288
11 197
32 245
12 183
21 54
39 202
33 286
11 157
18 176

28 294
16 188
10 269
49 293
21 213
33 18
33 151
47 103
43 295
35 81
29 78
38 279
27 187
39 121
24 163
10 106
41 40
21 34
22 159
33 138
49 66
40 212
11 273
26 289
25 186
35 152
26 106
30 204
48 109

13 300
47 234
19 103
48 180
31 119
39 161
39 248
39 220
47 222
11 292
41 283
14 146
40 129
31 272

10 73
37 136
45 180
29 66
31 210
25 247
21 260
26 115
40 138
26 226
24 209

11 278
31 151
20 114
24 225
16 225
10 213
33 35
35 194
34 136
32 138
35 199
48 57

27 210
32 266
39 68
21 60
17 209
39 110
47 84
16 64
18 295
28 276
27 56
33 272
15 176
36 299
22 162
36 290
24 116
13 247
40 28
12 10
20 20
37 210
15 156
44 251
19 50
22 136
42 254
41 291

28 120
17 208
30 248
41 119
43 109
31 94
23 288
38 35
19 236
15 212
17 272
29 264
48 116
16 115
50 195
44 264
16 283
37 59
46 220
22 180
41 103
21 21
40 223
16 209
10 62
30 154
21 291
12 102
31 165

15 222
44 235
11 96
26 107
15 28
50 21
40 232
44 257
50 234
25 91
47 113
42 100
48 249
15 293
18 209
12 252

20 121
30 210
36 268
11 162
23 56
35 223
48 217
27 109
32 62
42 33
28 232
46 166
22 192
23 104
26 96
21 73
48 24
19 142
36 240
10 110
39 214

23 204
32 248
11 76
11 83
21 67
31 254
41 172
11 129
48 71
34 201
29 118
13 124
43 146
46 16
44 223
23 261
42 283
33 58
46 201
19 258
15 166
13 178
34 36
13 142

10 32
13 10
33 97
26 272
39 66
40 272
24 35
27 261
16 160
40 82
19 39

18 74
50 168
46 146
15 148
26 243
35 136
34 99
46 298
20 176
48 55
46 41
47 273
31 136
41 117
43 27
31 281
35 215
42 93
12 157

26 133
39 136
50 287
28 213
44 293
14 231
46 76
30 113
15 137
50 14
10 81
35 12
19 273
40 185
17 145
12 244
28 118
17 51
12 113
29 271
24 222
17 94
30 175
29 112
11 156
43 254
20 244

27 132
12 206
10 75
23 159
22 29
28 109
17 87
31 149
50 110
39 245
43 147
28 253
33 201
15 192
13 28
49 148
12 146
22 267
32 143
49 166
39 59
20 179
29 156
40 113
27 89
44 44
32 177
50 151

11 35
19 252
34 32
44 292
29 82
38 155
44 207
36 200
15 289
22 103
15 140
12 215

23 203
48 235
41 132
44 40
15 197
18 169
28 293
30 181
42 17
43 92
43 168
29 55
29 121
35 291
10 273
30 218
20 19
14 164
18 104
16 224
25 211
39 224
22 138
10 267

22 137
20 43
21 109
48 220
32 275
12 95
44 279
44 124
20 74
24 85
50 60
27 87
40 198
40 122
36 108
22 219
47 173
26 198
13 169
30 19
27 19
43 91
36 263

17 282
17 291
23 245
42 273
50 101
41 214
24 240
19 258
38 47
29 274
27 47
43 93
40 251
40 180
31 90
42 71
11 25
34 57

19 267
38 84
25 185
25 227
29 158
15 84
12 139
44 171
44 17
37 162
10 276
48 149
41 286
25 144
45 131
47 40
47 223
18 34
45 266
40 162

14 248
30 131
46 62
44 233
37 255
28 107
41 271
50 212
40 21
31 65
32 300
41 293
40 68
21 153
40 17

10 204
23 62
42 38
16 90
43 220
10 18
43 259
31 20
21 90
15 237
37 221

23 295
12 287
22 195
35 171
50 29
29 174
24 56
20 123
33 169
20 20
40 185
37 104
44 256
15 49
20 56
10 254
48 168
37 28
24 160
41 72
18 254
49 50
46 185
13 61

10 294
19 34
35 237
49 269
10 179
37 162
39 95
41 195
28 136
15 19
43 35

29 66
20 237
27 186
25 224
39 191
43 189
11 12
22 41
21 234
16 141
20 133
12 83
49 74
36 281
18 94
35 17
26 294
11 162
42 95
36 88
48 299
38 162
40 221
39 48
38 43
50 223
37 198
19 10
15 52
29 108

21 63
11 238
29 146
28 83
15 221
31 32
26 139
25 126
40 12
25 53
13 93
29 234
22 149
27 285
30 18
38 23
30 41
46 69
22 147
22 265
12 156
10 257

12 16
18 245
10 171
10 296
12 260
47 109
42 66
27 157
10 236
38 38
11 11
29 134
35 159

20 181
26 144
50 88
15 30
40 112
23 73
45 155
18 164
31 178
35 199
44 181
35 98
46 140
38 169
21 171
21 181
21 298
44 18
43 224
12 27
36 41

10 124
35 284
37 217
15 161
33 42
42 185
36 112
28 245
41 182
10 28
36 161

27 20
13 90
41 87
31 237
28 40
49 198
29 217
20 199
11 161
29 239
27 164
38 94
44 162
32 241
10 56
11 270
46 76
32 135
45 169
13 223
10 23
26 86
40 149
18 106
40 258
44 196
50 231
29 226

23 233
50 140
43 269
10 261
17 182
33 276
23 255
17 208
28 142
49 234
26 137
40 261
50 30
35 189
26 238
29 277
26 243
33 12
24 66
48 120
27 227
12 167
17 212
26 33

26 51
44 164
14 21
47 90
18 260
48 29
36 228
50 112
37 271
50 185
29 23
14 240
16 292
37 272
30 251
47 43
15 199
20 35
20 43
24 23
13 137
16 21
18 191
47 15
46 134
25 134
41 105

25 242
43 40
21 100
22 240
27 106
33 161
16 51
29 29
46 217
15 26
39 169
36 290
17 121
30 90
47 194
19 275
41 80
11 140
13 159
26 184
15 251
21 171
31 188
19 76
16 256
19 64

28 103
48 19
34 261
19 81
10 241
27 216
15 56
28 39
13 72
46 135
37 56
44 220
25 205
39 253
11 81
26 40
26 296
19 245
37 68
21 176
28 50
32 23
30 123
49 207
31 198
26 105
50 247
22 256
38 259

21 295
41 204
35 14
33 191
30 145
10 53
42 239
16 273
31 135
14 133
16 294
27 288
46 284
35 278
49 109
35 122
27 296
22 295
40 172
43 163
16 153
15 97

24 177
30 141
20 266
45 106
26 121
48 167
42 229
35 161
11 93
24 40
40 50
30 158
38 284
25 154
20 199
50 193
28 34
41 293
29 30
34 129
32 184
28 235
39 211
19 200
31 248

27 141
20 77
42 151
50 225
26 282
23 188
18 217
49 158
46 160
14 26
14 188
26 148
30 130
48 164
30 10
15 63
12 132
21 145
11 85
41 201
10 27
16 181
12 149
28 93
10 188
43 59
41 256
49 96

12 132
41 157
12 109
32 167
43 42
40 81
16 282
33 258
16 252
13 129
22 148
12 243
28 217

10 273
29 120
36 116
39 32
43 70
38 266
38 264
50 142
23 262
20 272
46 243

