86

30 51
34 107
46 201
18 164
50 143
19 224
29 158
12 174
32 175
23 100
27 274
41 219
31 195
34 172
48 117
39 63
10 197
46 203
14 88
23 186
13 67
27 233
32 119
46 296
49 102
29 13
43 162
13 151
15 246
18 300
21 49

29 103
34 103
30 231
39 137
33 189
12 16
33 40
48 142
45 80
21 107
49 158
17 120
44 202
16 147
15 69
34 116
12 160
20 106
18 80
24 250
50 91
39 160
24 217
16 97
40 48
34 267
21 151
33 33
49 221
31 60

28 268
32 161
28 290
13 158
15 16
49 113
32 254
20 220
33 215
14 193
24 219
38 268
16 242
45 112
32 225
23 214
40 164
42 19
27 274
16 47
33 12
43 129
47 240
46 66
20 131
47 147
28 76
17 241
35 37

11 251
20 295
40 62
16 260
35 253
34 60
13 109
26 83
20 195
30 120
36 221
49 265

14 257
17 282
42 206
44 289
18 298
15 51
11 149
37 224
30 283
45 200
26 285
33 75
40 57
11 197
35 145

21 146
16 98
17 207
39 107
34 47
24 150
30 284
10 128
47 127
45 148
20 99
32 140
11 10
11 11
45 110
20 158
27 120
29 183
25 167
36 49
43 144
13 294

15 81
30 254
34 128
44 299
29 162
33 286
42 93
43 287
42 284
30 111
37 254
43 75
27 183
23 217
33 72
38 178

17 101
36 215
39 57
14 264
27 207
48 234
32 280
15 279
50 15
20 254
39 51
38 30
12 161
29 52
32 32
47 112
15 252
13 138

14 43
33 125
30 46
50 240
47 165
14 230
43 109
42 98
43 41
23 83
35 282
49 125
45 281
41 12
48 173

25 215
15 228
35 292
32 260
24 62
34 266
50 228
48 154
20 126
46 199
25 195
11 13
18 273
42 291
33 243
11 212
27 158
34 98
11 275
41 126
40 189
39 268
46 102
19 259
29 73
15 236

15 70
47 149
22 203
42 238
36 147
41 21
43 208
20 241
15 85
44 130
38 230
48 20
31 66
33 43
20 21
21 173

26 293
23 228
13 159
36 56
10 89
45 86
10 147
24 115
41 69
23 99
25 135
50 195
34 169
49 215
10 37
31 84
31 243
25 132
42 294
20 264
37 157
21 18
48 157
28 155
44 217
33 260
19 187

13 42
34 272
29 287
14 217
29 205
27 80
39 241
31 150
22 157
33 231
42 97
40 93
41 270
12 148

19 37
50 205
24 206
49 164
26 155
29 184
34 190
49 36
24 288
18 230
43 92
37 105
48 255
24 159
35 110
44 151
31 51
30 211
36 164
30 12

19 171
15 263
33 183
17 188
29 277
30 255
19 184
14 250
43 181
37 49
10 222
35 226
16 58
27 104
47 216
45 125
31 211
18 282
13 228
38 285

30 155
15 16
49 130
38 255
30 133
42 65
39 111
34 95
19 196
42 169
31 258
17 116
25 113
14 63
19 148
18 28
49 84
32 185
31 277
39 162
41 68
50 34
21 182
35 127
50 264
50 152
49 74
12 232
38 252
44 291
25 175

18 260
47 55
44 146
29 124
22 161
45 42
22 51
29 13
33 50
37 211
17 135
47 162
45 235
19 151
20 21
12 271
33 167
32 115
10 21

23 19
32 251
16 156
46 265
31 116
37 44
44 71
48 174
16 86
11 42
16 172
49 118
38 227
44 41
23 270
35 297
32 140
24 19
42 46
15 78
37 230
49 91
28 233
36 244

14 274
14 16
18 12
16 10
26 213
37 73
34 229
30 122
18 247
12 213
45 25
30 290
25 13
13 218
47 33

10 129
17 207
32 223
28 228
35 50
44 25
36 38
45 244
20 89
14 200
35 114

30 130
13 68
22 104
49 19
15 272
19 76
23 140
32 284
21 172
27 134
12 98
41 260
27 186
45 74
34 127
21 120
11 23
44 60
10 251
34 131
22 242
34 135
49 151
22 32
12 10
30 191
16 231
48 268
41 165
27 78
47 109

14 146
39 240
28 84
19 203
42 119
49 12
46 270
17 51
18 28
33 111
40 208
39 224
31 96
21 76
24 214

29 19
21 48
26 207
29 150
36 242
25 21
45 201
38 108
29 56
30 24
47 244
24 263
46 16
48 217
17 154
30 96
49 109
19 69
23 22
25 275
48 130
30 295
45 234
42 107
31 113
19 245
50 109
34 132
25 123
14 237

21 13
18 59
44 124
22 273
50 168
13 213
10 279
24 59
49 268
30 252
36 291
11 248
27 87
25 95
33 166
11 176
11 242
22 115
33 201
44 86
12 148
48 122

15 269
44 258
14 233
28 76
18 269
42 167
40 74
18 251
32 66
49 296
42 215
34 142
47 90
31 98
45 40
17 295

18 105
25 271
27 272
26 101
46 36
32 175
23 276
25 125
10 243
20 167
34 240
35 166
22 70
50 61
26 224
27 97
22 18
50 37
32 190

16 227
13 12
18 35
25 193
18 165
39 166
39 51
46 148
41 29
43 264
42 132
46 242
23 88
23 221
25 93
17 108
12 189

20 51
22 11
23 169
43 159
33 224
10 20
38 185
30 299
47 45
29 143
19 155
17 41
21 12
44 38
37 28
40 286
19 41
31 121
43 164
42 249
29 277

20 79
37 273
46 176
43 21
32 207
44 157
42 51
18 248
17 17
49 287
22 237
29 189
50 139
21 165
26 67
39 70
47 146
13 296
18 153
29 75
21 289

16 84
46 107
30 240
44 140
50 18
29 62
24 172
42 106
33 50
49 147
40 133
37 211
45 246
11 61
12 277
18 167
15 196

27 136
14 131
45 80
45 41
35 93
18 89
23 14
17 252
25 127
41 200
25 70
49 132
16 228
32 219
37 118
36 18
49 291
11 196
11 129
22 29
49 150
42 159
39 165
20 45
33 40
47 24
21 283
19 125

12 136
35 133
35 289
14 32
50 29
26 14
42 151
30 227
14 223
48 50
29 81
29 129
20 204

22 105
21 23
32 130
23 171
22 17
39 84
42 42
47 42
30 53
25 228
21 243
39 143
16 127
13 117
25 292
13 49
11 259
41 274
46 116
48 173
17 62
12 170
14 91

16 294
16 33
45 135
36 250
49 157
24 10
30 131
50 179
28 158
22 78
28 66
17 230
28 235
36 254
22 259
34 32
19 202

16 266
49 276
13 145
39 257
38 37
27 134
44 177
10 171
37 103
46 298
32 183
41 144
30 220
48 62
25 195
41 92
44 61

24 14
13 139
18 103
28 85
44 111
43 265
37 37
30 299
15 292
45 190
48 46
27 273
23 119
40 27
49 133
41 168
28 213
48 225
44 277
37 283
25 63
37 214
40 29
41 90
29 92

21 114
35 25
19 247
50 247
30 125
23 221
22 34
24 79
32 158
30 22
27 73
12 119
16 153
25 42
29 146
36 198
21 118
47 80
35 163
26 235
46 258
44 109

13 188
46 101
48 136
21 251
39 51
49 26
29 249
16 151
28 250
30 221
21 30
34 48
34 25
13 196

15 250
28 185
48 35
50 226
42 96
24 217
20 61
44 61
39 176
22 77
41 92
42 191
26 158
44 130
49 283
45 159

28 195
17 220
15 252
15 39
27 241
29 34
18 184
19 272
49 234
10 136
23 95
21 271
43 145
48 227
25 128
26 53
34 102
40 25
44 200
29 170
17 152
17 197
42 133
10 58
28 182
31 143
49 80
46 104
21 264

16 221
23 300
36 89
49 36
49 79
40 108
12 121
10 93
27 116
25 160
41 108
44 187
40 53
47 30
32 272
10 40
17 294

17 263
15 118
30 146
39 15
22 109
16 89
17 85
44 44
15 13
35 234
32 16
37 89
50 198
16 63
17 290
10 21
28 240
28 52

20 220
10 99
42 177
41 172
46 11
22 190
31 226
46 291
30 228
40 186
12 44
36 174
12 40
14 232
18 174
25 249
28 242
18 219
37 229
47 176
44 204

23 188
46 154
34 77
40 37
29 115
33 249
31 259
45 158
30 131
29 31
26 26
16 72
31 142
49 260
34 211
47 277
28 204
40 230
39 114
35 27
28 39
32 61
10 175
14 196

30 239
23 184
38 155
25 273
30 260
30 239
46 292
39 99
20 189
38 207
43 192
38 248
15 198
41 78
29 257
37 179
44 17
31 91
16 215
31 71
27 121
19 34
11 224
17 225
19 34
15 151
33 42
42 251
36 187
19 104
20 188

10 208
40 87
37 178
43 215
10 40
50 54
28 189
39 287
48 212
22 185
11 280

24 264
37 89
10 247
12 144
13 251
23 67
28 148
13 121
40 111
27 157
39 146
23 260
32 79
43 192
39 207
46 86
11 300
21 102
10 178
13 65
38 87
40 64
42 139
23 52
16 104

18 266
34 127
31 92
10 46
14 148
11 218
45 235
15 236
39 45
13 66
12 219
10 285
47 14
45 234
40 224
39 188
28 181
11 158
33 25

19 175
21 265
43 40
15 173
13 35
12 106
14 42
33 56
23 185
20 81
14 150
33 267
33 190
47 227
12 128
22 57
35 59
17 184
47 286
31 179

22 256
43 255
23 187
20 241
34 38
11 135
43 205
32 36
26 30
15 15
17 20
11 121
21 138
12 79
23 177
25 178
11 241
24 37
14 62
16 103
30 253
11 236
37 143

28 226
29 256
12 230
27 51
49 193
19 119
11 42
22 248
37 278
45 126
33 32
26 237
33 236
31 269
35 146
37 175
32 83
50 100
23 107
34 216
35 64
41 30
13 168
21 154
50 113
26 112
12 157
14 88
38 59

15 140
38 195
18 10
30 55
17 51
30 235
11 276
42 33
25 19
30 11
25 229
36 269
31 160
19 55
44 80
42 17

16 252
27 105
43 48
37 253
10 22
21 152
27 282
32 192
18 44
28 117
19 24
37 90
33 195
38 162
17 187
16 269
14 93

21 194
27 104
22 63
41 52
30 216
35 73
30 252
23 295
30 224
48 140
14 269
14 151
30 219
22 135
19 274
46 69
42 228
37 191
32 275
43 238
40 236
16 290

19 66
30 210
27 58
40 112
49 262
50 267
40 154
35 94
40 126
19 87
31 180
31 260
49 220
15 249
30 268
32 54
42 96
44 191
36 266
19 106

30 101
25 231
32 194
50 100
43 214
40 153
16 37
17 23
28 120
47 93
13 160
19 76
48 233
28 15
10 260
31 286
25 229
12 186
42 168
10 41
14 291
27 132
45 264
13 33
33 27
32 207
36 280
14 184
21 134
47 112
44 281

24 150
36 71
37 229
41 63
27 27
32 27
25 164
10 59
38 27
16 97
40 40
24 178
25 74
30 152
26 296
37 82
10 89
28 206
49 280
38 219
36 247
46 154
27 299
21 188
43 271

17 42
31 240
23 120
24 37
24 41
23 71
35 222
35 148
22 62
17 285
11 272
18 168
23 269
20 213
27 117
44 202
48 218
10 107

14 146
18 108
49 226
10 70
37 40
19 179
48 158
29 102
46 286
36 253
24 105
15 260
20 175
16 179
20 194

22 227
29 43
28 285
24 168
26 116
48 14
20 99
44 240
31 36
35 67
16 264
29 168
17 120
43 167
17 76
14 92
46 46
13 233
44 262
11 53
13 276
34 250
45 106

27 51
25 200
38 155
18 219
42 235
12 97
40 68
48 251
10 193
49 186
10 280
13 190
18 254
10 176
30 89
13 231
24 221
12 59
41 139
27 125
28 45
37 193
12 270
23 26
35 220
20 190
41 131
19 100

27 237
26 19
16 97
49 37
34 240
33 169
42 64
39 77
49 279
10 297
47 23
43 282
28 176
23 27
47 73
23 164
47 106
42 140
11 135
14 214
31 206
11 230
17 145
42 255
22 262
19 15
18 205
25 274

19 257
50 86
48 202
50 143
16 90
50 221
16 247
41 181
18 188
39 54
47 244
12 81
10 292
21 229
37 14
20 277
50 264
31 218
16 125
49 188

29 59
39 213
35 106
23 200
13 201
35 240
36 91
18 66
30 280
50 198
12 149
29 188
46 166
25 202
23 175
20 104
43 251
11 264
48 145
28 32
41 140
45 14
17 68
25 103
18 113
25 114
49 280
23 191
48 121
48 292

15 251
32 277
24 220
11 159
43 21
24 141
17 224
27 212
29 80
46 263
49 232
37 299
29 39
21 243
14 197
40 101

20 228
11 297
48 207
32 96
30 116
33 287
35 176
29 195
34 104
41 194
24 133
15 86
34 79
42 17
31 274
27 235
32 169
16 238
26 284
41 107
13 139

15 169
10 252
16 217
16 212
26 195
42 156
41 146
22 242
35 245
35 268
33 82
20 209
10 87
33 50
23 225
44 77

27 74
29 212
33 209
22 45
12 47
24 277
29 279
24 125
39 49
20 152
44 92
26 223
43 226
21 63
28 32
36 119
31 158
10 27
40 45
49 133
23 169
30 91
31 172
47 197
33 147
43 228
25 300
42 125

25 29
46 273
19 216
29 222
30 109
23 152
42 113
24 188
37 261
42 82
40 113
43 99
20 100
20 235
47 57
36 154
11 157
14 259
18 200
44 30
11 183
11 76
35 95
16 162
16 174
45 293

25 174
16 22
35 223
11 91
25 35
31 166
46 246
34 219
28 16
30 46
32 256
44 153
10 100
39 239
30 101
29 41
35 23
24 120
19 271
32 246
33 22
15 263
17 132
15 172
41 173
10 296

12 203
13 41
22 287
14 92
26 149
14 192
40 285
23 28
11 270
25 18
33 118
48 180
21 141

26 57
49 256
38 123
48 52
26 238
12 217
22 55
46 275
44 91
41 135
21 289
37 271
46 26
15 154
17 187
11 231
14 75
37 232
37 296
45 195
43 162
26 171
29 195
25 169
37 78
41 132
10 130

12 252
21 33
20 117
49 269
42 224
27 299
46 110
11 205
29 185
10 217
16 16
46 216
15 177

29 191
30 141
22 82
42 77
47 153
40 38
19 99
43 297
14 275
49 73
41 78
49 62
33 151
21 229
43 91
40 103
26 197
41 262
23 152
39 242
33 90
19 143
12 37
15 36
21 237
17 53
21 209
49 174
30 66
16 134

20 60
14 96
16 225
13 266
37 259
48 146
36 270
12 16
17 197
35 275
26 21
30 17
11 134
46 97
22 109
33 82
46 273
26 275
23 295
46 241
23 42

12 85
35 118
43 167
32 271
43 146
33 239
44 66
38 162
49 147
43 108
30 243
39 205
50 268

28 173
11 123
23 28
27 254
29 221
42 51
24 29
10 295
11 294
25 102
31 200
22 26
28 29
19 172
29 264
33 142
49 119
40 29
31 249
36 277
44 231
42 265
49 118
48 74
29 100
49 240
49 32
21 23
28 202

20 184
45 123
43 45
46 142
50 291
25 106
45 86
30 67
24 107
25 296
30 52
24 30
45 246
46 290
27 124
10 232
41 185
18 251
49 23
14 129
19 139

13 163
19 84
29 158
20 115
11 87
50 165
15 23
14 34
42 103
50 55
14 169
44 228
33 169
26 237

29 280
32 206
14 101
19 283
42 278
27 44
14 176
40 251
13 93
10 282
14 201
32 114
36 232
21 160
39 148
48 256
30 36
11 139
21 134
39 141
11 160
27 69
17 246
25 191
41 57
28 161
43 225
13 142
28 90
35 116

29 176
25 92
30 14
36 252
41 265
40 115
43 183
40 242
20 126
28 186
33 130
49 177
31 250
18 81
13 46
28 148
39 74
36 191
31 124
40 275
19 217
34 28
35 105
29 228
41 191
14 75
16 173
36 15
39 133
46 150

12 21
14 112
12 230
16 257
33 25
31 88
25 286
14 183
41 249
26 15
20 232
42 22
21 172

27 51
44 217
23 276
41 256
31 44
13 188
35 141
17 107
32 194
14 127
39 149
34 128
14 113
48 273
40 230
38 236
35 68
35 94
30 208
29 121
14 50
44 218
23 221
40 58
45 224
28 75
30 199
31 112

29 124
44 246
18 54
29 267
22 207
17 13
13 167
27 11
50 192
18 83
19 286
38 237
32 245
46 282
30 81
19 123
28 177
34 227
23 23
25 262
50 66
13 169
46 74
39 285
46 29
11 245
48 179
31 74
49 269
44 166

20 152
48 146
30 171
10 42
38 224
31 254
10 96
30 72
40 174
37 127
25 269
44 79
41 43
41 79
23 291
50 95
33 136
16 180
10 269
30 19
11 200

27 13
37 179
26 45
41 160
35 47
11 286
34 40
43 74
21 52
46 219
18 46
49 65
36 277
16 126
16 19
29 178
40 296
13 189
40 261
35 64
45 244
14 112
17 151
12 254
31 42
50 132
48 224
37 90

