99

23 183
48 297
47 252
38 174
44 232
28 44
26 191
42 42
44 128
38 108
16 177
23 53
48 50
25 79
28 72
35 203
48 294
26 254
50 28
21 199
41 294
10 168
38 262
43 66

16 281
12 148
44 45
41 250
41 130
36 141
36 102
46 94
29 285
28 130
38 281
11 219
20 99
33 70
21 126
13 273
29 251

18 126
34 266
27 141
28 193
31 265
48 192
26 183
21 135
47 161
12 184
12 254
35 294
47 188
47 28
24 165
26 207
28 172
17 266
46 37

27 275
31 129
26 96
48 97
32 52
27 72
22 95
38 179
45 213
13 98
38 129
38 220
31 216
23 159
16 58
29 50
13 103
18 150
33 102
12 126
36 215
31 235
50 271
36 285
24 126
42 116
11 53
29 213

22 34
35 240
43 171
48 32
50 63
35 256
49 71
39 78
20 230
40 121
37 299
14 35
45 85
35 20
18 292
41 14
34 252
19 87
18 291
31 273
38 47
18 269
14 259

23 19
34 46
19 48
38 264
28 176
37 252
44 265
33 101
40 165
12 127
41 206
23 183
14 247
27 107
44 62
14 143
36 239
45 169
15 289
37 39
42 257
38 31
50 144
11 92

18 11
15 136
19 13
37 252
41 30
40 141
20 63
43 47
19 278
18 99
26 37
15 122
41 24
45 37
32 237
14 67
47 157
38 242
43 91

29 197
13 271
29 39
25 73
12 91
50 164
15 108
12 180
35 65
31 202
24 133
10 179
21 64
19 84
50 177
20 190
35 244
28 285
40 211
22 59
28 47
14 42
39 273
40 166
33 51
38 196
47 217
17 274
44 273
26 239

18 225
28 35
36 181
25 119
11 119
38 186
20 15
38 184
24 77
12 150
11 105
37 157
16 18
43 86
32 44
16 107
14 12
37 14
39 12

17 29
49 225
46 167
43 148
41 89
49 67
44 204
42 283
36 60
42 60
49 81
14 194
50 290
30 105
28 282
26 263
10 87
30 297

17 105
42 55
10 63
32 48
24 26
16 226
31 69
27 32
49 180
11 199
50 165
17 32
48 150
15 264
39 27
46 115
15 40
26 16

12 76
35 36
44 200
43 298
18 65
45 195
42 226
49 251
27 78
49 94
25 83
38 73
22 27

21 65
26 38
13 94
44 52
22 89
16 167
25 296
34 254
12 193
50 38
31 103
46 257
29 107
20 234
43 278
43 155
50 73
35 45
14 199
17 40
45 265
21 140

19 22
28 219
26 93
17 273
47 138
36 80
15 168
14 271
38 165
40 239
21 122
17 206
27 249
35 269
33 173
29 175
28 126
17 88
15 136
45 12

25 150
26 234
37 262
42 286
22 224
45 100
35 271
31 49
20 198
38 94
18 170
23 276
15 275
38 184
28 123
48 70
50 52
17 155
42 45
12 114
25 156
48 55
39 64
29 131
14 221
17 115

17 134
43 248
37 247
31 230
27 56
32 169
20 82
48 165
15 235
47 54
13 78
36 168
20 208
39 196
25 257
19 263
38 36
46 199

30 283
21 281
30 209
17 273
25 253
23 204
40 64
15 256
40 270
32 171
19 70
20 99
32 288
42 107
17 265
35 299
18 42
32 21
36 41
14 297
16 143
36 57
19 90
23 191
13 203
39 173
40 234
36 182
20 263
43 274
19 244

30 235
12 248
19 109
31 82
21 132
41 230
28 282
30 107
47 61
16 59
27 294
29 265
44 57
50 154
37 181
26 241
28 41
46 112
11 237
10 136
43 158
30 143
12 68
43 91
39 245
50 152
32 140
40 281
11 192
21 175
18 173

12 140
27 130
12 218
32 172
15 261
35 283
46 197
50 166
12 23
35 43
40 103
23 81
45 82

15 161
50 218
46 227
12 261
21 186
30 31
11 76
30 198
27 126
20 239
44 121
11 56
16 255
45 199
12 287
13 63

28 167
20 73
28 184
44 277
38 18
47 50
28 194
32 115
25 200
44 189
26 191
13 233
47 36
26 205
19 122
50 16
21 129
25 234
21 261
12 144
21 70
20 10
41 126
41 10
29 264
27 196
36 274
22 230
33 144

20 300
15 207
20 44
40 81
49 187
42 275
33 214
35 227
10 208
44 101
10 253
28 145
34 11
36 12
46 15
48 55
13 178
15 231
31 61
48 192
12 66

24 292
21 89
46 120
34 265
40 181
35 71
46 232
14 92
26 66
37 188
15 235
42 85
14 230
33 90
11 259
14 282
18 247
29 196
21 196
49 168
26 32
19 222
40 261
41 145
12 297

20 46
26 103
47 223
29 139
45 70
35 113
32 88
39 105
30 92
29 51
10 99
34 114
40 216
19 121
16 90
36 55
14 172
24 47
36 107
23 25
43 63

14 28
17 293
17 11
30 19
29 146
21 100
37 28
36 251
34 215
49 285
46 213
39 104
30 60
35 271
10 58

30 289
23 260
37 65
11 104
49 85
21 197
36 51
19 190
17 232
33 48
39 36
22 188
21 207
15 97
44 211
50 69
25 222
27 290
46 177
33 220
22 226
31 235
15 74
38 248
42 272
43 275
49 58
31 165
47 137
22 108
35 280

10 72
25 127
35 215
28 250
39 249
41 53
36 18
17 221
15 93
28 64
13 24

21 145
12 209
26 71
26 156
41 258
31 267
49 155
43 227
22 162
25 289
18 250
41 241
35 14
27 281
27 282
34 245
31 87
49 199
20 161
11 207
14 111
32 12

23 66
24 254
43 110
10 300
30 126
39 199
30 88
49 299
22 243
31 158
29 189
40 73
29 234
17 234
35 220
33 245
23 164
40 134
27 96
36 188
47 55
45 59
20 178
27 263

11 259
49 210
29 166
27 219
45 187
27 141
42 254
43 178
38 46
12 206
36 61
46 31

26 123
12 267
32 271
36 267
50 225
37 276
13 106
33 132
27 290
19 214
27 278
37 116
16 52
46 52
32 27
41 72
37 29
17 79
50 136
50 210
24 87
50 154
15 163
20 299
49 232
41 272
27 181

28 126
32 13
50 128
25 127
16 12
32 254
14 254
23 193
27 173
32 88
32 177
43 238
16 274
28 295
26 201
46 67
15 194
30 126
48 48
30 64
38 33
21 273
45 194
35 117
39 37
21 159
13 103
39 199
38 188

28 285
31 173
34 143
20 299
24 153
43 94
10 299
19 184
39 22
49 65
43 210
19 190
19 73
37 103
26 299
20 141
38 197
15 265
24 243
45 212
43 65
33 245
44 42
27 270
25 17
45 208
17 220
42 136
24 91

21 58
42 210
15 83
39 151
42 98
20 225
44 16
34 211
31 183
47 217
44 149
44 290
35 298
50 101
31 166
13 111
47 147
27 113
13 221
11 28
24 254
10 36

27 208
24 87
23 188
14 25
33 130
39 108
45 58
29 36
28 156
14 172
25 236
40 145
35 19
31 132
25 262
37 56
30 164
42 125
46 127
49 156
46 229
14 261
30 131
14 15
48 267
11 126
21 58
35 179

18 97
15 67
38 226
22 81
47 224
35 236
18 284
19 120
18 38
21 87
12 79
42 190
19 268
10 246
15 253
14 27
28 89
19 193
30 27

24 188
31 255
13 192
18 271
22 243
26 283
13 150
11 252
40 78
50 94
30 36
28 251
36 247
24 155
26 35
30 175
41 218
43 127
44 110
46 119
10 119
36 112
21 290
45 102
23 200

20 136
34 151
50 251
18 77
30 89
24 14
36 287
20 59
15 269
45 299
21 214
27 295
44 287
35 99
33 109
22 244
28 265
23 70
48 282
11 65
12 178

18 217
39 239
50 225
36 31
16 111
31 224
43 212
35 161
19 33
47 108
48 117
27 191
14 99
12 101
13 145
28 158
37 146
12 182
11 115

25 219
34 218
29 121
28 157
12 197
15 138
43 130
29 271
25 161
32 129
17 197
47 278
22 281
20 215
17 300
41 81
30 115
24 57
45 116
23 48
42 87
39 93
38 218
38 202
42 49
35 22

19 18
29 49
11 279
13 108
17 263
31 265
11 18
12 181
18 298
26 64
24 159
35 289
32 121
18 251
13 94
50 138
23 180
26 131
10 276
33 107

29 201
44 186
13 117
31 67
17 255
28 47
12 279
26 248
44 27
29 278
43 107
41 296
21 248
45 188
41 21
29 112
11 213
20 110
32 113
24 181
21 241
45 135
33 94
50 70
11 254
47 179
15 256
34 53
30 262
26 237

28 289
16 43
29 227
29 21
29 231
28 54
16 297
30 213
47 242
28 187
25 80
19 112
40 227
24 196
43 21
27 175
48 226
39 240
27 49
22 206
41 150
31 257
13 48
28 202
13 201
46 49
12 164
38 77
17 299

19 11
21 297
31 159
27 16
23 242
16 215
16 182
47 175
25 226
11 149
15 170
21 84
36 36
10 199
29 162
30 291
49 219
18 293
35 12
20 153

15 164
34 183
19 93
31 18
29 294
24 33
41 31
49 97
43 262
14 208
30 99
17 181
34 99
50 127
35 258
23 116

14 138
29 33
32 134
41 223
48 59
10 157
41 191
43 225
46 26
26 144
45 230
46 36
30 160
29 271
10 128

23 63
19 246
40 160
11 226
50 163
36 84
20 64
43 146
19 62
41 100
39 204
38 193
42 294
22 189
35 278
49 251
48 29
32 110
46 13
29 116
46 233
23 48
43 172
34 128

12 51
15 101
10 252
46 110
43 63
15 141
48 241
15 104
47 298
12 194
12 19
25 267
19 181

12 275
45 167
15 30
15 252
28 278
39 150
18 232
25 208
44 83
21 213
34 124
16 245
32 19

19 199
40 277
33 22
37 136
50 228
29 14
48 226
22 199
14 207
15 144
18 217
28 43
42 58
37 201
20 152
21 211
23 224
42 227
13 221
44 24

20 258
42 175
46 269
14 267
31 87
22 296
16 62
22 182
45 254
22 176
43 56
28 66
35 48
18 125
11 51
43 218
41 104
38 256
34 81
26 263
11 133

25 106
28 186
32 33
15 196
31 271
19 67
36 220
36 296
12 84
14 121
30 66
11 280
27 257
43 293
27 84
26 216
19 175
31 122
22 37
48 168
32 164
34 161
43 42
28 203
42 90
48 211

30 91
37 134
21 203
24 284
40 251
19 161
38 229
46 254
11 185
27 17
35 132
19 291
13 289
31 280
42 201
33 83
43 61
39 16
35 238
12 163
24 107
19 233
45 217
24 98
10 211
34 99
12 190
24 173
17 251
43 272
44 89

30 26
25 300
17 196
41 185
50 27
36 62
48 71
37 173
37 280
25 235
23 68
28 270
21 63
26 84
14 255
28 19
29 151
50 277
25 48
26 145
44 31
47 199
22 281
50 153
39 274
17 47
30 252
21 195
17 255
18 259
12 196

29 52
23 216
33 294
22 132
14 292
49 217
44 34
38 69
16 289
32 12
44 153
43 89
26 263
17 139
47 74
39 81
21 270
10 299
19 26
23 193
32 63
48 34
47 149
47 195
35 48
34 248
35 245
49 168
29 10
34 57

23 294
23 123
28 163
47 113
26 147
11 277
10 284
20 90
33 290
28 214
46 285
34 249
22 85
36 216
18 140
16 288
18 170
37 208
36 79
25 91
23 156
49 235
41 52
22 99

17 217
33 245
27 99
43 226
14 239
29 125
12 119
17 106
22 74
29 151
20 270
22 258
48 280
10 196
37 102
15 198
49 250
23 282

11 108
41 34
33 213
12 99
34 152
30 197
40 195
10 268
39 171
11 44
37 98
18 20

21 101
30 246
22 256
24 49
23 111
17 178
26 69
35 245
13 216
45 105
21 93
10 111
32 162
50 97
42 186
35 54
25 72
45 128
49 16
15 204
32 141
37 35

21 54
27 165
41 184
13 181
36 288
50 295
29 26
38 38
38 33
19 265
12 289
18 297
18 184
46 102
45 79
43 13
15 147
23 285
44 168
25 11
40 123
24 262

19 47
24 281
21 172
33 296
13 199
32 100
49 239
28 29
41 126
47 247
16 53
43 299
44 157
24 22
47 22
10 125
33 136
38 161
25 119
43 157

19 226
49 261
42 182
15 290
31 268
23 197
37 18
12 206
21 112
42 287
10 55
39 238
11 277
48 242
41 295
33 239
20 44
36 240
47 56
29 155

20 129
30 58
13 26
40 164
42 250
10 51
21 220
19 212
26 250
36 94
24 90
34 254
25 223
16 214
42 276
11 101
48 19
31 264
16 239
28 134
11 12

30 276
35 281
11 163
25 176
22 151
26 110
43 35
11 232
32 94
25 243
38 95
12 267
11 78
36 208
41 215
30 215
32 98
46 204
38 296
35 193
28 265
50 15
37 89
32 26
15 103
43 195
19 250
34 138
15 131
29 77
49 85

29 166
29 20
16 94
39 192
47 189
17 205
45 298
15 225
26 188
30 171
35 268
44 248
29 190
45 149
28 238
18 299
36 252
10 136
20 95
11 211
46 187
37 272
13 212
36 151
42 63
44 210
25 210
14 232
49 161
32 144

28 226
28 298
47 127
15 231
44 51
33 150
31 269
47 89
48 235
26 60
25 36
43 257
19 91
45 207
31 131
10 161
22 212
10 121
31 199
22 227
28 224
46 22
39 151
10 166
23 41
29 115
39 42
17 134
36 101

27 58
22 32
45 150
30 263
31 274
26 273
32 28
39 59
12 227
14 85
11 80
35 168
45 297
20 143
28 95
23 272
47 169
43 224
50 238
44 288
34 242
15 175
37 174
46 71
11 41
23 250
40 138
30 93

29 291
28 93
44 298
14 90
41 109
24 228
41 31
45 255
47 180
17 164
41 217
40 256
33 195
41 42
37 15
46 21
16 86
23 115
41 98
48 188
49 268
10 277
18 288
17 202
11 271
23 49
30 203
10 247
23 285
43 21

23 113
26 18
20 215
27 191
48 259
40 134
45 209
32 178
11 171
35 131
40 261
16 38
38 65
29 85
21 32
22 281
19 115
21 13
36 280
37 275
37 126
20 300
47 187
14 216

29 148
47 85
26 112
27 195
15 230
49 283
18 130
35 71
14 78
10 22
24 253
29 124
24 236
24 188
27 237
50 243
18 183
16 14
24 219
10 248
15 129
12 274
27 146
13 74
47 196
16 26
35 50
15 107
41 235
50 203

23 296
28 46
49 258
15 300
42 199
46 43
49 65
12 204
32 132
13 173
48 169
12 12
41 19
17 132
45 298
15 78
40 59
39 133
19 230
38 179
29 208
12 292
22 93
11 293

26 62
49 55
32 292
38 147
34 111
40 122
16 271
28 13
35 118
36 271
36 279
42 243
48 200
44 296
28 246
38 236
14 229
37 139
21 180
13 280
30 207
23 16
28 167
47 158
47 201
13 90
32 82

17 83
23 193
27 40
20 209
10 282
25 265
50 199
43 178
43 178
28 97
39 101
12 229
49 284
18 130
13 134
31 195
13 208
35 277

24 84
43 238
25 61
28 115
18 186
38 29
29 236
37 271
17 108
10 253
24 279
29 206
18 72
42 199
44 237
40 160
15 295
23 177
15 113
49 249
45 99
34 23
28 115
10 245
32 96

20 29
38 160
27 141
16 293
11 177
38 199
14 117
46 285
19 194
16 85
22 192
24 33
20 136
25 163
48 122
17 22
45 180
28 173
26 73
50 101
12 189

23 268
12 157
26 138
43 68
20 283
46 68
26 236
35 213
39 46
33 175
12 284
42 24
14 181
47 101
39 265
36 116
38 189
24 38
43 141
31 210
21 146
17 221
43 128
25 46

15 106
22 28
32 156
44 42
19 233
40 233
37 94
38 22
13 40
37 111
22 174
44 140
33 263
15 177
49 237
44 118

12 190
24 15
28 98
49 17
48 234
39 194
33 299
10 206
40 268
43 132
17 29
28 277
13 122

19 261
12 200
14 48
11 36
11 273
46 74
29 190
46 126
18 10
19 55
49 122
14 248
20 151
12 142
12 22
20 138
33 171
21 122
39 221
38 265

28 61
46 152
13 171
47 80
47 17
32 103
46 209
46 15
23 40
26 153
47 173
34 257
49 168
13 166
20 265
35 264
45 252
38 277
36 97
12 92
46 281
33 237
37 180
17 105
30 128
22 277
16 196
47 139
42 29

17 197
29 246
36 225
19 12
35 50
12 290
18 257
16 149
17 287
40 165
15 204
43 111
16 261
44 196
24 152
11 152
34 169
40 43

14 100
12 53
45 111
34 277
35 179
12 252
12 26
12 201
25 106
21 79
40 54
17 178
43 283
48 208
38 77

10 60
39 236
23 239
19 129
35 85
46 265
48 177
35 216
11 50
24 267
45 160

22 81
35 238
12 88
40 242
44 66
22 137
48 62
27 128
20 162
50 45
41 50
31 57
13 287
14 99
33 76
23 281
33 214
50 174
10 99
42 151
36 12
16 182
45 178

14 46
35 64
19 60
13 146
20 77
15 220
44 222
26 96
13 77
32 201
48 109
22 35
17 93
31 31
22 69

17 110
38 225
29 29
35 200
30 274
32 20
23 43
39 126
13 145
33 282
13 51
39 226
47 226
48 84
48 179
25 111
41 122
17 79

21 108
32 28
28 39
19 74
19 187
32 287
32 163
28 159
19 201
44 61
43 214
16 127
10 80
33 130
40 282
38 20
41 281
15 268
30 142
13 181
36 137
39 132

11 157
15 227
10 268
30 205
29 79
32 76
10 91
37 198
50 254
43 257
19 18
18 70

26 160
18 97
10 216
44 156
11 115
14 175
44 122
14 142
25 257
47 52
36 59
49 130
25 69
42 44
47 194
34 194
28 255
46 167
27 60
37 13
17 150
37 59
18 183
22 217
47 63
10 116
27 19

10 177
21 177
37 288
15 202
24 234
48 297
11 75
48 244
33 45
35 259
41 176

15 182
37 82
38 54
10 296
14 36
50 257
12 296
17 255
37 31
44 32
33 165
18 30
11 100
13 38
48 296
24 32

15 245
15 141
21 159
23 222
21 38
44 197
36 113
38 166
20 69
28 163
43 239
37 108
23 187
35 263
10 192
29 119

29 94
15 259
28 253
49 101
44 146
28 20
34 191
35 48
12 263
22 276
30 16
21 105
26 296
20 270
31 61
40 205
36 282
11 140
25 222
23 191
40 51
41 230
10 271
43 167
46 20
31 171
50 298
35 109
48 170
30 21

20 124
40 257
12 297
46 115
43 10
14 91
31 152
48 54
22 149
23 45
37 158
32 299
42 192
11 223
46 45
13 139
49 93
22 16
18 290
46 100
31 262

26 133
44 202
34 292
27 174
34 158
32 219
26 278
20 15
23 43
29 99
26 276
40 213
16 97
15 22
17 35
25 84
22 122
39 16
17 29
27 151
10 195
20 149
24 239
38 179
17 194
22 232
27 131

18 89
50 216
45 221
37 93
19 24
21 94
34 275
20 52
20 207
48 175
29 136
13 182
46 192
47 113
34 26
25 202
16 139
50 232
50 17

20 206
47 287
20 91
23 16
45 50
50 221
48 131
17 14
47 25
29 172
47 149
33 128
21 279
15 291
17 182
25 169
43 55
32 85
15 247
48 197
21 56

24 143
20 267
20 69
39 199
40 110
24 127
28 230
48 263
48 181
29 298
30 83
33 85
13 244
16 272
21 297
44 75
39 274
49 236
12 120
24 221
18 236
38 99
27 69
43 130
40 50

23 37
18 39
44 197
47 272
45 252
15 235
35 216
46 252
34 281
15 288
35 47
42 262
19 45
30 168
49 122
24 246
28 222
11 135
37 41
40 31
30 232
12 118
24 164
17 267

