78

14 296
16 177
40 42
18 293
41 262
29 46
34 261
32 181
10 142
48 97
17 280
26 265
48 173
16 271
43 215

13 116
22 210
45 294
11 72
44 115
27 187
47 68
43 123
29 72
11 195
33 299
33 139
50 295
12 28

24 117
10 17
44 246
49 159
29 275
11 39
14 168
47 136
31 38
10 196
26 127
33 35
41 275
34 226
11 89
40 157
46 265
16 290
46 47
34 237
13 127
29 219
43 30
23 138
45 22

10 295
48 29
27 192
41 70
35 29
50 53
29 101
50 244
44 188
32 268
31 107

21 122
17 58
29 232
28 215
25 219
26 39
26 151
31 185
50 69
48 83
35 80
38 16
15 195
38 185
35 225
15 55
44 158
42 167
25 219
45 230
28 297
19 89

30 271
13 72
50 103
16 63
15 145
30 179
40 256
30 133
43 231
29 156
10 280
29 138
19 34
15 160
28 250
13 194
38 156
23 110
43 121
28 149
43 269
34 87
24 221
13 279
25 130
50 232
29 289
20 116
34 46
12 156
32 97

27 141
25 97
24 71
36 210
26 264
25 263
47 244
25 138
27 265
50 243
25 236
35 133
36 73
28 86
19 183
22 296
31 89
41 250
15 47
25 217
26 278
26 173
12 121
11 194
44 144
34 106
23 22
40 237

10 265
29 186
46 36
49 62
40 44
14 285
38 143
27 238
46 53
11 225
17 257

28 184
10 59
12 46
19 216
11 60
33 49
33 259
19 272
32 30
48 188
35 192
46 23
49 266
26 140
41 196
11 146
22 264
29 46
37 84
23 257
20 273
11 266
13 169
40 206
42 298
41 62
17 85
25 272
44 179

15 280
22 169
33 169
23 142
50 240
16 224
20 60
31 80
18 131
32 259
49 76
29 248
37 255
24 202
26 73
21 18

13 129
23 249
47 260
35 95
35 130
30 97
22 171
21 58
47 66
31 72
13 29
44 267
43 255
11 28

30 184
20 108
21 171
11 270
22 225
35 79
17 209
47 233
42 177
15 113
41 273
19 32
44 165
39 27
29 230
39 50
24 258
35 245
37 213
19 10
40 186
31 244
12 127
38 53
26 165
31 68
30 26
35 250
20 90
43 168
11 85

29 198
22 260
29 235
16 284
24 125
18 231
17 11
42 117
36 294
37 76
43 186
49 87
14 207
22 172
49 102
22 159
16 130
29 125
32 42
46 257
35 282
11 132
35 207
18 25
46 224
21 65
40 96
45 10
31 234
24 156

27 206
15 100
33 300
38 270
21 53
45 145
43 182
43 151
12 179
41 37
15 36
29 136
38 45
44 188
42 82
41 73
23 76
40 158
10 188
28 146
45 233
41 61
39 16
29 65
48 195
11 212
12 64
48 171

26 253
44 72
48 118
13 75
40 50
18 176
31 203
24 186
15 274
38 242
25 39
22 190
21 267
25 247
49 300
10 138
15 199
47 135
47 296
36 280
15 276
34 155
30 35
28 60
18 65
22 238
12 267

21 249
25 141
38 197
18 275
41 249
47 188
32 171
32 250
29 298
12 10
33 206
43 86
20 59
21 32
19 96
38 290
30 63
35 99
17 70
26 247
10 53
33 142

12 264
25 33
21 89
12 278
33 258
29 132
46 230
11 77
17 19
37 274
36 34
41 296
32 46

24 128
11 19
44 210
34 245
41 219
47 227
32 110
20 143
16 96
49 157
28 170
24 158
37 155
28 254
10 217
27 74
30 31
43 180
22 297
27 31
19 73
27 42
10 79
30 210
46 164

11 16
31 300
27 64
25 125
23 127
14 236
28 29
33 197
15 34
45 116
11 43
25 243

16 86
36 285
26 281
36 221
22 236
30 82
35 299
10 249
32 81
39 133
46 286
22 251
30 71
10 146
39 253
24 124
12 73

11 286
47 49
16 258
38 40
27 210
11 148
34 28
20 218
43 225
35 27
16 240
19 232

20 252
13 274
43 233
35 288
19 171
28 73
46 264
22 247
26 265
24 226
30 45
24 69
25 148
20 38
34 111
24 110
42 204
19 46
25 215
40 272
12 233

29 259
37 261
44 100
28 267
26 67
23 166
45 154
22 145
23 73
20 187
34 159
43 261
30 260
15 13
46 293
38 101
50 163
42 288
19 96
49 25
47 221
18 164
34 12
34 160
29 128
12 31
15 16
34 107
48 42
27 105

21 45
11 237
34 176
22 200
28 232
31 61
34 18
23 300
14 19
35 211
29 81
30 267
23 152
49 48
30 153
23 24
28 284
34 217
41 17
21 253
32 151
31 182

14 197
20 193
16 179
24 137
15 128
27 142
44 110
26 174
12 166
23 109
41 87
46 146
23 113
44 161
49 77

11 282
44 237
18 59
27 244
15 32
30 165
48 152
45 296
17 77
36 204
36 202
27 183

12 245
13 286
32 53
23 27
42 173
41 78
35 65
19 46
16 155
44 10
15 12
22 184
22 84

15 269
19 186
34 18
40 253
23 292
49 74
43 282
50 48
35 53
23 81
20 182
33 73
34 238
33 82
10 77
12 233

29 237
17 151
46 196
50 84
15 86
20 260
50 280
12 122
17 87
32 149
39 245
43 112
11 202
44 281
32 36
42 63
10 218
43 106
15 71
10 79
16 175
40 280
36 101
43 276
40 223
28 292
28 277
22 252
43 19
12 108

24 75
49 272
40 249
25 265
15 128
43 267
38 136
37 141
45 182
39 37
28 116
32 197
37 240
19 97
35 200
14 111
33 47
15 136
32 295
39 129
46 295
40 121
37 243
16 89
24 141

30 258
36 119
25 219
39 73
40 40
39 34
19 155
22 114
16 83
28 176
42 106
15 118
34 266
50 128
50 270
36 280
17 30
12 109
33 261
10 154
21 34
12 46
50 144
46 149
22 199
48 213
48 153
17 197
17 141
22 135
20 18

13 164
31 50
45 214
22 235
48 199
36 43
22 52
10 181
14 204
39 188
36 105
45 23
43 184
34 249

25 183
14 277
50 70
15 14
15 111
31 275
49 92
33 228
10 296
19 70
12 150
39 108
41 299
15 204
30 50
31 149
12 27
37 233
49 184
11 270
36 187
39 30
50 238
14 260
34 216
12 182

20 143
37 251
48 82
14 161
28 210
46 31
12 246
32 219
37 151
10 11
12 285
12 190
42 154
17 99
39 141
18 212
21 45
11 10
45 232
38 51
33 168

10 38
42 285
33 15
13 121
33 147
15 11
35 252
13 290
36 57
10 185
16 70

29 53
26 32
27 116
25 10
28 270
24 75
35 277
30 290
24 224
31 29
29 169
38 152
32 291
26 86
44 184
45 15
15 140
34 233
16 41
13 272
40 263
21 59
32 142
50 52
34 207
30 36
23 66
13 168
16 194
41 259

25 85
29 255
43 20
43 93
45 151
34 224
28 76
36 109
16 252
16 107
14 166
42 156
50 140
43 277
30 122
19 222
37 149
18 153
11 29
42 232
36 244
18 213
36 173
38 243
34 126
16 12

19 101
42 181
40 26
40 112
45 271
27 132
26 20
39 242
20 190
24 44
24 180
32 178
48 49
16 32
13 90
16 289
17 213
28 40
12 243
22 250

15 241
45 250
49 207
30 78
24 107
47 176
13 61
46 202
46 196
24 63
40 123
14 178
30 300
41 46
38 247
21 204

14 214
41 115
11 18
19 209
15 206
34 67
20 283
19 129
29 41
21 249
39 216
14 227
10 204
44 145
11 64

10 40
29 117
35 274
25 65
21 39
43 62
11 208
26 27
22 101
27 283
39 286

17 157
37 124
42 145
42 281
37 122
26 118
41 221
12 62
17 11
19 184
44 227
10 276
46 271
20 117
23 38
34 120
50 51
41 251

24 30
31 112
15 189
37 97
44 105
13 234
39 122
28 291
31 294
36 32
14 217
26 197
50 60
10 86
43 80
33 120
47 251
45 162
34 56
50 25
41 247
27 30
19 165
18 149
11 10

20 248
33 246
47 12
47 202
19 156
22 226
35 18
27 159
19 266
20 263
48 222
46 276
22 212
37 297
50 188
35 203
49 17
40 297
32 118
41 204
16 16

23 107
10 28
47 296
10 47
44 232
17 53
50 130
11 61
48 238
39 157
40 225
11 293
35 154
44 13
15 209
25 55
49 142
31 267
42 75
26 113
25 277
34 185
17 230
49 41

23 32
47 134
48 81
40 135
23 40
11 37
26 91
36 158
44 105
19 118
14 49
27 167
34 252
45 300
20 76
28 273
40 74
47 80
36 95
40 131
45 99
36 63
20 21
20 283

16 268
34 76
34 288
24 87
31 58
11 94
10 23
43 217
16 19
39 22
44 28
35 62
19 59
14 28
23 105
36 55
33 189

11 207
42 104
22 231
42 183
17 98
38 76
15 209
24 206
23 45
29 101
38 155
23 203

25 287
19 130
28 189
29 24
22 248
27 152
32 35
13 161
14 108
43 226
45 44
10 52
46 239
15 24
46 229
16 300
22 152
41 172
42 108
12 219
38 264
39 179
16 163
23 204
18 189
23 206

16 102
29 280
35 251
10 281
41 254
31 174
46 54
25 71
33 267
11 186
13 228
30 98
49 51
21 177
34 156
20 104
47 25

28 89
24 88
28 156
36 138
42 65
45 60
34 282
12 159
36 43
43 46
33 12
46 72
34 133
16 257
36 49
36 142
15 58
16 49
50 89
40 98
14 286
17 125
33 157
12 37
34 105
27 92
23 126
28 257
47 147

13 123
45 262
39 256
48 279
21 82
36 225
40 163
28 167
20 187
22 36
13 25
31 276
44 38
39 136

11 145
34 263
30 220
45 225
39 201
46 184
28 54
37 79
39 200
17 157
41 193
47 155

18 85
35 21
28 159
44 75
29 20
10 222
21 216
37 127
25 142
21 261
38 244
50 102
46 227
12 40
32 49
50 231
41 275
11 131
35 110

15 256
32 167
38 159
13 176
27 32
42 29
28 10
15 88
36 28
29 125
42 136
28 260
24 152
24 300
16 60
48 32

11 71
35 62
36 119
31 120
31 240
34 12
27 19
41 120
18 35
37 148
37 58
14 41

23 167
37 185
30 11
30 87
48 184
23 297
18 156
27 288
19 68
29 276
50 260
13 219
23 262
37 97
21 221
41 122
31 197
22 34
30 164
13 27
14 237
49 170
13 48
14 194

15 183
35 57
24 185
25 175
20 248
35 79
19 158
32 273
41 294
10 75
13 17
13 287
32 89
15 42
28 180
26 64

18 160
27 266
23 105
28 224
35 230
40 126
20 82
26 108
20 267
16 224
43 199
40 125
43 195
46 88
44 155
42 108
32 232
50 273
34 101

11 177
45 148
26 285
30 119
42 129
22 89
23 33
47 209
19 111
42 102
46 298
32 51

26 24
25 223
28 41
17 204
22 68
32 265
36 56
23 119
34 19
37 144
30 182
15 266
27 231
17 26
23 105
27 126
33 134
24 93
21 280
17 246
36 124
37 148
18 256
48 91
36 149
20 134
40 61

16 94
42 243
23 255
41 27
28 210
40 266
34 57
42 28
21 55
27 28
38 67
24 268
38 229
10 56
34 151
29 99
44 98

22 224
17 64
24 217
38 201
44 221
11 270
37 111
39 271
46 209
49 263
32 257
20 53
47 91
36 24
35 21
43 85
31 78
41 205
42 153
38 236
38 24
13 137
31 235

22 142
44 196
41 218
12 32
42 82
22 208
24 134
42 208
43 75
20 300
20 86
40 150
11 54
13 203
49 248
30 219
23 68
40 242
26 21
21 300
22 188
10 131
46 13

28 142
16 99
50 166
49 91
17 269
45 120
18 83
28 212
41 183
29 103
25 194
36 27
47 175
21 262
29 27
19 226
38 239
19 137
44 43
17 23
38 182
16 236
12 234
49 290
44 51
34 110
39 175
16 227
46 25

23 144
29 277
12 100
23 261
48 26
43 293
41 156
36 98
47 124
15 288
50 277
20 200
31 290
16 68
50 123
38 166
12 222
23 187
43 249
22 210
15 294
11 278
20 143
30 163

20 245
27 196
33 103
13 263
32 214
29 20
12 233
14 219
39 99
48 251
10 95
11 132
50 57
28 269
10 250
18 182
49 77
20 64
33 61
18 144
13 99

23 270
42 202
25 90
33 11
27 222
40 192
50 222
25 246
18 132
31 289
14 87
47 17
35 122
50 228
34 199
28 160
47 187
28 149
24 247
50 180
31 263
22 104
16 232
13 98

25 208
42 162
18 154
29 258
37 170
36 23
22 15
17 252
26 146
45 216
28 115
17 16
35 72
36 116
21 272
14 245
34 178
10 28
37 169
50 210
36 296
38 124
33 121
10 178
38 203
32 293

25 204
12 279
14 73
23 134
41 10
18 232
21 19
48 110
42 180
39 241
10 81
30 97
31 16
39 85
45 232
27 285
25 139
12 153
45 43
32 53
33 17
15 263
19 135
10 24
19 172
17 55

23 112
33 126
35 158
46 285
37 251
10 249
45 194
41 231
38 124
42 177
19 110
20 23
42 105
10 218
38 61
13 144
31 48
42 93
10 15
12 131
43 266
25 40
40 129
16 104

27 168
19 180
30 178
18 190
42 155
43 54
37 124
28 108
32 100
44 43
42 128
48 88
21 131
10 246
30 52
25 152
11 156
41 187
24 213
37 272
28 68
11 271
15 157
49 229
50 160
10 256
47 271
35 156

14 280
17 158
48 57
47 41
10 281
26 86
14 161
42 283
37 151
41 196
10 178
20 151
44 28
26 24
38 52

10 190
21 200
39 120
44 201
38 155
45 26
32 170
39 153
40 18
30 85
21 212

11 223
49 31
19 291
22 84
17 236
11 208
12 220
37 63
28 119
45 17
32 186
12 207

25 21
37 86
27 247
21 47
19 97
28 252
27 51
27 264
25 282
33 67
17 68
25 102
43 44
25 156
10 240
45 239
37 259
18 117
43 29
43 10
44 201
40 125
42 67
23 258
17 214
10 236

10 81
35 270
46 239
21 144
28 50
45 248
21 21
46 277
49 286
27 244
13 252

30 190
33 229
49 118
31 232
30 177
30 197
37 208
28 140
10 253
15 198
25 50
29 113
47 248
21 223
44 88
22 243
11 87
25 116
13 73
14 275
42 51
45 236
17 296
11 267
48 249
35 253
40 202
15 205
23 151
21 170
22 88

