99

19 156
49 263
20 191
39 122
27 172
41 130
32 277
10 131
12 262
24 86
17 61
27 69
45 111
26 225
13 67
28 35
37 197
25 29
40 276
11 251

14 249
26 132
38 100
29 65
16 236
11 148
17 55
41 146
28 88
41 108
46 48
50 142
29 189
26 79
10 146

12 149
23 35
40 128
45 127
40 278
40 21
11 221
29 127
25 295
40 25
36 172
47 159
33 204

13 248
34 47
34 135
28 263
24 189
46 207
36 142
40 271
20 155
47 277
35 222
15 223
15 292
39 77

19 82
47 138
16 137
41 152
14 214
32 218
20 288
26 56
40 236
26 12
48 291
32 232
45 97
24 247
16 98
25 288
22 280
11 254
27 45
36 151

14 261
14 22
12 43
21 66
47 58
49 33
23 175
20 267
50 247
27 151
17 283
42 134
29 18
49 244
29 140

23 93
44 251
47 237
13 37
19 93
12 283
33 127
25 284
44 177
49 209
13 71
50 152
45 111
29 86
15 135
41 297
36 29
10 156
24 132
32 17
41 55
35 196
29 152
43 189

28 132
25 91
44 143
29 176
27 99
42 56
14 287
23 171
13 133
46 17
50 201
15 224
16 147
11 70
33 103
32 135
41 181
21 278
13 252
21 154
23 98
33 191
15 197
40 52
34 139
29 263
24 233
37 200
10 245

29 89
49 261
31 40
44 245
15 230
26 255
19 164
40 81
46 213
43 83
29 182
19 146
12 240
29 122
40 193
33 111
10 237
23 126
30 230
44 54
36 27
32 251
45 56
17 114
27 198
28 215
34 168
28 268
29 93
38 99

17 52
50 213
26 284
11 214
16 222
50 158
39 260
15 103
11 119
33 217
15 228
48 263
40 19
17 177
32 130
45 280
29 100
17 181

27 96
43 186
40 63
32 295
40 224
16 117
20 179
41 250
15 287
24 184
50 118
38 283
17 153
29 294
11 219
37 28
22 213
11 205
42 136
19 297
23 295
37 15
37 87
46 194
39 207
31 119
44 281
18 176

23 200
18 153
27 242
47 115
41 141
47 222
42 163
36 268
13 256
38 145
41 298
49 29
26 121
13 11
11 261
22 129
14 13
44 16
44 152
43 156
30 51
45 256
48 248
49 293

13 159
50 164
29 121
17 65
32 59
33 57
14 129
32 74
27 16
15 72
13 223
22 111
49 157
18 58

29 228
23 184
22 295
49 33
29 262
33 168
14 102
42 45
20 210
30 196
29 217
43 46
30 195
43 221
36 23
30 174
42 116
34 46
35 279
29 67
24 282
40 84
41 131
28 268
22 79
36 38
45 58
36 191
21 99
50 266

30 84
50 114
39 79
25 85
31 61
48 201
49 160
14 279
37 133
31 240
23 217
41 193
34 152
32 293
45 12
21 127
12 63
28 25
11 174
32 84
15 185
38 159
43 55
48 175
39 150
42 145
17 223
31 86
12 274
47 174
20 148

16 288
37 62
49 159
33 97
46 171
41 16
41 125
20 230
37 205
32 131
26 116
35 96
19 99
16 187
44 284
38 231
22 159

24 222
18 107
43 135
32 97
39 78
40 287
35 35
20 30
15 249
20 197
35 248
20 42
38 201
13 216
18 200
12 103
25 197
30 48
17 187
42 167
14 285
13 126
49 40
17 220
20 117

21 243
33 275
27 15
13 212
20 259
29 240
14 76
45 67
30 269
40 232
33 199
48 141
12 160
35 161
40 55
15 62
43 115
29 234
50 158
13 152
44 35
13 39

24 188
33 270
27 172
25 271
10 94
42 26
18 258
47 164
32 119
38 161
28 52
50 116
14 66
35 12
20 194
49 117
18 178
42 123
12 65
22 157
36 204
22 19
23 184
20 166
48 83

13 59
39 271
10 193
38 184
38 293
12 119
30 59
20 198
36 38
24 242
27 73
44 238
48 240
32 31

13 138
42 32
40 203
33 83
47 129
17 118
46 114
25 188
11 151
39 103
13 188
13 179
16 58
19 221

11 217
45 165
35 119
24 194
16 145
25 76
26 15
12 180
34 228
49 212
31 250
28 256

12 45
43 176
26 244
34 268
33 191
19 267
24 284
18 233
27 177
23 62
11 183
29 234
37 235

14 57
17 96
18 280
14 59
18 208
19 47
50 190
19 28
50 35
18 201
27 56
13 44
36 99
15 209
47 87

20 120
40 257
21 16
35 136
49 65
20 177
41 13
15 250
33 86
45 105
46 170
18 279
48 125
23 292
10 190
45 171
31 52
32 119
17 212
44 232
15 47

12 204
49 108
37 110
45 187
31 218
46 296
43 207
42 202
39 107
12 161
43 120
30 235
12 92

14 15
50 223
18 262
50 18
27 194
42 228
23 15
38 209
46 295
45 65
47 97
18 288
40 80
37 192
42 12

20 173
42 268
43 115
23 147
39 263
16 138
50 240
37 165
32 86
25 254
18 62
50 263
17 98
23 204
34 158
17 276
17 86
14 228
38 135
13 72
17 176

29 44
45 95
16 259
23 24
42 90
21 40
36 235
34 41
30 192
33 185
15 162
50 115
19 145
25 233
46 228
43 136
36 131
32 144
36 130
19 229
40 284
35 145
14 178
37 57
45 253
39 239
37 50
45 27
38 277
26 10

21 294
38 129
18 186
50 298
20 212
24 167
36 149
33 105
50 109
30 71
15 223
15 19
23 131
47 141
21 29
26 21
13 102
28 135
38 44
50 197
21 297
31 132

28 294
12 284
14 91
24 251
28 256
10 240
27 22
30 232
35 133
19 243
18 268
13 185
23 87
49 116
49 35
44 279
40 222
20 58
10 224
44 146
18 66
50 63
44 81
33 211
38 130
41 102
27 82
42 274
25 53

10 17
47 258
48 262
19 186
41 123
35 100
32 173
47 230
34 270
49 254
29 35

20 146
18 80
29 226
20 182
19 182
29 92
17 47
42 209
38 255
47 76
24 15
44 175
23 125
23 110
40 36
49 28
10 217
29 149
38 204
14 44
25 168

26 155
43 112
42 15
32 72
26 18
37 126
50 149
21 30
13 37
22 127
50 230
34 28
35 270
48 159
15 125
27 36
44 49
39 95
38 151
34 213
11 279
45 299
10 56
16 196
40 105
31 50
16 85

12 131
17 276
12 140
22 35
28 191
18 191
37 156
34 205
38 72
25 36
11 64
36 42
42 104

28 270
41 156
12 153
33 223
39 251
26 21
16 10
23 279
36 193
28 226
30 229
24 14
45 62
49 200
15 41
26 263
30 243
49 208
44 205
40 40
32 293
22 27
32 218
20 148
26 44
40 296
16 52
45 281
34 108

27 80
35 105
18 100
13 111
37 54
42 115
33 208
24 200
13 36
39 85
43 217
48 247
19 28
41 121
29 167
23 204
41 156
28 206
23 231
19 272
33 44
25 253
12 112
14 160
38 223
22 244
50 153
21 87

28 69
34 109
11 37
43 82
23 192
29 235
39 285
13 270
18 165
25 205
20 132
42 278
29 192
33 252
49 284
47 291
25 45
36 225
15 119
10 84
17 288
15 298
44 96
40 182
22 279
29 114
45 41
45 241
17 288

27 245
46 242
31 19
37 88
23 177
21 229
16 112
29 111
27 213
43 111
33 277
49 96
30 252
14 258
43 75
27 230
22 196
13 229
33 11
25 97
13 233
44 164
34 286
18 188
22 54
43 132
39 207
16 236

21 152
21 145
34 18
30 118
49 71
37 17
15 10
23 136
39 35
39 138
16 89
30 232
26 119
11 183
35 195
12 100
15 256
18 24
32 97
43 139
38 16
18 134

21 120
18 56
47 18
12 216
30 172
48 271
20 157
46 167
38 121
22 215
44 166
11 145
31 133
34 70
42 294
44 176
17 44
43 237
43 54
43 91
34 155
45 99

27 215
22 71
38 60
10 19
50 247
44 68
46 28
39 210
28 71
49 244
24 25
24 125
30 243
35 153
32 144
21 153
41 24
17 184
39 155
20 155
26 140
14 273
34 187
28 87
25 74
34 126
42 113
39 174

16 261
20 178
18 221
46 200
33 283
33 127
39 254
43 43
40 206
33 28
29 46
45 142
16 91
45 184
18 65
48 252
26 115

12 201
30 28
36 203
20 259
28 261
22 281
22 252
35 121
37 282
47 56
48 10
26 132
49 225

14 75
50 219
22 243
32 207
23 201
19 75
41 34
37 76
26 53
31 31
37 56
11 52
40 155
11 151
34 46

15 222
41 155
41 30
40 75
33 138
28 154
16 11
19 24
20 268
22 254
50 21
21 160
22 84
43 31
36 218
20 132

23 268
40 232
46 279
14 205
41 79
15 214
29 36
38 165
41 159
39 44
20 206
34 34
48 219
22 179
27 10
33 209
16 181
39 277
27 295
26 235
22 273
49 181
46 292
43 258

20 56
22 192
21 237
27 201
14 71
37 151
14 199
24 58
39 70
49 299
42 75
21 206
21 134
30 40
50 180
28 26
32 207
22 165
40 125
14 58
47 73

18 134
42 96
47 170
46 217
46 282
44 185
26 169
49 65
13 221
12 72
42 218
24 155
24 236
26 242
10 88
37 169
50 243
45 14
21 89

17 278
40 136
42 65
25 264
30 265
44 181
28 239
25 69
42 217
20 120
49 108
37 206
44 186
37 154
25 128
18 91
35 204
15 177

29 233
16 163
18 269
31 232
24 180
34 80
14 19
50 157
49 16
48 107
25 220
14 93
33 12
44 270
23 182
24 230
31 218
38 182
18 241
33 224
24 22
21 117
21 33
13 154
21 216
26 170
23 197
38 63
13 48
45 211

29 269
16 111
24 141
40 18
26 273
25 65
34 281
19 293
15 232
15 244
31 85
19 91
31 156
43 225
12 271
31 241
22 105
46 139
32 243
16 125
17 160
44 76
45 197
25 157
12 71
30 26
17 193
47 51
26 192
48 40

29 51
33 264
44 73
23 181
49 39
35 112
23 270
22 33
41 18
27 69
31 65
42 133
15 113
37 212
29 223
46 124
20 100
21 66
25 185
32 102
13 46
25 61
34 73
50 190
10 45
36 241
41 121
50 267
29 40
43 118

15 231
36 252
15 90
38 170
31 183
23 14
11 245
24 262
19 260
34 46
30 179
37 38
21 144
28 175
11 251
48 272

25 273
46 191
41 59
36 175
47 116
32 251
25 98
12 58
17 183
32 52
25 119
22 281
21 291
23 274
15 161
10 278
49 32
19 67
27 77
22 190
30 223
41 42
13 218
35 95
14 144
24 176

23 152
24 227
21 144
23 180
39 116
38 148
31 35
17 55
12 186
38 44
12 195
15 16
43 155
46 198
25 100
45 79
28 226
38 136
25 140
36 144
14 12
26 232
28 86
30 237

22 43
46 290
20 149
22 93
38 259
25 282
11 258
12 227
39 203
30 286
27 27
47 240
17 117
37 73
10 79
12 18
15 207
20 269
40 56
48 289
15 299
50 198
13 93

28 60
13 268
50 203
47 52
31 41
50 40
42 153
23 43
13 55
42 105
28 185
19 33
14 247
42 123
22 288
13 239
29 170
41 298
36 14
16 19
28 47
21 280
30 289
17 186
48 94
30 208
13 61
32 221
11 174

20 112
24 33
48 93
47 201
22 238
28 158
37 207
27 256
35 53
41 254
31 281
25 194
22 127
50 229
28 122
28 80
10 131
31 298
32 187
46 252
16 75

15 297
37 125
47 224
12 153
42 246
22 171
20 220
50 102
12 37
16 81
40 140
28 56
30 54
20 216
23 50
34 184

19 102
24 82
43 16
13 89
41 281
43 169
42 58
32 173
26 275
26 201
44 44
11 157
16 225
44 236
21 59
15 224
23 280
14 187
45 170
42 233

23 65
45 215
45 158
48 19
44 238
35 296
36 299
35 42
47 54
15 248
13 268
14 261
24 117
47 88
11 252
24 297
42 154
39 218
50 45
49 82
31 266
33 68
28 21
39 174

14 295
26 65
13 39
45 265
26 298
13 243
16 264
39 300
36 187
35 193
18 80
28 185
22 36
26 77
34 213

16 47
31 29
47 162
18 236
39 93
22 25
35 27
32 50
46 259
36 229
32 273
44 63
49 232
20 27
32 77
36 116
22 199

26 202
15 132
33 150
14 211
47 258
40 90
19 99
37 89
38 138
32 299
34 144
43 260
36 148
13 298
47 161
38 10
14 51
26 249
21 13
13 77
23 64
26 241
49 37
16 290
30 52
34 282
47 129

11 74
42 140
38 204
33 119
45 165
50 229
37 104
23 230
24 262
22 34
24 154
48 79

30 95
37 61
48 55
22 47
42 229
16 70
42 90
39 36
41 176
15 135
35 145
12 76
12 103
35 122
41 237
20 286
46 80
18 217
41 156
41 272
20 237
25 252
35 12
47 253
22 103
22 285
23 41
29 63
50 120
38 231
42 15

21 110
48 246
26 24
15 11
23 207
42 64
13 219
35 168
20 286
43 158
19 192
43 68
38 13
13 132
33 215
11 172
12 155
28 118
27 185
38 136
13 184
12 14

20 133
40 117
49 247
23 112
24 59
48 127
27 10
25 13
11 189
36 43
36 112
41 300
26 193
16 26
32 245
49 187
25 96
29 193
24 217
35 136
19 13

18 193
43 157
16 172
30 95
16 215
22 76
10 64
43 121
42 79
10 239
47 272
40 166
17 172
42 23
44 209
17 46
13 170
35 254
18 76

28 272
50 39
33 213
44 101
36 91
18 136
45 23
17 173
45 239
46 184
21 130
15 250
28 42
25 149
15 190
50 215
43 101
21 155
27 292
34 241
32 11
20 89
29 262
23 49
25 217
30 227
18 81
16 14
10 68

11 181
30 14
33 297
33 149
40 255
10 120
20 242
39 139
49 79
15 140
40 48
16 200

19 173
19 273
16 15
48 32
19 97
39 228
35 270
20 121
10 18
46 251
34 286
45 60
11 46
14 33
41 164
18 233
40 276
26 32
46 116
35 171

20 128
24 255
25 285
20 55
45 266
36 299
41 227
23 227
47 105
37 65
26 182
33 166
16 291
50 25
30 80
17 150
17 257
26 294
23 109
39 93
11 128

10 199
15 96
15 89
40 231
11 242
25 137
26 102
25 143
36 146
30 118
44 46

18 22
32 97
50 121
25 271
32 261
34 162
23 258
32 12
26 194
44 202
48 208
46 285
13 69
44 128
22 39
11 224
34 243
18 276
29 135

15 239
47 248
36 196
11 245
28 70
37 236
47 163
40 39
29 56
33 183
12 86
20 196
23 107
39 255
28 227
18 32

19 262
50 188
42 134
29 298
19 235
39 125
47 37
28 21
15 125
30 114
10 296
14 119
48 203
36 242
13 159
24 239
19 151
19 23
27 293
44 135

25 192
24 232
12 282
16 34
35 25
19 19
26 65
35 200
38 133
50 174
29 52
50 238
23 103
15 249
37 252
50 294
35 86
23 180
12 115
35 186
33 36
27 158
14 232
32 167
18 179
34 238

27 30
49 241
50 240
17 88
31 80
22 257
26 37
42 261
11 244
31 132
31 181
28 269
14 201
19 118
17 200
10 156
24 167
27 74
38 282
16 160
42 39
24 40
16 71
49 25
20 16
44 270
12 46
46 91

22 229
22 40
15 151
28 201
14 219
16 231
12 55
24 135
22 94
32 52
11 173
44 177
33 29
27 81
34 233
30 184
20 190
11 34
41 26
48 27
35 66
36 39
37 107

30 247
42 191
19 239
30 80
39 56
35 62
17 273
28 209
29 75
23 295
34 100
37 259
48 84
20 102
40 275
35 274
18 37
45 33
40 99
24 254
49 195
22 294
20 252
19 211
34 142
24 284
16 210
20 37
16 148
39 138
23 117

19 44
18 63
34 73
35 168
12 268
17 137
20 10
34 25
10 178
26 240
45 291
35 299
15 130
31 11
43 268
40 190
47 197
32 140
45 176
16 93

26 143
12 293
33 33
50 54
43 232
12 208
32 35
37 35
44 217
11 167
49 58
40 26
24 136
27 113
46 84
20 218
30 151
15 138
32 159
44 271
14 79
46 164
22 174
46 16
41 84
27 129
40 48

12 98
36 109
48 286
29 23
42 98
30 36
44 57
25 112
16 20
45 102
29 108
41 209
46 239

29 61
30 254
33 136
29 128
34 139
34 136
42 202
27 41
15 163
31 108
25 253
32 29
22 67
33 195
32 98
25 209
44 19
36 74
16 167
43 144
13 273
29 248
26 11
34 96
22 93
26 41
45 166
31 289
30 47
18 49

29 71
39 16
18 94
19 142
26 278
18 83
16 294
48 40
34 209
29 69
42 88
10 71
33 243
11 244
46 186
49 215
43 13
34 57
19 162
21 125
20 111
37 30
49 90
29 148
42 227
16 258
33 29
46 235
11 140
37 16

24 293
28 127
33 140
13 170
31 117
27 58
49 17
26 93
13 154
36 260
13 146
47 111
12 217
16 14
30 21
50 125
45 77
10 293
44 162
13 194
14 238
12 195
45 127
10 114
50 92

25 141
19 228
35 274
13 227
17 91
22 232
19 54
28 154
22 171
20 99
40 134
15 215
19 266
40 227
43 225
19 254
34 155
36 173
46 229
31 136
42 183
42 280
49 202
39 77
11 190
11 179

21 99
11 200
16 205
24 285
24 132
47 23
28 66
11 156
50 210
11 164
35 64
17 108
34 227
38 36
49 222
47 20
34 120
40 273
24 254
47 111
42 99
16 107

15 152
44 36
25 173
19 281
25 185
42 101
38 58
25 21
12 148
11 44
28 242
30 82
19 88
15 268
27 163
34 10

25 221
45 261
19 28
33 254
13 195
10 242
45 282
21 245
28 260
39 18
28 177
27 149
19 126
28 164
20 230
29 223
34 184
35 207
18 132
31 168
16 49
12 18
41 227
35 289
33 265
37 271

23 255
25 196
45 84
19 247
11 208
48 20
13 87
11 26
25 31
31 191
44 168
37 24
12 36
50 229
27 165
43 10
23 29
20 261
33 97
14 289
31 108
23 237
31 83
24 281

20 26
50 130
41 84
27 16
46 287
22 265
35 156
38 181
44 127
50 18
33 79
29 69
41 280
34 95
13 249
48 278
17 57
26 231
43 264
37 265
30 163

25 263
17 139
14 184
18 110
10 74
27 189
39 233
40 247
23 214
23 182
40 45
12 112
21 232
40 215
12 91
25 230
36 83
40 183
33 15
10 51
25 194
40 221
22 233
28 203
44 62
49 155

18 203
34 125
21 275
27 15
11 85
33 166
20 103
28 98
16 144
33 295
46 156
36 172
40 115
39 80
35 124
41 67
49 265
38 16
20 44

18 32
48 218
40 74
48 104
31 186
16 14
50 28
20 182
37 187
41 274
36 31
40 108
15 195
39 67
33 78
44 285
29 274
39 68
10 100

12 103
24 112
44 226
40 82
19 70
21 237
24 67
45 205
48 176
11 22
29 15
37 107
38 89

15 86
36 76
49 172
31 273
42 295
35 38
41 73
16 231
44 249
43 49
36 55
26 75
23 198
45 189
28 233
32 233

