76

11 187
40 268
40 148
36 171
34 50
38 179
18 64
50 258
40 45
50 223
14 233
41 30

12 21
20 223
37 53
17 240
22 222
39 146
25 47
23 225
16 41
43 44
32 162
18 240
44 113

25 65
25 185
24 298
10 87
22 237
25 16
12 80
46 246
40 149
11 196
31 257
27 152
35 245
27 74
39 105
49 192
21 264
34 119
16 102
13 298
35 150
17 266
16 30
14 143
26 32
27 282

22 29
46 264
23 276
50 132
32 20
29 93
19 105
36 70
27 208
40 285
23 95
46 120
24 261
21 140
41 151
39 194
46 94
11 154
38 220
41 144
32 19
24 62
47 260

12 153
29 226
34 127
48 188
41 80
33 83
35 24
43 190
31 72
18 292
32 271
28 119
46 38

19 223
31 119
13 114
14 131
39 58
17 38
32 136
11 289
10 190
47 291
37 85
19 154
19 188
41 121
30 12
25 268
44 186
36 110
50 232
26 118

25 169
39 297
17 292
42 45
43 71
34 293
12 290
34 171
13 273
14 91
46 32
26 81
13 208
26 237
31 13
42 243
50 72
38 109
10 167
30 195
13 214
32 26
35 110
35 279
40 12
22 118

23 253
50 41
49 145
29 82
28 273
43 73
50 35
48 212
16 163
31 291
36 287
16 173
23 263
15 79
23 282
26 50
18 36
23 23
37 114
13 222
24 95
28 280
49 232
22 119

27 85
10 236
14 199
36 53
30 156
45 234
41 13
35 255
40 59
12 90
13 76
33 39
15 33
38 67
26 102
27 133
21 124
13 18
30 179
50 273
18 52
47 295
12 140
23 62
10 174
33 135
49 182
27 240

15 171
22 279
20 111
13 104
43 292
46 126
26 211
30 98
29 143
34 126
47 255
40 28
13 49
40 26
40 128
35 57

16 232
40 111
10 228
36 263
47 181
38 155
17 286
23 249
31 60
45 300
12 264
43 140
44 119
30 209
26 198
38 20
26 36

14 29
12 108
50 143
17 45
45 183
18 88
20 104
31 98
19 129
48 220
41 293
43 177
33 166
30 134
19 189

23 34
25 173
22 243
31 20
30 85
36 194
20 279
33 257
24 141
48 188
27 86
43 219
36 176
42 56
47 193
46 254
33 249
29 67
33 26
25 295
12 272
15 206
43 186
48 171

28 196
50 168
48 231
30 76
25 167
40 92
27 72
13 29
17 45
21 206
50 24
22 82
10 51
11 33
45 241
23 134
24 132
36 221
26 265
44 292
10 183
13 73
45 158
30 260
36 177
50 50
23 23
22 27
23 297

27 110
20 246
31 92
25 188
49 21
44 15
35 121
16 118
34 82
19 178
14 205
39 125
46 62
32 279
43 261
27 169
41 214
49 14
50 181
32 104
41 132
36 181
22 100
12 157
28 56
30 19
25 130
30 112

28 166
14 171
27 32
48 180
33 164
38 249
43 66
29 60
50 124
47 264
31 10
14 250
18 185
25 154
39 169
22 200
45 131
14 125
45 260
31 170
16 212
42 262
32 254
22 96
45 14
32 203
24 277
36 206
47 164

11 275
48 267
43 241
39 251
15 57
35 109
45 103
32 147
34 284
39 27
28 179
15 98

26 37
43 255
30 290
16 206
24 82
47 42
40 265
28 20
20 37
48 160
29 297
11 249
36 66
29 251
16 150
23 62
43 293
26 10
22 116
49 237
38 145
33 112
22 229
21 68
35 125
47 60
25 31

28 64
24 287
34 96
34 116
17 110
44 97
25 32
30 238
50 196
12 101
45 112
35 247
37 161
34 260
10 20
35 273
17 295
22 35
48 82
29 51
48 176
34 51
36 160
12 67
48 169
15 45
49 92
18 81
47 121

27 226
47 233
15 132
42 188
25 10
17 136
28 44
20 191
19 44
45 133
28 126
36 166
43 291
18 90
14 141
26 124
38 34
12 19
14 198
12 298
37 250
20 184
35 274
30 54
39 47
23 218
26 196
47 187

13 271
28 73
14 168
25 136
13 113
24 50
16 263
33 153
40 158
48 81
23 109
27 94
19 72
10 176

23 73
50 231
13 235
34 280
20 83
39 262
23 47
20 131
10 137
43 158
23 177
38 256
13 207
46 172
36 65
19 291
44 84
17 278
46 277
34 52
29 199
15 208
29 188
49 274

29 26
16 51
48 61
42 30
17 125
31 15
44 66
26 292
20 175
10 23
22 218
42 186
24 279
29 247
40 164
13 261
23 28
10 32
20 247
11 208
19 69
12 229
44 12
30 102
40 175
17 223
27 256
16 74
49 287
33 172

13 140
45 197
37 183
27 232
42 66
12 82
16 88
40 103
10 101
39 179
42 48
38 261
13 234
36 96

27 29
11 233
45 224
24 201
42 125
32 15
35 39
36 16
33 63
39 167
32 253
30 141
22 18
46 223
14 209
32 130
26 107
20 182
22 134
48 125
49 223
41 260
22 31
50 68
22 30
20 175
29 169
16 238

27 16
25 264
38 229
15 208
26 179
15 276
18 276
29 20
26 141
43 35
48 204
41 37
40 111
46 148
43 259
10 287
47 191
21 113
42 65
38 278
45 92
16 103
10 151
16 197
19 236
38 187
33 178
29 291

12 147
47 80
10 218
20 267
22 54
49 248
26 127
19 200
45 146
45 103
48 61
18 150
11 185

19 172
23 146
32 165
16 230
22 60
41 27
15 248
47 163
23 285
21 232
25 53
39 137
20 143
42 288
22 272
27 147
13 150
43 57
36 29
10 43

24 207
19 150
12 39
27 189
31 174
22 221
26 19
19 124
29 125
48 280
25 54
28 67
45 48
14 264
19 169
26 95
32 227
48 292
27 271
35 220
12 243
20 54
19 95
19 70
28 270

25 236
27 251
43 103
49 193
22 53
49 104
49 33
36 213
12 192
15 274
44 195
16 230
32 277
29 166
12 75
31 275
24 292
36 85
34 259
39 165
35 124
45 84
14 231
12 41
37 238
12 143

22 77
35 290
25 24
47 228
35 19
18 151
38 293
45 244
22 241
23 74
34 26
11 68
19 28
30 182
42 290
27 69
39 51
19 55
15 27
44 10
44 88
43 153
12 74

24 123
31 209
48 180
47 130
36 67
26 272
44 268
50 77
38 89
13 238
38 206
33 185
37 64
13 145
27 140
35 81
45 39
33 170
45 54
27 178
45 124
44 253
49 297
45 24
32 112

24 175
20 177
37 212
27 29
40 243
41 140
44 120
33 256
15 99
38 35
40 296
22 186
39 86
50 233
49 235
47 129
49 63
13 154
25 228
40 291
37 207
11 197
37 155
10 290
17 287

19 10
16 240
25 130
48 99
11 205
41 237
47 132
13 148
23 290
17 89
19 168
17 249
14 155
41 298
46 264
41 252
43 215
40 182
39 49
37 254

10 75
25 185
14 146
36 265
25 61
49 24
25 100
13 298
38 58
25 29
42 254

26 223
30 142
40 181
29 15
41 51
12 156
34 101
45 282
27 120
31 107
35 149
50 230
42 246
30 139
12 211
36 106
38 278
47 130
29 213
42 185
26 118
42 66
13 243
30 254
30 187
38 124
13 181

22 263
21 11
44 105
16 225
30 206
47 121
17 198
35 169
33 33
39 181
34 253
20 95
48 52
28 163
48 140
10 27
21 194
25 19
42 30
46 294
16 285
43 166
31 45

16 297
27 279
11 67
43 209
41 120
42 74
29 140
41 142
30 79
12 258
41 53
14 84
49 259
38 209
44 206
46 35
44 253

12 277
13 276
50 243
50 245
25 87
42 186
24 287
28 12
17 51
50 55
28 192
49 162
23 241

18 121
17 186
40 119
23 166
27 41
35 147
24 162
44 167
43 195
28 26
19 296
33 15
21 211
25 193
23 290
12 14
39 220
28 170
31 89

29 262
43 272
49 234
22 102
10 18
47 273
24 213
11 178
12 232
50 174
14 298
47 27
23 262
48 170
28 12
11 56
24 274
21 134
13 213
47 268
33 104
22 115
15 173
23 201
13 189
47 21
37 53
37 125
36 56
10 56

28 53
18 145
41 192
38 241
32 81
29 108
31 202
28 104
38 35
28 198
35 164
48 112
40 233
49 171
30 192
13 109
40 136
11 249
33 31
47 151
14 208
46 93
49 131
45 136
30 296
21 15
44 186
28 195
22 253

21 211
41 114
16 247
19 82
42 177
38 214
34 179
27 130
21 235
15 118
23 275
14 101
27 82
44 280
42 279
17 200
22 13
29 77
16 72
19 26
14 230
21 23

11 289
33 186
20 205
31 156
45 234
20 78
47 258
27 50
15 288
38 215
23 32
30 12

17 254
23 162
10 106
17 247
36 31
40 122
21 207
38 269
21 209
49 118
32 138
18 288
44 274
30 271
14 190
37 215
36 162
44 185

16 244
15 63
42 293
11 155
33 125
22 183
41 177
33 188
47 11
18 94
17 89
27 105
18 244
30 27
38 144
36 169
13 291

26 11
16 186
15 19
46 88
18 88
27 62
30 85
33 72
44 81
47 192
44 109
48 239
23 176
40 278
48 146
18 216
24 110
35 281
28 83
42 221
31 111
37 211
38 115
41 261
30 55
40 182
41 66

12 49
48 33
42 73
28 52
18 57
46 54
43 82
12 138
16 294
26 86
35 295
25 151
34 213

18 276
39 72
33 42
43 18
42 65
30 209
14 277
36 241
26 180
44 52
30 11
25 245
33 279
32 67
24 260
48 203
25 47
36 160
26 297

21 262
26 124
18 195
46 264
42 136
40 82
13 126
17 115
28 118
25 28
22 35
37 145
10 22
49 237
28 98
40 135
34 110
46 188
23 104
22 94
27 89
24 135

23 28
39 138
27 214
14 272
17 250
23 142
11 123
38 111
35 179
42 217
40 266
22 30
20 103
47 200
19 133
36 164
39 72
33 16
46 163
16 211
44 69
25 179
13 243
33 121

26 152
25 90
15 92
12 173
16 104
14 135
21 110
37 152
26 50
10 143
36 74
16 71
13 38
20 135
10 237
28 167
33 257
20 211
33 287
29 284
27 32
29 154
47 252
37 71
12 46
47 274
44 53

18 71
44 171
20 98
28 199
31 78
38 114
43 250
12 29
40 92
38 66
49 153
42 264
15 49
46 279
12 216
21 23
20 144
23 61
44 207

11 291
35 238
15 17
35 261
25 247
47 57
18 54
38 145
35 68
31 134
25 31
11 158

25 25
23 119
29 45
46 15
23 211
49 159
30 256
39 130
25 299
19 221
15 151
25 184
37 173
19 295
45 78
14 114
20 254
15 285
33 289
17 272
33 206
19 170
16 188
44 277
27 218
27 285

22 277
19 123
26 195
39 134
47 40
12 118
30 146
27 258
22 156
39 110
25 33
28 160
43 270
18 237
24 65
40 56
31 23
17 223
16 149
14 228
41 262
29 232
36 100

15 39
49 231
42 201
30 209
30 118
38 237
22 127
14 174
26 153
37 127
23 211
31 129
48 195
42 185
13 219
32 64

24 87
41 141
20 204
11 140
50 241
10 256
15 129
20 171
19 298
31 150
45 78
14 292
31 99
17 22
43 135
45 281
28 112
14 257
15 120
19 120
36 223
19 60
43 246
32 102
39 94

20 268
19 240
34 203
23 49
19 42
20 228
37 16
28 100
40 264
41 207
44 287
13 39
28 234
21 132
12 207
33 223
33 160
36 249
12 138
26 247
34 172

15 214
33 116
18 196
37 152
43 65
10 46
11 115
31 26
25 40
45 214
13 110
39 42
16 39
14 154
33 91
36 47

20 74
44 46
48 145
50 259
33 227
38 62
23 150
49 237
40 78
26 198
20 292
36 259
38 253
43 67
34 77
33 259
47 300
16 156
49 209
36 29
37 133

23 108
26 54
24 182
30 256
24 75
22 87
20 241
21 202
40 209
49 21
20 12
46 58
50 111
46 19
50 211
30 251
33 274
24 243
13 14
20 289
12 101
30 244
17 93
12 276

17 188
15 61
38 209
16 240
43 18
20 227
37 213
20 84
47 153
37 129
50 140
24 94
37 155
42 160
25 137
28 118
42 205
25 100

26 199
17 266
19 275
41 165
39 37
46 87
49 188
29 204
49 64
48 209
47 231
42 221
23 199
39 187
44 158
21 257
16 173
26 288
41 55
30 75
21 245
27 149
41 277
45 94
47 246
13 225
32 26

20 206
43 33
13 179
14 27
10 89
17 84
13 167
38 273
21 153
48 140
10 222
35 214
49 130
42 272
36 293
14 269
15 215
28 43
23 162
22 138
22 117

27 105
34 32
44 211
19 293
17 93
44 126
17 30
16 195
19 239
19 144
43 42
42 131
14 25
17 284
28 150
23 179
29 208
44 21
19 125
13 179
30 59
38 78
18 30
42 259
22 74
42 193
39 218
18 88

17 251
30 247
29 263
44 103
38 224
11 215
49 111
18 290
17 200
13 300
15 42
41 233
42 151
25 247
46 139
10 137
20 195
33 270

25 224
11 90
38 220
33 262
31 20
10 14
37 11
43 77
14 230
45 55
20 78
34 197
40 276
31 180
42 52
43 167
32 117
42 169
13 121
27 73
31 86
37 163
27 217
23 274
27 247
10 22

23 74
46 70
23 13
37 31
32 50
44 238
13 86
16 132
47 13
27 193
43 72
13 116
16 113
11 217
20 12
47 219
31 211
33 37
49 237
32 268
22 141
40 121
29 102
15 62

23 63
41 261
19 136
27 256
13 235
22 262
19 148
39 129
37 249
41 42
16 51
36 87
39 137
15 90
37 47
31 64
30 23
50 276
21 156
45 290
30 54
42 30
11 215
45 265

13 239
35 46
36 136
18 178
42 208
33 67
27 258
18 80
36 88
29 162
24 134
49 97
33 250
34 206

22 197
28 182
18 62
50 150
50 247
22 165
25 83
23 240
31 132
49 89
34 131
42 94
15 273
24 266
39 128
33 151
47 142
31 137
38 215
34 34
11 289
42 148
43 119

17 142
22 241
49 20
38 276
17 39
19 202
21 161
39 68
27 295
47 272
11 204
20 103
25 242
30 195
32 208
23 59
46 153
34 18

12 78
19 156
30 226
10 21
22 236
19 96
13 295
10 159
34 140
28 50
49 22
29 165
32 172

15 36
30 126
24 36
22 254
44 53
12 152
23 10
49 166
32 255
19 60
35 36
31 90
22 93
42 272
16 257
24 44

27 139
35 44
22 135
25 22
43 230
26 63
41 184
15 94
35 242
47 205
25 279
40 219
33 228
16 14
34 295
15 285
27 239
37 292
41 184
11 215
18 101
18 96
15 156
46 287
14 255
17 37
50 13
16 160

