81

13 13
11 284
37 269
35 148
27 142
27 140
12 31
40 23
31 269
50 62
23 232
48 151
45 189
45 145

23 288
20 82
43 103
27 63
20 287
36 164
38 96
28 246
49 154
13 272
20 187
36 28
29 218
26 229
33 217
18 234
10 110
15 266
26 109
41 257
12 190
49 57
23 111
35 244

19 17
17 295
38 55
31 121
34 100
24 21
19 202
24 172
40 244
19 56
21 147
36 12
27 152
17 39
23 168
14 261
28 247
30 50
43 223
43 83

15 168
32 179
36 49
31 70
26 144
47 151
17 175
44 213
48 79
33 184
40 227
43 122
19 11
13 252
40 139
20 246

21 91
40 266
28 153
31 267
21 272
38 90
26 108
50 136
34 263
15 166
48 249
15 237
45 213
32 157
31 68
38 23
49 148
46 31
49 212
22 231
45 14
27 162

28 271
31 177
17 137
25 262
41 245
47 216
32 185
41 279
46 255
44 172
28 107
41 93
35 124
14 276
10 193
47 280
39 48
16 25
49 177
27 48
24 32
18 32
32 45
42 160
24 291
33 13
14 176
35 113
28 219

26 91
21 57
19 100
13 300
44 41
19 163
34 24
37 209
19 217
24 87
37 280
41 47
23 100
17 150
26 147
48 251
31 158
27 101
43 137
43 30
48 277
31 193
44 264
47 14
40 92
14 161
25 234

26 176
12 259
36 24
46 193
40 235
38 295
49 14
17 13
33 191
20 223
50 35
34 295
42 295
35 37
24 193
47 139
24 294
44 152
17 161
43 204
17 210
10 263
46 30
29 180
33 262
36 295
29 246

21 272
47 32
41 39
14 283
13 101
19 284
38 47
21 299
28 215
26 66
26 163
32 162
35 15
28 43
16 250
48 212
22 123
18 164
11 151
24 289
14 182
28 185

27 275
24 10
46 241
46 36
38 115
48 117
18 220
27 12
44 11
28 261
26 223
50 200
47 297
29 199
25 108
21 239
47 144
46 157
19 99
20 97
40 242
33 127
18 141
10 116
16 181
23 278
38 119
38 248

25 179
13 134
27 226
29 107
16 159
49 202
48 102
17 242
14 218
13 137
12 299
48 291
45 156
19 63
16 50
41 150
16 34
27 280
24 252
11 67
39 77
33 226
42 104
49 128
23 16
22 276

17 73
15 129
28 83
12 209
39 76
41 88
48 51
37 70
46 103
42 281
16 187
21 206
48 143
36 165
22 196
28 77
48 82
20 279

24 122
35 131
37 42
14 144
24 42
12 191
15 67
45 130
37 105
29 38
26 289
33 267
15 249
48 75
29 51
14 153
19 118
43 270
19 146
50 233
47 163
34 181
42 94
50 179
49 137

29 88
39 241
21 31
41 189
18 282
30 41
26 73
15 242
42 291
27 186
30 180
16 80
28 219
47 114
24 234
38 152
11 63
12 28
15 161
38 175
28 146
26 110
14 140
42 171
31 232
41 86
34 77
23 274
31 81
33 222

29 82
28 21
42 159
47 113
23 73
42 68
18 45
32 130
21 112
17 99
23 17
31 185
24 221
48 176
45 62
34 72
40 238
20 43
39 145
26 272
50 106
30 294
32 60
26 294
22 134
15 21
14 110
26 198
47 80
24 269

24 48
38 292
17 178
41 115
41 79
33 296
25 122
44 254
11 221
45 72
40 264
38 93
49 252
44 12
35 38
17 194
43 133
41 149
31 206
21 21
12 159
40 143
37 44
37 170
24 258

21 277
10 163
29 247
36 224
33 162
43 47
24 78
36 194
28 202
23 241
26 96
35 170
26 177
15 280
11 298
18 152
16 262
13 162
22 12
25 202
13 246
38 260

10 91
23 88
48 127
21 285
27 168
10 62
22 209
16 212
35 99
37 300
28 192

30 262
47 183
38 28
43 264
33 130
26 282
41 91
19 115
39 74
39 71
35 247
36 113
27 64
21 203
27 15
27 295
14 28
31 147
34 57
29 62
13 245
27 207
10 281
10 222
19 13
26 66
19 37
44 79
25 144
30 103
11 57

12 223
18 14
33 291
42 25
16 227
43 130
23 184
33 81
31 201
17 150
26 46
31 125
39 189

22 212
42 123
31 125
20 64
13 219
14 37
36 167
30 87
49 44
20 134
25 199
42 104
15 202
37 196
45 137
17 260
21 250
14 15
15 92
49 251
20 61
15 131
45 59

30 222
33 29
14 153
46 153
21 281
44 270
22 206
12 87
47 22
42 22
34 300
39 241
48 157
20 113
40 260
42 29
24 224
13 78
10 249
48 112
39 150
30 236
42 271
49 135
15 194
19 242
36 191
32 200
18 268
32 12
43 257

29 96
41 266
31 296
38 267
45 261
17 250
28 287
32 258
46 278
30 137
37 37
27 251
24 265
44 78
14 103
32 209
29 266
19 151
27 232
39 94
37 114
31 139
42 140
47 106
12 44
26 82
40 73
20 267
46 173
35 63

18 92
14 234
33 295
43 103
47 276
15 204
37 214
33 151
21 232
20 293
43 211
18 58
22 296
48 27
31 222
13 232
44 177
44 57
18 112

25 285
16 130
14 261
48 36
27 78
13 300
19 55
36 252
34 20
13 294
40 143
12 128
22 292
10 104
18 66
48 111
13 84
15 207
28 79
32 278
14 195
50 60
15 105
36 130
47 168
23 170

21 166
47 273
25 244
29 23
20 100
17 102
28 86
28 292
48 263
18 77
38 72
50 156
28 22
49 127
49 197
21 154
32 195
21 217
45 35
22 137
50 214
20 166

16 273
22 47
49 55
27 253
12 48
13 28
33 66
27 138
21 86
23 46
21 116
44 211
20 250
46 275
40 92
33 158
18 266

22 251
29 30
24 129
40 174
25 120
22 300
21 196
41 16
33 290
23 219
27 162
21 45
23 63
11 161
47 284
26 51
28 106
34 28
48 42
43 147
14 78
35 61
20 22

14 199
43 238
45 247
21 241
40 94
43 261
41 266
13 188
43 39
35 110
23 238
35 203
28 221
33 98
34 20

13 205
37 126
28 34
26 114
33 219
15 284
37 296
32 113
41 135
16 103
48 217
30 284
45 287
38 37

19 31
20 208
43 155
29 162
22 146
35 104
45 103
25 169
20 117
50 285
17 292
13 118
14 47
30 97
26 198
13 104
44 123
18 222
19 26
39 239

22 294
31 292
13 49
33 171
37 195
31 189
18 23
34 176
10 89
28 276
31 227
24 21
39 58
26 164
11 260
24 80
35 101
37 189
33 43
14 284
21 74
19 120
30 184

15 204
15 160
23 122
46 258
12 77
45 125
11 270
33 50
36 184
25 278
39 249
30 282
13 144
18 104
44 118
47 72

15 268
46 185
46 116
39 291
11 232
33 57
12 29
40 65
31 12
47 95
11 180
43 142
27 214
36 123
12 205
41 116

29 180
16 218
36 100
50 165
22 144
32 13
17 297
27 141
24 20
35 155
41 234
38 13
49 39
26 130
17 200
16 82
18 255
28 254
27 59
15 60
38 213
41 293
16 67
29 140
39 231
31 111
49 295
13 137
47 63
19 25

27 55
27 229
34 139
40 63
46 231
32 221
40 289
21 27
37 57
30 231
48 26
30 153
31 32
43 184
42 200
41 13
38 23
42 82
30 72
45 78
18 125
15 289
32 296
22 79
48 271
29 215
28 272
24 84

22 234
28 50
37 299
26 254
10 53
37 91
25 281
36 57
27 138
35 267
43 181
12 101
20 170
11 115
30 109
40 154
29 90
14 199
18 132
27 54
37 186
44 266
34 13

28 187
37 160
17 177
22 250
43 80
14 115
50 198
30 109
17 279
36 19
20 289
16 118
21 203
45 108
26 127
43 254
21 287
25 28
48 133
24 286
21 90
13 24
38 291
13 88
32 288
27 136
30 123
17 251
11 11

24 156
24 44
21 25
24 280
11 237
47 259
21 124
33 174
21 92
41 126
10 282
42 196
23 277
11 129
24 289
41 133
22 166
25 26
10 60
32 219
10 32
43 95
50 117
29 116
17 169

29 240
37 174
13 75
14 32
32 22
47 276
16 29
34 55
36 154
30 98
27 121
30 74
33 83
30 151
35 187
17 230
49 168
45 149
18 87
24 88
15 261
29 141
47 81
40 96
13 12
43 48
41 269
49 68
46 231
28 209

15 85
49 224
38 87
43 190
45 68
50 155
46 17
18 271
23 197
19 66
49 61
43 122
35 180
50 268
12 121
46 217

10 242
18 57
32 257
43 110
34 194
44 195
19 289
18 213
50 278
50 35
32 193

21 171
17 130
20 153
43 221
32 37
44 259
28 85
48 14
14 217
21 46
24 227
38 295
24 226
32 106
19 205
18 193
18 231
25 156
23 298
28 267
22 168
33 172

11 144
14 238
38 161
28 43
10 140
12 154
32 293
19 257
35 25
44 287
23 144
47 267

18 41
34 235
45 171
19 78
21 56
50 289
24 216
27 25
42 17
39 300
19 290
49 107
39 90
16 272
10 50
48 262
32 174
10 105
12 233

25 58
19 299
26 62
34 118
50 272
40 50
35 51
20 153
18 210
42 275
22 97
49 121
30 149
35 126
24 150
18 26
45 58
23 274
48 278
15 199
43 68
28 212
33 202
27 182
17 54
17 35

29 290
38 252
24 37
44 274
15 86
40 155
25 103
16 126
18 89
36 96
26 193
12 178
38 299
30 55
20 75
24 281
36 61
45 296
11 240
25 285
50 15
49 217
20 132
33 248
18 16
20 61
25 232
13 234
20 159
15 80

15 137
22 181
31 158
36 136
27 261
23 230
24 260
29 146
47 111
28 189
32 249
22 215
12 99
11 140
37 120
18 91

15 233
49 292
32 161
49 24
17 168
26 227
19 230
29 82
26 144
47 194
19 100
13 112
15 142
40 207
12 146
19 196

28 165
11 189
13 213
35 114
38 240
44 248
23 87
42 82
32 93
35 159
36 191
47 169
47 138
46 137
25 223
50 147
45 109
18 141
26 179
43 245
15 274
21 250
33 105
23 133
18 154
48 49
13 144
10 76
21 110

30 207
46 54
37 272
32 62
36 137
12 20
37 213
37 79
41 159
22 270
34 279
28 284
43 156
41 113
33 148
17 36
10 260
47 271
27 150
46 47
25 245
13 51
32 268
25 56
27 206
45 44
22 72
22 117
45 76
33 167
37 121

13 209
42 144
37 204
32 201
15 91
33 179
43 165
26 201
10 200
50 107
27 105
44 66
31 25
29 81

11 30
46 102
35 191
25 193
34 99
35 252
37 89
15 160
50 236
37 35
50 270
27 268

16 191
27 223
25 13
34 79
17 62
16 87
37 64
17 82
36 295
14 248
24 210
29 96
15 123
40 212
21 216
47 291
18 86

26 221
29 22
21 149
21 52
16 271
41 289
41 221
21 246
37 168
41 11
30 43
24 158
33 98
21 276
44 148
38 264
25 67
10 188
37 122
16 192
15 218
47 109
18 213
43 20
33 188
35 208
30 10

13 134
46 81
22 75
44 64
17 107
30 169
35 225
46 213
48 200
31 48
50 87
36 254
20 16
32 200

29 177
44 65
38 145
33 218
25 153
16 151
44 158
45 236
31 47
27 42
25 42
37 146
36 50
10 278
48 228
26 234
31 134
38 170
41 110
35 43
41 105
28 295
26 169
10 220
37 105
46 223
23 53
29 146
48 210
17 220

30 84
12 294
46 200
12 202
20 288
19 76
26 110
33 286
30 26
29 132
28 66
33 242
30 40
25 264
21 19
17 300
33 227
46 263
15 203
35 260
11 86
42 155
43 126
47 65
46 124
38 104
31 242
35 274
41 127
42 16
10 102

28 187
18 204
13 221
45 106
33 279
41 132
15 207
41 217
27 165
27 139
30 51
48 280
23 16
45 158
29 286
15 145
33 139
38 64
43 169
30 54
31 273
50 64
31 42
29 37
49 238
14 201
28 133
32 62
14 295

19 170
19 84
11 138
19 298
12 14
47 126
32 105
10 115
36 107
28 164
46 175
35 185
30 134
39 178
18 178
31 135
11 241
28 47
50 119
49 217

20 116
33 159
22 39
18 100
29 293
22 195
47 10
11 176
46 159
38 152
48 78
29 236
38 217
10 24
50 151
22 246
16 300
35 274
29 103
29 88
40 13

10 232
24 98
44 233
18 184
24 206
23 156
46 243
43 58
50 35
40 133
45 269

14 296
37 73
49 275
42 281
39 115
22 144
34 170
37 227
48 291
40 206
33 238
19 279
27 152
32 84
35 21

19 293
25 169
19 264
14 127
18 285
17 114
24 199
28 25
14 225
26 52
35 180
49 296
47 25
36 252
24 173
35 66
39 266
27 242
37 10
11 177

28 228
11 182
24 200
14 121
24 178
36 176
32 296
10 100
38 267
43 103
45 218
17 284
26 81
48 90
39 292
39 270
20 70
28 228
49 32
39 207
20 280
18 35
29 290
30 110
26 174
40 277
42 34
42 38
15 133

27 22
47 283
45 194
30 37
44 300
20 21
33 118
48 40
38 52
39 212
33 41
26 116
46 173
28 116
18 128
49 119
19 230
33 289
37 198
17 20
18 86
27 212
28 285
15 113
31 249
42 228
11 161
35 120

11 256
24 222
28 85
39 41
48 167
14 203
37 82
12 268
39 91
29 233
28 140
19 140

27 98
16 254
41 103
13 189
21 291
13 50
32 85
30 169
30 255
23 36
44 106
36 99
46 88
36 255
16 275
22 257
14 256
34 238
33 253
36 31
27 176
45 297
13 67
43 140
37 128
39 207
48 140
13 131

24 130
22 238
35 113
17 280
24 154
12 40
38 118
12 119
32 12
44 252
42 300
46 54
18 133
11 145
50 105
12 103
15 151
18 273
17 88
27 83
24 50
38 13
12 65
42 161
21 50

26 63
47 13
25 258
50 113
45 150
12 237
47 119
37 195
35 34
44 87
10 157
46 13
39 84
15 294
26 61
11 18
23 279
28 53
20 17
18 57
20 66
22 83
38 32
44 276
14 100
49 211
50 59

13 197
16 120
29 30
18 157
39 288
36 284
23 23
26 287
20 53
36 87
20 35
10 177
42 192
37 169

11 87
31 212
19 80
50 39
17 280
13 227
41 145
35 61
35 93
13 128
46 213
29 82

25 49
43 52
35 133
37 31
48 179
22 149
11 284
42 181
24 54
27 299
32 252
46 58
10 51
33 28
13 15
11 261
34 59
24 85
29 121
37 98
17 77
40 196
44 170
36 177
29 177
48 234

21 147
47 150
38 55
43 300
32 63
10 219
15 186
49 296
12 169
13 252
43 182
10 284
11 254
16 226
17 138
27 15
40 142
28 146
33 114
13 280
44 53
36 118

20 148
42 102
25 271
40 32
28 119
43 225
13 221
19 84
42 124
42 80
38 52
31 237
24 172
14 28
16 155
27 231
42 72
38 165
14 126
44 284
32 203

21 120
27 268
26 142
12 113
44 235
27 123
36 264
47 43
32 261
10 250
16 212
11 226
47 232
20 131
17 122
11 238
44 19
20 212
34 32
33 32
45 153
40 59

25 194
41 265
29 40
13 129
20 218
10 59
37 270
10 88
10 132
36 79
49 146
46 75
25 195
36 117
17 228
40 260
35 123
31 276
22 19
12 229
46 79
30 12
11 50
11 185
28 244
42 209

24 192
10 105
10 10
21 113
38 67
26 156
42 52
12 262
40 204
21 82
31 166
41 33
28 193
22 48
23 113
39 142
14 110
41 37
44 261
16 148
20 29
40 121
44 163
47 99
48 173

18 202
17 94
44 258
34 192
34 86
47 65
12 174
32 78
41 73
25 91
21 61
17 36
23 143
11 208
49 80
26 257
26 61
24 217
14 239

29 67
25 70
32 178
44 143
44 219
36 235
27 154
19 120
25 229
11 233
27 136
36 212
30 259
37 246
40 21
22 162
48 30
32 14
46 197
41 68
34 194
14 42
17 128
36 190
18 20
12 127
32 109
13 86
31 53
18 48

22 267
11 185
20 143
37 154
24 219
36 225
38 233
37 234
42 249
17 74
49 124
35 60
50 72
16 35
17 282
43 297
29 173
45 166
26 106
48 176
21 255
17 226
36 282

