64

19 226
26 295
18 236
38 126
41 112
33 53
10 272
35 49
26 186
24 192
20 292
47 280
28 157
25 278
15 124
37 145
35 98
26 220
45 185
38 223

27 265
41 58
43 272
19 230
27 89
11 264
28 143
19 293
44 51
42 62
30 253
29 259
26 63
45 143
50 75
13 135
36 167
41 243
10 121
50 285
23 33
14 287
24 68
33 156
36 24
42 42
25 201
18 243

22 28
27 86
40 292
46 29
46 295
47 223
41 12
14 227
47 243
41 62
30 60
45 139
25 101
38 15
16 298
28 293
45 268
21 163
25 151
35 290
26 101
12 263
30 187

23 62
44 111
15 205
46 33
39 111
18 248
25 253
43 295
18 53
46 147
25 188
12 56
18 268
19 144
40 160
14 59
35 108
26 170
40 188
45 105
13 133
10 115
46 298
23 238

28 263
39 97
50 67
32 87
24 241
13 28
27 269
11 108
33 141
37 294
29 112
31 70
22 142
48 33
20 62
42 18
16 40
48 22
47 143
39 116
39 131
48 54
27 35
49 172
43 108
50 113
50 91
39 23
13 65

19 24
49 289
35 124
20 216
15 158
43 126
31 35
46 173
35 72
50 174
18 215
25 267
34 161
39 96
13 110
21 249
48 131
21 81
22 113
16 252

20 42
36 209
17 190
49 258
25 105
14 175
29 53
19 235
43 79
36 35
25 253
29 280
14 234
26 155
24 57
37 66
10 135
39 68
35 188
32 87
39 131

24 24
22 10
30 94
11 89
25 292
42 211
23 170
49 104
45 86
20 156
35 62
40 270
16 50
25 53
38 268
48 68
13 167
24 292
11 51
19 162
22 56
12 163
35 274
19 12
14 108

13 51
27 231
36 118
31 149
11 249
25 237
43 97
34 108
14 200
44 48
46 11
19 37
20 197
36 256

30 289
34 163
45 113
27 93
26 257
39 292
14 96
20 160
48 290
26 111
33 295
10 249
24 273
36 199
13 254
16 112
19 18
42 117
18 153
15 247
47 81
13 100
27 196
16 16
30 84
15 155
23 297
39 52
16 21
42 248
10 284

30 276
32 70
21 294
48 129
47 277
12 161
18 186
47 110
42 208
40 221
16 66
15 125
50 138
20 28
34 293
13 48
10 36
35 216
26 18
35 218
43 48
25 64
30 229
11 86
27 24
23 18
10 188
39 300
35 109
15 208
22 176

12 29
14 258
41 89
38 249
38 104
30 43
14 109
34 195
33 62
14 204
46 31
23 177
44 126

26 248
45 285
31 165
29 130
13 102
38 172
42 27
33 22
15 255
43 28
27 31
11 83
47 41
17 261
11 149
30 105
42 158
33 210
10 118
14 20
23 238
38 289
31 210
30 82
33 96
39 232
35 241

14 42
35 121
11 176
33 216
21 11
48 16
21 206
30 215
38 286
16 257
12 276
12 12
11 165
41 271
28 192

27 241
32 241
33 97
46 97
10 190
23 196
43 277
34 54
18 274
47 152
11 103
30 62
24 277
10 81
45 76
24 100
48 240
20 153
13 83
35 126
29 182
16 265
10 187
30 161
19 96
30 277
35 142
43 226

11 33
21 127
19 232
32 252
48 173
24 92
33 203
33 279
28 108
13 100
32 240
19 222

30 276
42 41
49 95
31 96
23 131
50 190
14 64
37 139
16 185
26 180
30 236
35 164
13 245
42 113
13 109
16 163
23 91
27 83
37 48
25 94
30 282
13 180
26 274
16 71
35 245
29 206
23 227
47 10
31 129
34 277
35 160

22 268
45 49
38 276
26 138
15 136
44 278
33 18
33 48
38 86
14 156
27 247
21 158
32 158
36 109
22 268
42 274
35 137
18 206
46 178
43 102
26 14
39 270
40 149

25 142
15 195
40 13
29 145
21 122
38 295
15 82
24 293
39 157
33 64
41 18
24 81
17 34
36 237
15 144
25 220
16 125
16 36
33 206
30 104
38 20
20 25
38 250
43 299
29 296
44 217

27 282
11 53
18 13
38 43
31 234
10 115
10 215
29 250
36 167
32 70
47 244
31 246
49 42
10 286
19 253
16 235
15 20
49 229
10 64
22 219
40 10
35 246
32 189
44 131
25 262
22 174
16 255
38 57

25 277
27 54
30 257
20 45
23 41
30 212
46 54
42 293
14 216
40 199
28 98
44 141
20 39
11 77
12 54
50 186
45 126
22 187
32 76
10 82
37 201
25 63
29 123
18 234
43 94
36 197

23 56
46 110
26 21
18 296
27 29
44 34
14 193
36 57
14 184
47 293
25 54
18 225
19 261
26 24
45 31
26 26
41 264
12 201
49 299
40 220
25 262
21 276
38 285
28 231

20 287
29 129
49 246
35 155
34 167
15 252
18 241
10 26
14 223
49 182
11 285
10 56
13 210
17 288
28 193
48 281
48 288
50 56
29 204
43 252
42 54

17 206
14 245
36 168
10 178
20 172
20 207
38 268
17 244
42 100
32 10
25 245
33 37
41 220
48 24
44 252
49 197
38 89
43 165

27 287
44 248
34 36
12 129
10 221
46 93
44 239
47 57
22 167
44 197
32 96
36 300
30 104
44 29
24 178
26 166
27 159
30 100
33 72
13 128
47 271
49 152
23 199
34 89
43 116
35 163
23 281
19 264

22 77
12 109
19 232
23 190
25 116
40 30
44 67
46 242
48 198
14 50
21 272
36 62
13 298
11 119
37 251
37 23
15 30
44 184
42 108
32 247
44 257
10 86
43 80

27 272
20 86
47 214
31 142
18 150
25 131
30 117
41 195
16 117
38 68
18 14
11 176
32 41
42 277
44 14
29 142
32 61
30 291
19 42
16 111
27 24
38 127
29 194
22 89
41 82
33 137
35 243
44 212

10 233
15 256
49 194
36 59
46 291
45 233
26 26
33 89
46 295
16 237
10 18

16 203
27 31
35 248
35 129
16 149
45 294
20 215
12 47
32 208
27 25
17 188
26 86
25 145
46 182
30 99
28 229
22 132

19 262
27 218
19 168
48 43
26 99
43 265
49 250
13 162
40 218
45 98
42 292
33 146
33 67
37 283
40 179
46 184
17 299
21 233
36 100
20 200

30 253
45 200
40 33
29 160
26 89
20 18
24 104
17 49
49 70
44 43
38 247
43 229
14 12
20 32
45 284
49 90
11 81
49 73
11 139
43 217
48 10
28 229
13 159
31 113
37 139
30 227
33 186
26 288
50 17
40 80
10 38

10 142
37 253
33 32
14 275
23 243
48 95
50 208
28 186
38 52
47 36
45 80

23 36
41 163
16 257
11 183
14 109
24 21
33 155
14 151
46 57
22 36
46 176
40 105
33 265
28 284
21 83
32 290
13 53
28 82
37 128
46 15
11 234
48 125
15 243
32 138

28 51
17 288
26 90
46 241
14 278
47 237
20 201
17 276
13 39
44 231
24 186
43 187
11 256
23 85
48 61
49 282
47 206
37 186
21 186
15 139
30 299
36 168
40 220
11 90
20 53
50 300
10 283
13 31
14 294

30 71
19 146
29 196
24 165
21 116
47 251
12 86
35 38
15 38
28 27
17 125
19 157
39 14
42 274
41 135
25 101
25 63
25 136
40 59
44 148
41 52
27 253
24 149
41 268
37 91
26 139
20 87
35 253
31 43
33 249
27 256

27 276
10 124
40 37
29 273
47 285
23 248
12 10
43 92
24 272
36 47
27 109
41 57
36 103
28 17
20 237
21 281
35 31
28 90
13 122
29 176
42 236
33 41
17 44
13 273
33 292
16 102
46 73
10 56

16 159
30 189
23 138
33 104
26 205
43 251
10 137
36 75
30 162
18 259
13 202
49 141
40 195
46 271
39 93
34 249
20 149

27 226
19 157
47 189
18 289
24 202
23 233
37 163
12 270
32 19
28 270
21 230
20 100
35 36
19 179
40 242
32 300
29 71
25 104
26 136
15 73
30 103
27 245
27 176
28 181
41 229
46 163
19 111
28 186

11 265
36 111
50 291
45 201
18 264
11 86
17 68
30 299
14 190
11 66
32 250
33 280

19 184
19 263
34 244
34 78
14 68
36 258
16 102
31 257
44 295
24 222
20 259
34 204
28 30
50 273
17 242
45 145
29 219
43 210
11 230
21 112

13 53
30 281
30 158
25 97
15 142
46 197
49 28
23 203
26 51
37 66
35 27
11 187
17 148
42 293

15 73
25 276
25 108
44 265
27 296
42 68
15 190
30 169
37 21
23 132
44 51
13 48
13 211
48 186
24 203
31 239

29 229
13 274
34 282
49 79
36 95
46 181
36 184
18 82
17 178
36 10
33 119
16 87
35 253
20 183
19 68
14 272
23 143
26 69
30 112
14 137
27 110
34 130
47 220
45 143
43 179
20 275
33 148
16 171
34 138
23 144

21 166
30 94
23 256
32 92
35 288
28 257
10 239
24 25
31 99
29 34
33 267
20 101
10 297
14 205
45 235
44 218
50 270
18 211
11 56
37 177
33 181
46 53

16 37
38 224
30 150
12 104
34 93
17 194
44 150
29 17
30 204
36 65
36 122
44 101
33 257
48 242
15 160
17 195
46 196

29 251
10 228
19 35
12 87
18 286
23 21
49 185
10 57
39 53
14 30
37 252
16 271
19 250
50 71
38 65
10 255
10 150
15 17
44 81
41 78
23 215
27 81
32 90
24 111
11 118
23 257
29 20
46 137
29 190
15 148

30 191
15 227
43 196
26 145
18 19
48 68
18 99
47 300
33 84
49 100
34 92
50 116
26 133
23 45
14 50
19 128
21 25
39 173
28 240
33 233
25 196
44 118
22 31
19 273
35 219
15 202
19 172
16 41
34 239
23 26
25 126

17 286
39 48
50 44
22 289
48 276
13 190
12 258
19 297
50 91
13 214
37 268
35 85
47 22
27 207
27 119
49 131
30 238
41 77

18 214
25 176
25 205
50 103
48 146
26 31
16 171
20 94
33 164
32 97
25 44
27 243
41 174
16 186
40 123
16 162
44 134
20 276
41 145

22 73
42 165
39 172
26 120
21 294
36 181
33 220
20 240
49 52
34 43
31 137
12 125
11 97
41 120
42 84
19 276
46 141
30 196
47 84
36 117
41 66
29 58
41 175

17 170
49 200
41 195
23 133
30 157
48 53
50 210
33 268
27 292
33 47
38 275
20 226
26 263
49 298
19 208
41 111
24 96
31 230

29 46
29 201
28 257
32 84
12 265
38 216
42 200
17 131
19 212
36 73
34 273
37 271
36 116
31 211
34 120
29 234
15 265
19 90
49 228
46 32
20 237
16 248
21 20
43 26
31 201
44 283
20 298
35 73
33 50
30 120

11 83
10 72
50 287
19 12
43 83
12 298
10 194
47 98
48 171
38 108
29 251
33 107

30 189
42 280
26 53
18 201
39 262
43 141
35 146
16 192
25 277
29 33
30 109
43 165
44 241
25 185
11 115
39 158
44 106
33 26
41 227
15 28
14 208
31 193
11 269
19 186
39 16
44 20
37 152
24 117
10 286
22 18
15 265

27 97
31 59
25 236
26 38
48 244
19 83
32 18
16 190
40 231
10 73
31 257
50 182
13 241
21 152
10 58
25 190
50 67
49 237
27 177
20 225
34 177
18 239
15 113
17 248
20 135
21 269
23 280
45 28

21 296
31 283
10 70
23 23
14 77
47 88
45 176
41 256
35 277
39 82
19 74
13 53
13 217
43 46
11 40
15 285
11 76
25 32
41 183
35 246
49 31
50 130

23 275
40 162
14 117
28 244
36 213
36 58
49 82
11 90
45 16
27 277
15 143
12 85
26 169
14 260
20 229
10 110
47 96
10 229
28 285
15 28
48 140
50 108
36 218
21 188

22 95
14 52
40 220
33 241
21 76
12 241
25 199
40 148
31 66
28 62
13 106
28 40
43 263
26 107
11 83
36 124
50 153
28 133
33 122
24 208
18 149
41 41
45 218

24 71
49 148
42 159
28 77
42 95
24 188
43 94
10 288
38 18
22 129
24 298
32 255
12 211
10 174
50 96
26 85
45 47
17 293
33 62
46 99
48 206
11 91
14 249
37 29
12 76

25 88
30 68
36 147
13 29
25 277
30 208
23 107
14 197
34 41
32 229
22 19
48 66
20 80
37 100
29 55
15 123
41 215
30 68
38 45
47 83
25 42
43 128
15 170
47 95
20 224
14 127

16 80
16 30
30 264
23 81
35 195
49 157
15 193
33 71
28 67
44 49
34 128
13 185
31 29
24 40
45 259
23 225
46 175

30 173
29 207
34 131
22 57
35 39
43 32
23 135
25 43
43 174
28 248
33 142
11 21
33 75
39 84
49 66
48 79
50 67
24 122
50 24
43 292
15 208
27 103
39 120
25 148
20 136
29 237
20 291
36 59
41 255
22 13
30 61

22 115
19 17
21 125
39 110
36 287
36 208
15 58
18 221
25 155
32 275
39 294
49 22
20 232
37 61
46 229
20 22
19 194
45 250
11 23
25 242
25 197
50 19
26 292

13 217
20 147
39 85
28 116
23 88
26 289
23 52
19 291
37 86
42 93
30 109
48 106
50 73
40 96

