66

25 57
48 295
22 215
11 266
38 276
36 252
24 184
45 180
15 77
43 106
16 298
27 97
20 238
23 239
46 72
12 117
35 72
17 267
37 31
37 147
43 275
13 280
16 191
44 140
22 41
29 124

13 221
40 59
18 83
11 254
50 187
26 150
31 223
38 285
22 181
32 27
16 120
10 88
36 21
16 174

22 57
28 206
44 92
45 252
11 251
36 293
45 86
16 107
50 89
42 175
50 148
25 233
21 170
15 37
30 63
30 295
39 272
15 220
28 195
44 233
15 48
14 91
10 240

30 186
33 137
37 85
50 173
37 169
27 227
22 87
14 236
10 125
11 35
44 290
32 220
50 168
46 168
41 247
20 117
37 161
18 117
25 194
27 113
14 216
36 154
23 122
23 258
36 261
17 42
42 182
43 149
37 165
21 38
10 97

22 160
14 235
47 166
49 44
34 163
24 247
19 287
40 193
15 247
33 17
13 111
13 110
40 169
50 263
44 195
29 80
49 218
34 131
12 117
38 299
18 123
44 38
50 18

30 214
38 142
45 259
19 28
38 266
35 151
19 144
17 286
16 39
44 239
47 206
43 148
49 39
18 232
34 113
33 145
20 206
11 168
48 223
24 263
19 77
42 280
36 81
33 154
28 161
32 163
20 201
20 151
31 65
43 83
17 236

28 194
42 191
47 69
44 23
16 181
38 160
42 57
41 300
34 129
12 209
36 21
21 140
11 230
44 251
35 101
31 77
16 132
28 19
43 141
50 124
11 72
31 243
13 171
31 181
14 12
17 94
38 80
23 30
20 91

17 238
14 57
15 64
26 276
37 162
22 259
46 29
10 300
24 227
11 85
22 56
39 283
27 153
27 128
16 78
46 113
46 71
40 213

29 213
17 238
40 195
16 250
16 165
28 263
30 276
19 196
31 176
21 35
16 10
29 170
33 176
44 266
36 125
39 149
28 213
15 292
22 179
38 124
18 274
16 145
49 16
34 97
41 10
45 11
17 160
42 31
18 98
37 135

19 242
11 70
28 279
14 152
41 189
30 297
11 297
22 90
32 122
40 153
27 298
42 32
40 143
31 290
32 289
48 110
48 247
48 153
36 15
37 124

16 94
13 164
25 275
20 199
32 122
29 196
11 53
30 209
13 225
19 24
15 104
35 245
45 62
12 262
13 250
22 286
33 220

14 64
29 217
13 237
37 23
49 278
17 234
13 197
31 55
47 264
30 56
44 286
31 171
29 278
26 167
28 122

13 10
15 112
37 162
21 71
46 195
50 88
47 100
38 20
33 161
29 213
18 106
22 245
48 185
32 184

11 134
40 188
32 55
38 45
25 123
29 92
29 88
35 82
17 278
35 267
11 152
42 181

23 267
10 22
29 142
28 150
43 173
34 223
39 108
21 299
30 124
12 72
21 13
47 222
11 250
29 218
36 98
36 14
28 174
34 54
28 281
43 215
28 206
38 170
24 152
43 206

11 217
43 127
12 204
29 195
28 68
44 186
14 140
49 271
13 91
49 83
47 92
39 133

18 190
10 148
46 202
40 91
18 280
43 299
41 26
28 66
10 171
40 39
21 86
20 28
41 296
49 89
12 234
14 219
18 101
12 257
16 161

25 86
36 211
39 85
41 167
42 279
38 148
32 275
21 252
15 215
15 201
21 254
19 213
12 18
25 132
48 36
30 110
36 203
17 107
36 108
25 294
11 141
26 100
12 151
44 155
16 117
15 34

13 38
13 154
12 153
11 218
13 90
23 48
10 31
38 240
40 137
17 251
46 71
39 52
37 177
33 201

25 186
22 41
40 104
31 189
32 216
43 260
26 89
24 238
25 232
21 164
41 210
41 72
18 89
24 174
49 256
39 63
17 106
33 265
35 277
17 244
44 253
33 150
25 88
46 257
27 223
36 87

10 65
38 210
16 74
47 153
42 76
11 227
20 15
12 273
27 138
32 14
39 217

12 168
33 212
11 116
14 202
24 156
29 65
35 242
21 239
36 187
23 59
14 90
20 233
19 217

12 93
28 66
40 25
13 59
25 42
22 224
31 158
16 92
31 186
38 245
41 40
30 135
49 121

25 217
46 108
18 233
42 160
19 144
47 12
21 91
27 224
37 36
31 48
29 193
48 70
17 284
26 15
37 255
40 270
36 40
24 170
10 78
10 109
14 45
38 228
23 235
42 148
16 235
31 22

27 250
33 41
34 298
24 180
16 160
29 265
16 24
28 47
33 123
24 59
50 296
29 262
27 62
21 216
27 147
49 188
47 224
40 142
20 232
32 177
24 224
37 193
36 190
20 230
20 50
15 260
12 15
43 51

11 170
20 110
42 145
34 105
44 24
24 13
24 166
42 267
10 226
15 234
19 166
43 213

24 213
42 180
20 38
13 31
27 188
11 55
35 268
18 245
30 174
14 63
22 106
32 105
45 204
50 266
15 239
46 46
28 177
48 290
45 274
38 297
15 135
16 230
15 215
31 217
16 37

25 160
35 160
17 72
13 200
20 78
11 141
11 159
16 196
30 205
26 162
41 200
41 297
46 211
29 227
15 215
12 19
22 63
21 156
50 234
44 62
17 98
14 154
23 28
30 23
10 103
49 35

22 109
11 107
17 231
17 62
40 290
25 123
46 166
47 39
35 149
22 285
44 86
43 154
48 13
26 246
39 128
12 224
35 280
50 135
25 220
15 176
42 164
33 148
15 146

20 110
31 96
13 284
24 232
21 16
18 79
49 84
49 154
13 76
36 282
33 122
21 105
49 19
25 64
10 248
35 196
41 278
43 211
22 19
35 15
49 78

17 207
30 53
16 77
47 81
42 197
21 55
30 187
43 46
50 189
38 233
30 109
13 39
19 281
39 142
39 212
49 253
25 133
44 30

10 122
34 104
46 248
45 246
46 143
22 208
46 219
16 142
41 54
26 266
34 290

29 84
42 259
23 283
15 96
15 293
18 297
42 152
26 64
44 263
39 133
42 247
11 175
23 22
13 288
44 267
45 164
13 221
21 156
15 65
40 11
24 234
19 22
37 195
13 243
16 243
14 187
26 251
37 156
32 280
41 158

26 102
28 85
30 201
41 212
28 111
27 257
27 39
33 123
25 241
23 271
42 18
13 107
42 142
15 162
14 99
18 236
22 120
47 84
23 124
21 64
49 168
14 186
28 210
34 89
13 91
47 51
45 43

27 99
12 206
31 132
25 264
16 168
18 26
13 260
21 121
28 39
48 69
16 64
22 15
29 208
50 103
22 160
36 209
36 183
31 22
27 77
38 294
21 209
44 32
48 162
44 170
31 139
17 182
28 108
42 246

22 188
44 276
19 153
30 291
44 197
24 142
24 284
32 82
39 48
30 44
44 147
42 138
45 71
31 299
48 93
43 115
10 259
15 197
50 51
31 51
13 160
18 167
15 42

16 90
14 170
12 97
17 90
23 149
18 290
29 234
34 261
38 34
21 140
25 94
29 40
18 110
25 264
45 64
18 80
32 66

27 266
13 163
32 203
50 29
22 179
16 39
26 270
41 68
45 147
39 267
19 28
21 189
26 166
32 294
23 178
14 80
41 145
12 185
11 292
38 209
19 127
22 266
40 189
19 232
25 192
47 153
38 248
25 174

25 258
16 208
24 250
16 220
34 206
31 117
25 85
17 52
16 51
24 246
32 121
29 102
25 87
27 286
48 76
41 273
42 167
24 154
13 253
39 85
42 128
45 280
21 154
21 144
25 95
43 10

26 112
27 67
45 154
30 62
34 195
28 215
43 89
16 296
48 187
22 210
36 17
36 56
43 59
28 197
45 26
23 39
18 227
15 243
19 219
39 147
39 252
43 58
44 297
28 216
38 45
19 236
38 239

23 229
15 208
42 288
45 299
15 132
19 64
27 138
10 124
42 242
40 228
46 153
37 176
40 17
33 288
17 35
50 222
39 61
10 172
22 221
29 12
20 94
25 190
27 250
23 152

27 126
18 197
30 40
45 156
30 215
42 283
31 24
42 266
11 157
37 210
19 27
34 53
23 158
33 10
10 36
10 177
17 17
18 169
24 11
46 142
15 21
15 156
17 123
24 155
23 198
34 228
16 86
27 98

20 237
48 173
20 239
23 204
11 51
40 125
43 64
41 184
28 163
38 164
20 95
13 145
37 26
36 36
38 93
45 283
48 282
32 246
18 299
48 103
10 300

12 232
47 19
28 220
38 193
48 243
45 55
38 169
33 225
15 72
38 281
15 123
44 256
19 17

21 111
22 257
24 239
18 127
18 19
11 269
32 192
42 32
22 264
36 220
10 282
40 83
31 94
23 176
47 281
17 38
13 264
36 43
49 103
47 292
28 158
22 252

16 154
36 280
19 52
24 226
19 158
17 86
28 87
18 65
18 149
13 222
50 118
37 43
32 257
42 227
12 209
48 195
22 171

17 240
18 274
24 11
45 138
10 274
23 26
42 26
49 94
31 199
25 31
27 291
50 287
20 55
23 244
20 72
20 186
30 195
37 188

24 254
21 88
48 143
24 90
16 40
47 51
40 299
46 85
31 259
10 224
31 263
26 276
41 259
39 72
19 257
31 56
32 293
29 50
15 294
20 122
48 80
34 192
29 266
12 198
38 289

21 128
16 249
35 182
28 92
25 222
48 144
24 243
12 240
48 181
46 266
27 270
22 151
26 169
49 153
12 211
45 209
36 137
50 265
26 189
47 52
41 139
41 64

28 163
19 93
20 291
26 162
18 66
50 218
31 159
15 292
42 300
42 99
15 21
34 250
16 55
26 81
14 257
30 131
34 199
41 156
33 229
30 203
27 139
17 57
16 83
18 126
27 52
36 81
25 226
48 179
36 49

24 244
21 198
32 120
49 121
20 20
40 162
46 283
35 283
37 22
47 131
38 214
10 223
37 199
32 203
25 97
10 35
27 124
32 175
20 179
31 237
17 101
19 67
13 244
23 53
15 144

10 58
48 143
37 148
35 103
26 240
19 199
32 52
32 142
19 254
23 268
47 268

22 227
39 254
25 194
28 266
12 95
40 231
17 238
26 206
21 223
28 40
36 238
13 119
32 202
35 188
36 177
12 291
31 144
22 31
12 43
44 104
25 268
12 207
14 29

24 63
34 143
27 227
21 268
10 164
21 43
22 190
13 202
47 247
42 98
28 18
10 197
33 182
18 291
15 84
11 269
24 300
15 137
18 281
32 159
34 41
26 65
45 299
38 67
18 236

11 199
30 180
17 188
42 270
39 67
32 283
23 282
40 237
29 185
12 300
32 286
24 75

30 267
10 84
47 164
45 127
36 266
14 237
31 266
19 105
11 95
19 13
25 213
35 181
47 210
35 73
47 47
25 146
19 90
25 202
21 180
48 222
44 191
25 244
33 40
50 145
37 205
33 292
44 56
27 245
24 26
28 297
19 269

23 161
43 216
44 77
33 11
48 182
18 287
31 21
44 210
20 287
10 55
21 235
12 207
20 105
40 30
11 80
20 251
26 279
12 99
33 180
21 295
11 249
34 98
36 209
36 232

20 105
43 72
20 252
47 180
20 167
11 163
33 171
19 281
18 179
29 71
23 72
12 284
26 209
39 187
17 34
34 285
10 91
24 33
44 139
15 70
17 150

11 284
45 284
43 98
45 262
19 286
50 117
43 193
43 144
48 245
19 242
22 226
34 291

23 264
41 48
45 181
44 23
14 275
16 223
19 245
38 147
36 112
45 284
48 57
35 180
22 19
29 137
48 256
16 139
35 221
15 132
28 267
50 33
31 46
49 152
13 268
41 41

25 138
32 265
15 188
46 254
26 197
26 74
36 194
31 280
41 18
31 228
46 268
18 78
25 28
45 65
12 167
34 163
10 227
39 48
20 90
17 140
33 279
26 238
36 52
50 71
37 123
50 34

29 203
43 153
22 115
11 79
23 214
22 279
42 229
30 127
18 204
35 190
13 213
22 79
27 60
29 292
26 13
35 162
42 286
32 53
38 10
15 264
22 117
42 61
11 287
37 156
34 44
43 176
29 154
12 136
47 77
15 33

20 185
16 134
46 50
18 186
38 155
39 264
20 227
13 34
33 207
42 287
39 112
31 243
47 237
23 139
36 29
39 224
30 156
21 114
41 203
17 21
22 191

28 42
21 26
25 211
36 272
39 174
16 39
14 129
10 183
13 245
23 194
28 118
41 60
13 145
26 143
36 139
15 243
27 252
26 138
21 129
12 143
38 19
23 180
37 114
38 294
41 91
38 246
37 126
18 169
21 163

19 136
15 41
28 77
32 214
41 236
25 274
17 90
19 125
47 232
13 249
39 133
43 42
16 60
49 271
29 226
11 112
45 264
29 147
24 129
19 143

19 286
37 240
34 218
30 293
21 220
21 142
27 203
22 220
22 221
21 225
50 90
33 124
43 199
16 215
41 119
12 268
11 158
23 91
48 197
39 290

