67

22 227
50 270
28 84
43 291
18 265
48 132
37 187
41 81
40 254
50 182
16 117
38 107
11 126
23 300
30 259
29 52
22 231
22 276
29 142
42 65
27 158
44 294
33 189

10 273
47 238
20 24
26 64
38 132
41 99
18 282
42 190
42 277
39 29
50 117

29 232
26 167
48 29
47 269
39 262
35 165
12 245
24 220
10 79
22 140
18 168
24 193
44 233
47 98
33 85
44 107
40 12
15 46
35 190
39 44
14 226
13 230
41 79
29 101
50 92
28 266
49 133
33 63
24 88
45 129

27 239
18 232
35 263
12 287
18 23
17 43
27 246
28 258
29 66
18 248
10 249
33 260
42 30
27 109
13 90
20 248
39 241
21 224
32 128
24 237
36 280
23 39
37 108
22 173
36 255
26 69
34 45
12 241

10 185
22 36
21 180
32 250
11 95
42 201
27 24
40 68
37 77
15 49
21 112

29 258
42 122
39 135
16 51
33 188
33 168
26 178
34 182
47 47
32 207
20 72
29 238
15 165
41 166
32 250
50 182
48 211
43 289
31 70
25 271
10 188
17 50
46 41
40 206
30 246
30 118
47 183
49 27
39 66
25 121

13 186
22 133
34 109
13 108
23 89
39 278
46 164
45 254
29 250
24 18
29 62
45 136
30 246
24 157

26 292
42 81
37 107
16 102
30 223
18 12
34 43
22 60
23 259
30 48
37 142
46 223
26 229
11 242
32 234
26 256
41 103
33 192
19 279
19 292
39 116
38 58
45 49
37 54
22 57
38 162
40 122

29 98
37 299
33 37
23 239
31 184
13 192
13 168
30 219
31 35
48 270
13 182
34 135
44 164
44 52
12 87
38 72
48 102
22 179
32 43
37 299
48 111
46 70
47 122
31 196
22 134
35 95
35 292
47 53
31 267
48 42

29 35
28 19
33 294
35 291
15 58
47 137
16 131
19 126
24 96
29 58
28 39
32 197
44 132
18 146
20 277
19 288
23 246
14 183
43 127
50 68
13 175
20 271
23 283
39 25
14 158
37 183
32 75
49 40
18 113
33 97

24 21
18 280
48 32
43 158
40 200
20 32
42 11
47 114
42 77
12 158
20 119
29 169
33 262
41 275
20 26
23 77
31 126
37 201
50 31
37 286
13 195
17 237
16 286
17 64
47 63

25 219
17 228
36 173
41 204
50 68
18 116
20 58
30 211
13 159
24 35
34 256
34 287
22 269
19 295
41 240
10 272
44 99
26 297
14 192
40 194
49 236
33 57
41 172
47 255
32 243
10 283

25 92
34 289
20 22
32 11
35 18
24 260
18 28
36 258
14 103
30 107
36 39
31 27
24 13
33 132
22 81
24 123
42 99
15 159
43 126
24 80
24 245
28 146
49 255
22 172
46 10
48 35

24 65
22 222
29 255
45 225
20 176
14 29
15 131
23 81
47 108
27 78
27 118
35 34
44 165
27 58
49 105
40 136
46 21
41 195
35 119
21 23
33 102
44 211
36 211
10 22
27 16

11 292
26 60
35 91
12 222
33 298
27 269
48 175
28 252
23 270
22 78
16 123
41 190

11 126
35 183
41 69
11 167
47 55
32 287
46 164
11 288
31 238
44 279
49 192
32 274

17 120
30 125
30 96
39 46
10 17
43 198
10 226
42 165
33 15
43 162
15 270
34 24
49 137
48 168
25 280
36 177
26 97
47 41

18 197
10 73
40 246
22 121
47 77
44 89
11 90
26 43
13 225
18 154
37 256
45 256
48 31
23 167
46 42
17 137
12 177
31 223
24 140

23 207
10 28
36 215
44 123
16 125
30 165
12 28
35 57
39 246
48 56
19 59
34 217
21 76
50 94
43 264
23 148
45 130
43 61
17 170
37 63
49 68
49 51
44 289
43 158

26 283
35 74
21 41
46 264
12 142
14 217
13 125
14 199
47 88
13 204
18 220
19 273
23 45
42 52
15 192
16 102
14 42
23 261
28 115
41 73
41 12
16 144
46 130
15 22
13 26
10 122
42 167

19 176
23 207
29 225
41 212
19 272
20 203
32 45
35 149
50 182
50 268
44 237
22 244
14 275
24 48
48 34
14 106
31 174
28 242
38 169
12 230

19 151
31 40
43 267
38 295
23 38
10 68
21 121
14 58
49 201
26 91
43 243
31 164
47 217
18 189
50 10
47 296
41 127
36 56
33 293
34 68

12 198
49 124
50 160
42 207
39 54
25 98
28 264
48 187
38 271
41 132
16 173
28 128
27 260

22 241
17 119
50 43
30 100
12 275
10 265
31 183
15 136
45 98
49 263
20 142
18 211
31 35
15 295
43 31
32 181
36 191
24 253
18 81
29 274
20 284
46 126
29 50

26 20
22 74
20 280
11 173
47 270
23 21
50 188
33 282
40 193
13 11
27 289
41 169
43 71
17 38
31 108
41 237
21 76
26 181
17 106
36 237
26 290
38 268
10 36
40 257
40 19
31 69
30 228

16 226
23 200
38 223
43 83
41 261
34 45
36 160
31 233
15 247
38 117
17 70
23 297
37 250
20 126
15 140
40 273
40 35

12 62
45 227
27 94
21 40
27 222
31 297
46 153
28 124
22 189
18 286
49 216
32 292
36 228

16 265
31 235
23 66
16 128
24 23
34 208
14 20
23 236
46 134
50 24
27 140
10 177
10 291
19 82
12 236
39 21
15 164

13 242
49 166
42 131
23 130
30 64
44 128
32 144
15 177
17 244
42 233
35 162
31 214
35 111
35 50

19 183
50 28
37 185
49 245
46 259
13 296
12 70
14 208
21 175
46 238
44 241
50 288
35 49
14 236
31 61
16 20
24 18
12 242
46 210
12 103

24 106
37 50
20 48
38 54
30 258
42 138
26 286
12 94
28 171
15 288
22 107
42 194
11 284
50 115
15 154
47 136
37 95
46 206
26 118
24 205
22 203
30 226
11 189
49 239
19 146

20 161
45 300
20 201
15 250
19 253
19 88
22 10
38 159
46 74
27 46
27 107
12 151
37 273
17 62
25 253
43 35
16 106
29 253
18 117
45 271
50 207

16 95
18 247
12 264
33 95
31 261
30 214
32 94
16 184
48 75
50 77
19 143
11 21
27 56
32 103
27 50
42 32
34 199

28 177
49 68
24 294
28 79
17 20
15 208
46 198
27 37
43 298
21 17
48 290
24 101
29 222
39 162
46 202
46 33
28 209
37 91
12 225
40 128
31 290
44 134
23 49
21 19
10 35
47 299
12 161
35 66
44 174

27 177
44 158
36 245
15 66
33 183
28 102
44 36
38 244
29 64
45 50
11 26
27 184
26 66
35 250
22 31
43 121
49 256
48 86
33 170
26 287
48 50
31 199
13 230
12 234
40 163
35 277
40 255
47 261

21 249
49 51
35 73
12 274
29 292
32 35
27 195
34 96
22 66
13 12
35 81
28 86
44 10
10 140
24 212
12 277
23 199
34 38
46 263
15 85
11 275
25 141

11 178
47 140
50 171
49 38
36 188
44 224
26 195
26 288
15 193
50 278
28 47
15 163

27 269
44 76
33 113
29 209
40 275
25 127
46 263
16 51
30 238
33 236
45 108
36 64
45 289
15 27
42 256
43 233
49 281
26 167
29 69
30 39
37 50
44 207
20 64
44 296
49 276
11 15
22 103
30 249

24 66
22 262
45 290
23 97
37 157
20 53
36 296
14 110
14 61
15 80
14 103
19 96
17 30
13 122
36 53
17 285
50 249
17 289
44 30
29 149
36 112
34 210
14 95
32 89
39 212

19 33
27 175
13 191
45 186
11 116
39 267
13 187
22 109
26 21
42 271
23 105
50 112
14 162
50 29
34 146
25 264
41 239
46 198
13 199
27 105

14 222
11 248
44 279
37 227
39 284
11 134
14 110
39 284
20 67
24 76
42 115
30 66
16 271
14 120
13 16

21 196
20 166
42 291
24 144
23 175
15 152
33 65
29 182
47 251
41 81
33 237
48 238
17 293
45 178
31 196
22 245
18 282
38 52
14 96
46 171
31 89
20 89

18 87
21 61
39 274
29 274
35 170
50 70
36 250
38 92
39 200
21 270
14 49
41 101
16 259
49 204
43 95
43 233
27 197
12 193
20 69

28 32
18 248
31 12
44 192
32 220
34 100
25 193
23 216
42 102
29 191
41 28
29 205
43 189
25 26
39 80
41 196
10 253
39 60
49 94
49 37
28 155
38 73
42 57
40 34
50 185
36 144
48 135
11 180
30 36

15 169
45 33
32 203
12 139
36 69
23 59
19 287
35 40
28 169
21 89
18 92
33 138
11 232
24 199
50 138
33 51

28 249
24 61
39 198
23 241
30 272
50 208
47 270
31 43
39 145
50 25
47 244
17 237
35 218
28 114
33 26
13 19
17 126
35 197
29 252
43 231
24 46
32 227
20 30
18 105
44 278
48 88
24 70
18 130
44 61

11 54
22 25
42 47
22 99
32 172
43 96
22 101
48 277
32 239
22 43
21 201
39 173

20 284
26 277
34 283
19 36
43 112
23 291
43 20
37 29
17 217
30 36
45 220
48 283
22 224
27 169
21 215
12 278
47 170
41 115
26 299
33 31
35 244

18 218
46 112
20 143
11 136
24 41
29 110
40 139
15 182
34 241
28 40
43 176
11 47
24 193
41 171
32 251
19 182
16 92
26 128
26 189

23 77
20 280
28 107
31 101
25 31
20 117
47 89
17 234
20 64
30 235
17 107
45 31
15 227
37 47
29 102
47 51
25 114
47 141
24 211
41 226
43 190
38 76
16 225
44 280

25 289
33 85
34 131
41 99
13 19
44 269
12 259
30 283
11 239
24 64
30 238
39 67
20 244
49 289
39 178
19 149
31 213
40 187
31 259
41 197
17 191
49 137
12 261
45 139
21 133
42 234

12 233
23 66
49 155
17 49
23 120
22 23
41 224
34 151
13 228
38 73
31 94
35 20
44 131

29 188
38 153
19 279
38 68
38 203
34 224
48 40
23 151
18 118
24 210
23 64
29 102
45 205
33 169
37 194
17 105
23 116
50 298
42 220
35 47
33 137
18 259
11 199
21 236
22 178
50 262
26 201
26 97
26 32
34 23

28 95
19 120
38 169
25 216
49 165
27 96
34 263
16 135
12 134
15 235
27 55
24 112
49 94
17 123
27 62
23 272
35 217
50 262
40 160
16 214
23 181
44 90
12 182
14 224
41 144
23 263
29 132
30 82
38 44

24 247
47 15
31 30
11 55
28 270
27 16
15 154
26 51
36 222
28 290
27 61
32 258
42 173
16 71
30 254
44 283
49 15
13 60
34 280
32 44
49 293
36 54
18 82
46 270
16 149

15 168
42 144
10 120
16 188
33 38
30 195
12 256
14 201
14 288
46 186
41 126
41 127
18 237
36 44
24 210
29 148

24 72
29 133
28 48
21 161
35 263
33 295
25 22
33 289
26 132
39 234
40 186
16 169
45 212
41 164
28 42
15 165
34 35
39 31
22 139
37 39
17 81
10 161
20 194
14 63
39 141

12 72
39 75
17 82
29 76
40 161
24 53
34 100
39 206
30 151
17 133
45 104
36 163
15 255

28 175
47 168
10 57
38 274
26 61
21 297
13 71
12 142
24 87
22 300
22 190
23 61
13 114
24 27
43 266
21 54
10 273
33 256
31 181
29 215
40 196
42 225
40 166
30 41
19 36
14 240
20 242
18 297
43 130

28 163
48 202
23 94
38 114
19 48
12 50
45 10
24 102
29 24
22 155
39 25
25 299
36 14
25 27
48 101
28 141
36 299
42 273
14 138
45 276
18 94
24 215
41 174
18 92
32 60
12 27
37 181
26 44
30 42

30 240
39 295
24 27
29 168
17 95
40 29
16 218
27 287
41 28
26 189
22 110
49 266
46 176
28 102
47 221
23 291
19 259
31 88
23 246
47 151
28 184
35 145
12 252
32 259
49 48
30 136
20 155
19 62
47 238
20 18
39 265

20 223
48 75
45 214
24 137
29 35
14 220
39 68
18 58
44 48
46 271
19 124
48 286
10 34
31 121
48 75
41 68
10 217
22 103
40 116
47 63
21 197

15 44
40 176
35 129
25 195
45 216
41 185
46 152
32 37
17 119
22 295
11 170
12 278
34 135
40 60
23 285
19 25

15 12
46 230
36 226
36 126
45 41
17 263
17 238
15 188
29 212
36 244
50 104
46 176
10 41
35 59
31 186
29 68

20 29
40 176
27 248
37 29
37 179
19 69
34 143
22 258
31 41
42 209
48 209
10 160
43 67
18 13
16 11
43 297
29 18
10 67
32 13
26 211
12 300

13 36
50 79
15 65
20 167
47 262
27 239
50 99
32 185
40 34
20 170
43 231
28 278
31 292
32 256

22 227
50 164
31 228
35 177
15 104
33 72
37 162
44 252
46 257
36 261
10 33
25 178
29 270
20 213
20 127
24 213
22 13
50 249
47 300
37 47
33 211
21 299
28 41

