83

13 193
22 263
36 250
34 82
18 151
15 204
17 130
18 44
48 199
18 20
41 30
39 176
16 292
33 131

13 94
13 156
35 218
40 50
19 52
19 276
16 134
38 181
31 190
13 181
28 43
33 152
20 238
19 270

27 165
19 27
47 298
22 264
25 94
31 20
35 66
19 77
29 278
41 66
33 192
35 240
39 120
13 202
37 220
49 226
28 79
21 154
36 84
36 239
21 24
23 254
12 190
23 256
38 69
38 183
20 283
43 79

12 63
47 146
22 298
10 101
15 199
13 39
24 12
44 22
43 230
31 294
45 229
40 31
42 225

24 201
50 41
17 108
23 33
38 181
12 65
36 155
39 250
50 234
45 209
31 242
23 23
19 261
15 298
44 47
10 242
33 122
42 243
28 99
13 257
34 228
32 194
23 253
48 123
48 43

17 38
14 258
15 97
48 54
16 204
37 147
16 241
50 191
49 299
41 232
11 206
40 10
20 93
46 252
24 73
14 248
43 93
22 291

11 200
19 278
42 196
33 129
33 17
38 203
11 71
18 117
43 110
28 284
49 171
39 181

28 169
16 253
36 73
35 17
31 40
31 94
42 228
41 300
31 281
44 53
21 196
45 217
46 134
48 88
27 33
49 49
37 171
37 208
17 96
26 240
37 68
13 78
44 84
33 200
42 128
50 189
28 255
29 18
30 34

23 263
31 140
38 288
38 131
24 163
31 82
38 260
12 24
19 144
41 206
30 120
24 166
21 60
24 280
42 241
28 230
17 134
46 46
20 48
33 15
23 49
36 23
29 281
31 50

28 30
14 233
36 196
38 249
18 293
26 141
37 92
36 60
40 201
35 54
35 147
16 278
24 45
34 172
46 29
26 79
21 96
11 181
42 60
41 155
12 265
24 198
44 15
43 41
15 242
22 146
10 194
34 202
33 189

29 251
40 149
32 25
39 114
50 207
40 243
32 245
22 181
16 246
39 143
38 45
13 67
40 153
32 160
49 126
38 138
22 248
24 269
16 205
44 283
29 199
45 60
44 68
50 204
25 135
27 125
45 172
30 245
49 270
15 232

21 70
47 267
50 292
16 216
13 52
25 84
15 101
20 290
44 290
20 105
39 276
27 156
28 95
34 153
15 62
35 269
49 25
27 140
45 257
50 222
50 44
22 198

25 168
33 182
50 279
27 191
14 214
12 85
43 203
15 91
14 20
27 92
47 108
10 275
16 12
48 103
43 300
41 272
20 256
29 62
28 199
15 10
30 293
17 178
23 47
11 276
18 11
34 282

21 56
40 204
44 117
11 63
47 245
19 242
27 104
36 292
29 30
10 267
17 269
37 230
18 100
29 71
42 50
34 214
46 161
28 30
26 173
27 113
27 153
49 120

27 122
40 166
30 213
25 56
13 242
23 272
33 91
50 22
20 148
12 188
11 255
40 65
21 233
38 299
40 185
32 186
41 241
25 206
29 131
44 155
33 70
31 48
40 189
32 248
13 274
21 65
40 41
43 144

14 144
49 82
19 211
42 263
38 274
18 287
26 131
42 240
38 33
46 60
34 243
15 46
42 233
15 94
12 159

26 179
32 143
44 137
17 196
20 82
30 137
48 227
31 243
10 206
36 19
22 40
48 42
49 122
16 10
11 142
32 263
23 168
15 283
22 74
35 142
50 170
33 190
37 109
28 160
46 56
38 282
23 274

19 98
21 164
30 159
36 134
47 236
34 97
14 38
26 89
23 180
48 56
33 272
44 55
12 29
46 226
37 279
10 98
46 83
38 237
47 251
15 18

29 40
24 115
38 128
34 236
49 72
40 198
14 102
14 24
22 152
46 228
22 38
15 20
41 239
45 45
19 200
41 295
27 28
31 18
38 36
35 74
29 153
46 56
24 272
38 186
17 151
20 271
29 182
50 245
49 209
16 292

13 214
33 54
39 24
50 132
29 132
24 223
40 78
11 144
13 137
45 299
20 243
35 77
14 75
32 212

15 209
31 54
43 52
33 243
17 225
33 97
24 241
14 198
27 130
40 298
12 92
17 222
43 27
11 190
11 113
47 51

11 172
49 209
34 22
24 215
38 171
23 198
36 212
33 242
11 205
33 126
13 230
31 242

21 46
22 97
26 152
24 271
50 160
38 110
34 148
40 286
47 259
32 205
12 257
44 172
14 180
35 133
20 242
22 196
42 265
23 233
34 14
34 92
32 148
40 29

27 211
49 48
41 246
35 159
15 179
31 219
15 94
20 71
40 129
15 209
13 191
15 17
39 144
13 61
48 184
20 27
22 167
44 60
21 165
34 250
24 40
30 47
49 251
35 137
10 92
40 86
48 66
37 39

11 252
47 299
38 206
32 220
22 33
28 136
12 33
30 74
37 99
46 279
15 124
13 159

12 51
18 255
38 18
22 28
31 129
49 275
36 202
28 132
48 162
47 160
44 106
20 39
15 52

25 214
40 81
28 64
37 98
40 177
32 283
18 40
19 285
16 63
37 58
11 297
12 191
37 243
23 40
26 98
28 33
10 244
29 295
24 228
11 207
39 121
17 203
32 93
39 115
49 138
16 87

18 222
45 113
14 265
11 229
17 48
16 75
22 262
13 247
12 193
45 126
28 244
20 188
41 226
12 113
16 290
14 178
19 24
33 241
33 131

11 199
35 134
20 99
14 287
25 233
27 98
45 69
39 158
14 17
40 24
37 143
31 78

23 26
10 144
15 290
31 154
23 121
25 84
40 156
36 277
23 139
27 186
22 23
14 118
46 220
24 87
38 167
17 29
29 45
38 228
20 67
21 248
10 105
42 89
41 115
12 119

18 264
31 107
34 118
25 130
26 160
30 276
30 275
41 73
43 204
10 296
43 108
27 44
24 83
25 152
19 112
25 136
40 34
35 193
12 92

30 135
37 237
37 113
18 255
39 95
47 251
40 152
11 106
11 221
42 36
48 154
13 232
44 51
45 53
10 20
13 91
40 242
23 116
48 254
47 53
28 181
29 37
25 23
28 48
22 272
43 32
34 235
18 178
36 139
38 136
48 187

10 153
44 92
16 211
37 255
16 294
48 144
31 178
38 236
34 167
15 30
24 123

17 107
48 212
34 32
30 166
33 260
23 135
33 18
44 92
13 157
19 29
41 55
47 75
28 118
13 216
15 261
37 278
44 82
44 276

17 60
46 86
42 196
16 52
33 86
29 249
24 255
45 290
50 124
21 213
34 255
40 194
49 168
46 199
15 136
30 11
29 33
18 77

12 217
29 290
17 215
27 51
47 43
50 251
11 44
43 279
13 265
26 187
14 189
40 180
32 126

16 33
49 217
35 113
11 216
21 222
20 178
35 201
24 27
12 82
25 286
11 115
43 85
43 258
30 229
42 190
44 241
11 42

23 281
35 91
50 243
11 159
27 179
31 66
29 73
23 97
42 276
27 183
47 264
35 44
20 112
24 256
38 101
49 185
50 49
12 250
28 83
31 201
29 195
14 259
40 266
27 193

16 23
41 230
20 101
22 207
44 81
14 208
14 288
24 52
27 208
46 179
33 233
11 229
23 77
46 195
12 76
35 65
16 194

17 247
10 89
11 14
46 91
29 211
31 116
28 126
50 138
32 276
19 233
37 293
24 38
19 99
46 289
36 101
47 154
33 134
34 248

21 243
22 53
40 26
45 233
34 273
50 89
16 167
10 16
11 173
32 117
16 21
24 16
22 28
49 250
43 126
49 72
37 131
39 280
21 24
18 191
26 105
44 186

22 167
25 276
37 140
30 25
31 30
14 137
18 40
24 184
26 129
45 160
36 22
42 57
12 291
31 236
31 252
11 58
30 295
48 180
20 188
24 180
45 93
39 166
44 95

18 140
30 165
27 151
31 52
26 237
12 279
34 242
33 36
39 242
13 49
36 293
22 141
40 149
11 244
22 126
46 182
13 192
44 277
45 35

23 51
49 252
50 18
47 235
27 164
28 179
46 80
34 14
48 29
28 105
50 201
39 217
18 161
47 91
15 74
12 254
29 16
11 60
11 81
15 282
47 38
11 34
10 22
16 239

27 180
44 144
30 139
31 239
26 29
20 127
11 256
21 41
49 214
45 261
26 60
25 71
21 221
24 71
36 131
50 178
17 22
35 52
39 222
49 144
11 257
29 259
40 160
28 37
33 50
27 146
26 62
47 36

12 286
17 104
49 277
44 238
35 262
21 192
49 211
18 144
11 64
42 244
19 182
38 112
37 215

29 294
19 53
48 81
36 125
38 219
42 13
42 261
23 178
42 76
24 214
27 93
24 15
46 174
24 54
37 20
28 186
48 27
44 51
35 59
30 228
33 209
34 24
31 92
39 185
47 140
24 293
38 38
49 75
31 226
21 148

20 212
41 11
15 241
18 172
50 55
34 139
30 289
25 127
28 80
14 257
48 53
29 190
12 175
31 44
17 58
24 235
38 126
18 17
25 109
22 300
10 262

20 218
44 77
19 99
49 270
19 137
12 216
43 205
32 261
14 186
44 36
41 193
16 105
11 63
32 237
50 141
34 80
40 38
39 123
35 157
21 247
46 164

18 53
40 294
45 61
28 220
22 32
23 241
33 299
40 69
17 30
14 36
39 282
26 96
27 137
18 180
27 56
37 172
43 207
34 287
32 298

21 251
46 112
25 149
32 225
28 237
18 47
19 197
13 182
28 282
22 66
39 82
28 84
25 86
37 267
20 130
18 41
50 134
19 96
48 246
11 192
32 259
43 241

17 54
12 56
48 192
18 261
12 179
38 72
19 294
32 214
50 241
29 298
15 13
31 140
44 279
18 233
42 174
14 169
37 196
49 190

19 281
16 186
39 291
11 240
31 170
22 111
17 154
42 139
48 130
41 67
34 250
16 107
14 60
41 198
21 19
12 172
49 36
16 276
17 139
38 123

16 96
46 67
45 123
37 46
32 226
20 107
43 148
19 200
18 183
43 294
41 116
31 193
46 202
19 99
48 105
15 57
14 151

28 220
29 38
39 119
10 25
18 31
14 104
19 10
21 110
39 131
10 81
21 193
14 65
38 289
50 245
25 293
39 107
37 61
18 209
44 242
17 21
44 36
28 15
38 90
45 121
27 145
29 260
23 272
14 130
14 102

28 247
25 172
47 31
41 181
24 166
31 120
29 76
38 198
47 196
20 121
12 55
36 110
12 159
13 81
26 144
41 99
30 234
32 96
15 111
11 151
27 14
17 27
24 66
36 247
35 163
14 15
17 92
39 294
19 146

21 233
31 269
32 241
49 290
14 200
23 256
29 293
17 157
11 236
16 209
19 211
10 287
41 79
30 41
44 258
28 203
44 142
14 182
40 239
10 237
28 174
44 197

29 270
26 228
20 79
26 111
49 268
31 257
35 12
45 201
20 141
42 44
31 133
27 181
25 240
18 174
33 162
31 199
13 90
45 113
26 123
48 35
15 110
36 245
28 71
17 177
32 196
22 148
32 118
13 126
36 154
23 41

15 243
40 45
26 85
19 174
20 284
13 183
46 141
15 173
13 42
34 264
48 11
24 53
44 72
34 34
43 276
12 181

25 65
44 186
40 263
29 197
36 222
28 249
34 203
10 174
10 270
19 224
29 191
44 81
36 155
41 172
28 164
34 122
41 126
28 99
36 138
10 219
14 268
47 258
33 236
39 291
13 20
10 269

10 34
45 103
33 163
18 11
21 46
26 36
32 127
35 207
35 76
26 276
50 288

26 81
26 272
28 25
15 105
14 175
40 125
33 233
45 297
34 255
15 198
30 251
42 206
20 97
36 264
44 256
11 277
43 192
20 24
10 117
14 185
23 132
20 117
15 187
36 262
11 244
39 233
30 229

13 158
27 92
18 59
42 34
32 257
18 240
45 57
36 200
37 237
38 190
14 70
28 125
24 28
26 240

19 116
37 52
32 25
17 180
23 232
40 238
27 29
46 185
25 139
49 234
17 142
42 184
25 108
28 176
46 155
29 243
10 271
30 135
40 294
29 256

25 32
42 36
47 44
40 96
48 75
20 14
48 63
39 262
12 203
14 36
26 167
33 210
35 150
42 222
45 284
19 59
41 28
45 14
18 215
36 266
45 234
41 176
22 197
45 146
46 137
30 84

10 55
29 288
36 108
39 229
43 50
28 44
18 23
50 11
48 291
33 97
26 90

16 265
29 37
38 83
21 49
29 21
18 26
45 61
36 175
19 73
17 286
39 251
37 123
12 155
48 144
38 120
48 99
43 245

24 180
29 223
46 296
31 86
40 102
50 274
11 107
28 268
15 265
34 271
50 149
11 187
22 46
15 207
44 140
37 210
34 267
29 55
36 92
34 66
26 157
39 102
11 264
35 80
33 160

13 279
24 203
21 243
44 167
11 30
40 161
35 218
48 218
33 48
49 80
38 248
36 25
25 140
11 31

26 276
26 242
43 235
17 216
26 297
10 66
25 178
21 102
29 78
13 131
14 162
14 155
44 123
45 95
45 206
24 261
27 230
18 146
43 118
16 81
46 232
41 25
22 231
37 132
50 177
20 20
22 124

26 142
44 278
20 123
41 83
35 170
40 77
10 182
29 200
43 177
27 15
28 122
30 215
16 188
47 89
35 43
37 48
17 232
47 157
47 234
19 215
26 103
32 91
42 45
32 23
49 226
41 272
20 245

16 300
14 25
42 117
33 210
23 189
44 121
38 22
31 166
31 299
30 164
36 289
45 191
21 157
25 209
35 298
38 82
19 20

18 144
16 176
26 126
18 33
44 126
39 133
36 151
17 133
28 190
16 206
49 298
39 64
17 72
22 246
16 264
35 147
31 147
39 164
19 40

25 124
20 205
43 165
36 268
32 151
16 196
46 65
16 172
32 202
49 290
45 226
21 296
45 177
30 103
33 182
43 119
30 146
26 215
11 41
35 248
35 78
36 244
20 182
31 53
18 73
11 49

24 78
46 50
19 252
24 294
14 287
15 104
41 254
28 102
11 214
19 201
29 264
30 36
11 196
28 201
24 74
48 200
42 34
17 281
11 207
42 93
46 277
23 106
17 41
50 266
32 24

11 38
33 165
49 215
18 295
17 119
24 220
30 14
14 44
50 185
20 168
30 159
49 200

30 240
17 123
26 78
25 100
41 100
23 10
16 164
19 128
11 11
37 216
11 87
26 88
40 192
48 91
33 115
16 112
12 145
34 53
13 90
48 262
47 60
28 35
48 29
27 89
25 217
16 246
30 51
26 80
23 235
12 11
50 132

26 132
10 77
14 118
21 266
19 11
27 284
31 246
22 109
39 257
36 160
49 129
22 267
36 53
22 39
42 266
49 225
37 281
14 184
10 154
10 288
22 213
50 86
22 15
44 25
16 230
27 219
14 149

15 91
12 161
12 137
28 239
35 132
36 240
25 63
17 130
28 227
40 17
31 245
26 16
22 251
33 192
14 211
12 96

18 286
11 191
32 163
30 85
49 49
44 243
43 274
40 78
25 98
32 266
16 46
19 271
38 258
16 214
25 198
26 279
27 291
28 215
17 23

12 25
27 270
47 124
26 23
31 299
19 150
18 209
37 137
47 75
23 96
39 98
47 245
23 237

22 286
46 140
23 207
28 62
49 120
48 236
44 122
14 277
50 201
34 206
47 231
47 213
24 216
46 265
36 114
25 25
37 105
49 147
46 212
10 110
27 260
40 33
25 117

11 72
40 157
32 148
24 215
41 103
14 177
12 175
17 173
39 156
21 187
36 140
41 292

