71

29 160
41 271
36 64
27 269
42 57
49 126
32 136
31 234
10 52
50 194
49 138
22 257
17 71
39 253
15 123
12 34
48 60
47 213
12 104
35 109
49 214
37 253
13 213
28 177
25 229
24 278
25 266
32 249
28 132
22 253

16 272
11 253
24 224
21 264
50 213
42 231
48 151
42 29
35 217
32 175
44 44
13 29
40 274
13 11
46 70
45 206
48 150

18 220
49 202
11 214
23 172
17 294
36 92
50 83
36 73
29 206
13 143
20 184
13 236
14 204
15 112
48 182
26 37
43 257
25 256
48 42

11 167
27 77
35 121
13 148
14 263
18 100
20 98
23 156
42 280
36 146
27 142
29 254

10 51
11 161
38 133
13 183
19 168
11 20
25 112
45 227
26 289
44 229
33 165

26 182
24 283
28 250
40 146
26 203
29 54
46 140
25 112
38 187
31 64
19 58
12 33
41 165
45 53
11 114
23 108
31 108
13 284
46 86
11 182
47 179
47 284
18 76
11 259
45 194
37 270
21 112

16 66
43 42
36 259
46 180
15 53
49 131
44 53
19 268
15 136
19 92
49 86
17 204
40 97
48 91
23 191
29 274
28 65

30 62
37 84
17 218
41 60
43 132
42 210
19 251
24 265
49 294
23 204
27 280
13 203
32 285
36 255
27 102
46 114
40 39
50 35
43 55
27 241
45 274
27 22
33 87
10 34
39 277
42 129
26 130
38 164
29 111
28 286
28 196

11 19
15 220
19 245
16 270
15 15
49 164
27 223
13 36
33 253
40 300
26 91
15 275

23 209
13 21
33 290
11 181
13 156
11 224
42 145
12 95
25 168
25 251
21 182
23 10
43 18
18 264
42 55
16 71
32 295
23 137
10 34
47 24
10 135
27 134
36 112
22 234

25 300
15 127
21 258
33 286
44 156
50 262
38 170
25 53
29 130
47 75
24 276
26 68
39 13
17 171
12 194
40 190
26 125
34 297
16 298
35 199
10 65
21 20
50 160
43 14
30 89
19 140

30 294
44 95
49 85
30 31
12 101
47 55
17 176
44 127
22 106
33 127
33 65
37 139
23 272
12 93
39 296
18 276
29 140
46 291
48 197
45 88
44 300
41 35
13 16
36 148
44 145
25 296
41 40
49 205
14 26
37 46
46 268

26 152
44 61
15 95
19 225
32 241
36 94
32 251
19 27
18 83
29 180
39 244
49 249
19 213
10 263
39 32
12 23
38 188
12 45
30 105
44 293
48 126
22 279
42 124
13 187
20 29
45 135
31 56

12 170
39 255
26 43
18 66
43 260
20 30
45 81
43 283
25 300
33 263
39 180
20 206
11 164

23 57
30 230
15 114
16 179
14 142
50 197
45 273
49 244
16 205
11 76
47 164
49 34
10 225
13 188
38 63
22 79
26 137
32 187
45 50
20 254
17 283
35 80
44 270
27 57

16 60
10 72
13 150
45 154
30 167
31 131
10 259
48 57
19 40
14 74
13 105
21 117
35 132
36 144
46 193
28 296
50 206

12 188
50 229
14 111
16 144
33 300
37 233
40 172
27 64
32 79
25 264
49 299
22 184
28 162

21 93
32 121
32 259
41 102
19 299
15 171
23 33
13 225
19 159
44 295
16 155
46 88
29 42
24 124
31 42
29 89
18 243
13 257
14 143
27 230
22 127
42 216

23 47
50 155
44 134
43 231
34 218
36 117
41 262
35 196
21 102
25 226
19 272
30 227
15 58
35 206
26 255
23 189
42 41
25 173
48 121
39 41
21 124
43 45
49 144
30 144

13 167
12 106
46 15
49 199
15 122
49 27
43 24
40 269
22 126
28 89
38 224
34 282
32 269
25 146

24 20
48 151
46 36
11 246
17 51
42 180
50 142
35 88
50 270
23 24
32 242
44 194
11 39
22 11
49 197
42 282
15 230
36 23
22 131
19 190
32 141
16 257
32 293
14 79
26 16

29 247
28 231
27 237
31 271
36 100
44 261
44 70
29 230
13 27
22 127
22 148
13 285
19 85
37 108
14 187
20 89
44 84
24 51
33 217
23 86
41 253
39 100
28 182
40 66
27 148
41 23
42 208
49 268
17 236
49 211

27 256
15 225
28 138
26 227
44 274
32 133
41 75
31 43
11 269
14 27
16 252
13 19
26 143
28 213
40 91
47 82
40 45
32 234
44 216
31 91
30 191
27 222
23 210
21 58
17 143
26 176
20 99
49 210

15 221
17 129
10 29
20 100
23 139
43 249
33 209
15 208
46 32
29 184
43 33
28 34
14 186
27 203
31 250
30 118

24 256
10 270
32 162
22 220
33 244
28 29
12 187
33 162
38 281
32 149
29 296
41 103
22 107
33 123
37 99
43 137
45 193
28 50
19 94
27 130
47 120
37 224
34 109
28 170
31 50

19 296
22 40
40 82
38 120
14 245
16 134
48 213
46 232
46 25
42 87
47 68
33 60
11 81
12 213
21 53
13 173
29 290
23 133
32 238
23 153

11 266
39 17
25 96
12 292
15 229
15 37
34 71
21 147
32 79
43 243
29 275
49 51

10 264
24 265
15 213
24 95
39 134
35 164
20 205
29 98
16 117
40 65
44 97

24 287
24 246
12 61
17 78
21 139
29 14
40 93
43 220
25 147
31 160
41 51
49 54
34 102
48 157
39 117
19 184
46 155
43 39
20 288
30 295
20 41
48 55
43 91
38 57
23 190

16 248
42 225
14 86
41 46
49 300
36 32
25 243
34 83
38 183
48 101
11 175
40 66
45 157
50 262
38 135
32 48
34 93

28 63
18 167
35 283
50 74
24 201
43 182
43 224
50 206
12 46
37 198
31 56
26 181
46 168
48 221
29 123
47 49
30 21
20 17
31 56
43 66
49 170
11 268
19 101
46 205
47 67
17 281
48 124
30 22
13 142

30 162
21 46
32 204
18 190
32 35
12 77
34 71
38 192
37 289
28 65
18 179
44 148
48 185
24 243
39 76
32 109
47 284
29 220
28 56
28 124
39 97
44 179
14 61
27 264
15 143
10 133
26 97
34 149
38 69
40 91
45 42

12 212
19 183
28 28
42 74
47 115
22 240
45 285
39 287
10 50
39 122
42 63
43 82
21 240

17 216
18 34
17 236
22 214
30 255
34 249
29 61
19 10
23 287
13 99
20 49
26 179
35 132
25 24
48 281
47 237
10 148
13 42

18 218
29 172
22 279
22 279
36 202
47 52
49 82
25 69
22 251
39 26
34 280
49 252
12 147
38 144
49 234
30 142
42 281
18 105
30 290

17 43
36 257
13 58
28 243
15 289
23 109
43 111
10 239
29 156
24 107
48 150
41 212
46 208
22 248
14 185
31 173
18 144
45 292

22 233
37 151
25 17
28 60
37 154
19 95
19 197
36 64
21 262
30 150
19 14
14 34
11 19
35 76
26 147
37 289
12 299
27 154
25 127
25 18
14 242
36 129
27 253

13 111
44 289
18 204
17 108
14 188
40 246
22 168
12 236
34 293
39 284
20 59
36 110
18 138
48 163

23 188
45 207
30 155
14 181
50 47
28 63
46 280
30 214
25 13
22 227
15 30
18 122
46 142
42 91
11 155
45 73
30 55
16 27
48 221
21 11
27 235
42 37
38 239
16 211

29 296
15 276
35 91
48 141
13 29
24 275
30 82
31 54
26 133
26 224
29 262
32 30
41 73
29 233
26 103
18 212
17 207
47 156
23 111
24 211
21 235
27 255
11 156
49 178
22 28
16 216
45 159
32 258
16 177
14 127

15 239
22 140
28 37
27 63
39 11
35 253
28 125
47 85
39 135
36 137
24 267
36 185
40 265
25 90
14 144
27 68

15 178
40 84
47 105
26 143
17 108
10 66
37 85
44 282
21 90
31 25
12 69
46 264
22 196
37 83
10 198
23 145

12 166
22 40
15 102
23 266
19 169
15 11
12 192
40 34
25 273
44 39
38 40
26 53
14 238

27 97
28 192
11 254
47 160
27 158
33 252
44 19
10 11
27 121
17 140
47 239
45 256
20 218
22 186
40 241
38 39
45 36
44 294
17 213
10 146
23 279
23 147
25 45
46 55
49 232
32 163
28 207
39 140

21 210
25 143
45 179
47 80
33 105
42 229
12 15
16 146
48 26
16 69
44 265
40 65
10 229
16 237
40 285
28 80
11 224
44 62
42 22
34 71
23 181
17 213

26 115
14 186
47 112
29 94
15 86
47 61
46 245
18 64
25 89
22 88
31 170
17 140
29 238
48 279
30 101
16 54
42 97
25 255
16 264
46 84
22 212
10 48
34 135
48 264
19 80
14 58
13 82

26 60
41 18
47 272
11 196
49 180
37 163
27 196
10 261
48 72
48 183
34 178
31 81
14 288
19 159
44 86
36 189
48 221
14 297
35 177
34 48
39 38
31 48
36 136
26 161
35 233
30 252
22 139

13 243
37 205
33 168
26 189
11 273
37 231
45 141
17 208
21 270
34 76
21 193
38 261
38 179
18 97

20 139
28 141
28 30
32 291
12 24
35 252
28 220
36 269
26 12
25 181
26 111
18 204
50 183
47 73
36 184
18 110
11 33
45 116
26 244
43 130
25 260

18 88
45 170
49 273
26 129
36 241
48 243
16 247
23 94
33 286
15 255
31 131
49 158
21 289
46 132
36 121
35 12
38 80
49 32
27 38

16 154
28 122
19 209
19 164
25 288
27 71
32 185
29 172
33 244
37 91
10 241
10 106
22 243
44 194
14 239
29 200
31 223

13 200
34 50
16 216
39 278
26 164
34 132
44 95
12 107
38 75
44 143
36 289
20 103
10 182
42 33

12 193
34 243
43 260
46 143
31 242
45 100
18 133
24 55
34 47
33 260
36 163
45 113
46 190

22 13
22 236
37 70
24 245
11 33
17 213
16 192
36 46
24 43
38 166
21 68
44 150
39 260
21 272
39 194
44 43
20 62
25 27
40 241
33 72
20 186
43 114
18 243

29 277
11 76
15 41
45 105
18 70
46 182
46 180
44 138
31 16
17 292
27 29
45 230
28 104
12 38
44 148
33 210
25 219
14 172
18 242
19 249
19 27
35 246
16 163
23 75
26 181
21 69
35 201
43 172
11 294
50 255

16 28
40 195
18 100
36 27
12 241
41 40
36 85
23 99
31 41
46 96
44 127
19 286
18 34
12 71
23 160
26 282
16 272

23 300
12 254
49 230
20 54
50 240
19 13
46 274
50 140
39 94
42 247
50 242
34 292
25 265
11 23
15 293
45 80
23 111
33 123
13 231
39 257
35 105
44 29
30 164
40 263

24 243
36 254
36 180
26 101
42 78
12 257
25 38
15 249
39 19
41 116
17 104
32 229
11 236
32 87
15 28
11 54
49 35
45 92
14 299
32 219
42 30
29 89
14 201
17 204
28 141

30 213
21 86
12 206
31 221
32 66
11 152
11 180
21 146
10 89
35 221
39 91
34 238
41 234
19 13
33 222
11 12
12 87
16 252
14 217
25 91
27 125
26 240
35 96
47 89
35 277
35 117
43 208
27 108
31 41
11 233
43 237

16 64
21 183
48 147
18 231
27 142
18 127
33 76
47 241
38 257
30 161
17 197
46 300
22 71
46 128
29 263
17 300
22 126

12 255
14 106
40 183
33 165
39 52
43 299
23 181
10 255
49 121
15 133
13 61
10 164
48 233

29 42
32 158
21 85
30 31
15 193
40 294
40 110
13 28
44 245
37 52
47 100
35 152
46 13
35 123
31 19
10 240
25 92
42 131
15 31
40 236
12 176
16 76
34 144
33 139
10 104
19 156
25 22
48 44
35 191
45 12

27 76
38 140
16 270
22 75
36 18
21 236
18 200
43 244
33 206
43 100
50 272
28 226
38 171
11 47
44 95
35 228
25 221
43 38
18 208
19 277
29 244
48 162
48 100
50 10
37 38
36 173
19 39
36 118

18 129
40 50
37 159
30 252
35 106
44 78
12 36
16 249
44 23
20 160
18 169
42 82
50 49
14 223
12 87
37 298
19 234
22 151
25 290

12 31
18 211
46 139
12 19
45 207
23 276
50 204
30 108
15 60
14 223
11 292
26 250
48 96

23 193
47 252
28 240
15 188
41 33
29 56
32 231
38 82
35 72
28 121
33 167
31 171
33 233
34 152
49 127
30 184
19 135
33 111
37 52
27 289
20 95
15 229
23 125
39 250

24 103
14 119
12 179
13 187
50 129
38 250
49 193
39 251
36 64
39 236
24 18
29 142
29 279
27 248
44 297
18 57
40 233
46 111
41 104
24 264
32 226
50 201
13 182
19 14
45 205

12 147
47 43
47 53
11 21
45 147
23 170
35 24
12 266
47 153
41 100
21 234
21 298
46 109

24 14
48 198
16 144
20 189
37 41
24 182
45 67
46 167
16 98
45 281
14 219
11 51
44 174
50 221
17 195
43 25
44 203
11 156
48 244
49 158
39 244
29 65
37 86
46 268
35 15

18 119
26 189
31 118
25 112
25 48
16 70
14 154
10 251
30 152
26 144
40 270
32 233
13 57
30 60
12 100
50 166
29 265
50 58
37 248

22 269
25 196
30 245
16 88
31 84
44 31
38 133
18 134
36 23
48 75
37 139
19 185
30 273
24 202
32 247
13 148
37 201
24 147
36 204
28 257
43 130
11 112
25 10

