94

12 118
18 174
38 150
30 218
18 83
22 15
26 288
10 132
15 282
30 137
35 230
26 141
19 138

23 272
30 105
36 69
22 164
10 157
27 265
47 262
32 122
48 85
27 265
22 296
48 101
16 263
26 208
14 247
13 69
28 12
23 294
36 196
27 195
23 158
37 221
30 278
43 242

10 96
49 12
11 299
42 85
11 189
13 161
44 85
12 275
50 54
22 135
31 111

25 192
13 218
17 21
31 283
13 276
23 229
41 86
34 155
14 259
41 128
47 33
18 109
18 244
35 227
26 214
47 205
25 272
24 86
12 41
32 155
21 84
44 105
42 10
29 128
38 182
30 198

19 239
20 283
21 66
11 233
21 223
18 170
22 44
34 170
41 286
37 140
33 123
39 26
43 292
23 284
13 57
33 232
13 93
41 204
23 261
18 63

17 12
29 91
44 123
30 189
43 235
33 105
17 218
38 285
13 268
12 15
30 272
12 297
29 298
33 221
33 91
28 69
12 285
46 260

25 59
44 140
28 236
45 140
18 161
32 271
28 293
11 111
20 116
36 173
31 197
18 160
49 197
33 255
48 268
49 270
43 71
44 140
33 297
49 70
19 161
45 176
25 139
19 284
39 49
21 51

24 292
50 224
15 194
28 291
15 247
29 196
43 161
45 17
18 278
27 246
39 273
46 211
31 173
28 155
15 95
50 29
29 85
15 147
26 156
20 172
11 171
30 153
22 32
31 15
31 101

10 297
27 154
35 153
32 151
50 19
26 135
50 56
36 288
28 274
27 227
46 145

11 137
22 202
48 26
39 11
40 13
11 132
44 240
43 145
50 123
25 142
45 177
47 227

23 187
42 159
29 70
14 114
22 211
35 229
39 241
28 208
42 294
25 24
27 167
10 247
16 290
12 200
30 123
45 205
22 85
26 85
19 150
14 248
26 177
13 264
32 213
23 233

18 118
35 56
23 259
44 76
14 212
21 278
31 63
32 202
17 274
12 136
10 189
10 65
43 22
47 34
39 172
35 82
45 225
24 42
18 294

16 209
33 42
27 87
49 48
27 219
42 256
23 103
20 245
45 188
33 289
30 90
13 40
30 209
12 18
44 98
49 43
16 228

28 247
12 140
21 81
13 114
25 159
13 16
13 166
17 259
25 129
26 192
21 163
43 99
14 95
11 84
28 43
13 68
11 48
20 123
19 85
10 26
37 162
27 49
49 162
10 101
29 276
44 54
17 167
49 68
32 15

14 112
17 151
26 101
20 273
33 257
41 20
40 294
24 81
11 205
18 126
44 99
45 252
13 119
49 101
33 144

27 93
23 25
30 247
41 67
24 252
47 140
35 269
11 284
27 244
29 99
37 74
37 51
32 264
40 267
43 233
42 20
37 214
43 272
48 219
20 126
21 207
42 161
28 35
25 281
46 140
49 53
41 66
16 267

28 122
17 162
27 54
29 103
27 223
40 256
49 35
30 56
40 126
17 99
49 195
44 124
42 112
34 209
18 199
18 13
39 198
16 41
29 247
14 262
25 171
19 22
37 162
22 114
38 284
49 147
13 152
24 52
22 254

12 96
12 199
34 286
19 244
43 275
24 276
13 48
31 60
47 238
26 298
24 216
13 174
48 222

17 94
49 290
13 211
21 102
41 44
10 224
30 112
11 71
25 249
19 19
42 164
40 229
22 117
35 63
34 11
46 121
49 119
18 122

16 256
48 206
29 262
34 103
29 106
17 157
40 263
43 150
20 230
33 276
30 102
39 60
45 47
48 274
32 48
47 142
21 13

23 285
41 192
47 229
19 59
41 196
10 102
14 288
24 74
40 124
25 287
17 93
28 155
42 131
14 103
31 36
35 234
32 25
36 198
49 166
31 161
31 269
48 219
39 184
14 201

28 136
12 215
46 103
15 230
45 112
37 138
27 62
18 132
43 145
15 15
36 161
26 287
49 235
45 287
28 79
23 59
41 225
22 219
41 46
33 77
16 63
49 41
33 60
33 288
18 74
44 67
46 284
11 169
12 26

22 48
10 43
28 247
18 78
18 169
35 162
45 145
27 67
44 215
28 207
23 131
14 79
14 197
43 134
22 124
19 281
40 18
24 31
18 226
20 263
18 177
50 254
50 173

11 92
46 114
15 110
44 237
13 37
44 88
16 67
18 86
34 103
32 28
39 135
47 115

29 62
49 20
28 217
30 243
45 17
44 247
32 227
46 31
43 248
10 74
12 187
16 186
31 272
20 260
44 225
37 170
34 300
37 243
29 263
17 205
27 49
27 253
45 18
46 125
44 117
29 295
50 27
40 60
41 124
14 273

11 103
15 146
25 129
32 38
19 295
28 243
31 128
39 16
34 265
29 183
36 236
14 15

16 288
48 24
31 235
28 236
34 251
43 109
31 126
38 168
15 224
28 191
21 76
45 232
34 88
16 296
36 283
41 21
36 186

29 228
27 254
42 103
39 191
22 75
31 67
39 91
50 82
39 59
39 57
16 167
21 205
42 255
44 240
31 39
23 54
17 169
21 142
29 276
20 110
23 274
28 77
49 246
11 213
37 145
20 175
15 217
23 167
26 23
23 131

24 108
28 217
26 75
27 42
19 145
33 209
37 149
43 75
32 278
27 215
18 204
47 164
50 219
23 240
30 90
17 82
25 232
10 159
33 237
26 173
47 20
29 210
17 127
50 117
43 184

10 299
20 196
46 119
39 37
41 116
42 147
50 292
42 289
30 131
38 153
34 290

10 166
21 200
26 204
48 63
26 68
46 282
36 160
28 259
44 236
30 216
21 60

27 187
18 243
22 92
36 129
46 116
12 248
17 168
28 80
41 106
16 72
15 90
43 126
24 268
48 192
17 266
14 50
30 108
26 290
22 56
36 272
21 222
35 75
25 144
19 111
42 221
34 92
10 47
43 160

30 129
50 186
32 208
21 263
11 212
19 272
35 157
39 20
17 140
20 289
38 298
29 42
39 42
44 300
19 96
12 250
14 214
21 19
37 210
13 178
42 233
45 237
27 28
42 115
41 275
12 21
29 278
15 85
50 98
44 245
34 142

25 208
14 114
41 148
20 88
11 26
44 258
41 244
30 293
25 106
38 164
13 135
22 178
48 120
31 236
10 10
18 178
36 219
29 29
10 231
12 263
32 210
12 56
39 219
30 57
37 291
37 290

17 206
28 286
40 192
43 39
47 229
46 124
28 135
36 199
40 207
50 72
34 250
29 138
35 126
19 262
31 231
13 169
11 294
13 193

21 167
28 82
21 158
37 126
35 194
23 60
12 140
36 215
36 180
30 250
39 189
12 215
15 300
28 62
24 191
50 118
12 226
30 24
22 268
19 94
22 220
43 151

28 267
26 119
31 291
17 196
31 43
48 27
14 204
11 62
37 52
27 190
10 79
45 146
36 214
38 206
41 266
15 58
19 234
46 217
15 91
21 169
49 136
33 92
35 139
39 296
28 25
15 230
25 22
33 282
14 259

25 141
15 260
31 26
43 78
25 60
16 80
31 73
38 189
28 29
43 108
25 297
48 68
42 164
15 163
42 70
49 99
16 41
40 274
43 36
20 217
38 29
42 97
31 178
49 55
26 42
44 197

28 132
18 224
35 104
39 188
42 127
48 197
27 228
47 99
29 178
49 43
37 164
19 140
42 290
18 14
49 61
35 299
35 229
30 41
30 125
41 215
35 61
12 118
45 19
24 279
11 250
24 179
48 12
20 87
29 106

23 79
14 142
15 48
25 177
14 76
48 11
28 89
29 54
10 178
20 76
26 132
34 161
32 102
44 148
12 164
33 146
38 173
20 231
25 101
33 127
28 109
43 271
26 194
34 58

10 266
45 167
35 203
14 282
18 273
21 111
25 45
44 254
47 25
44 134
21 38

21 207
27 134
44 285
50 194
38 236
29 128
31 32
32 75
35 114
13 126
29 189
46 290
20 269
33 242
42 156
41 198
41 290
41 213
43 187
10 77
33 282
18 161

21 214
42 51
47 284
21 52
40 222
19 57
13 219
28 229
46 155
38 143
43 232
23 103
30 293
43 52
21 195
25 166
34 289
40 185
27 90
23 140
33 166
49 84

12 168
46 193
11 50
32 250
17 186
28 42
15 290
20 144
49 190
49 76
20 233
10 224
44 75

28 21
20 56
20 67
33 175
33 112
24 162
17 214
48 143
16 221
22 216
45 40
10 183
41 77
32 267
41 249
13 22
19 288
26 75
50 250
34 22
38 96
22 260
46 232
41 70
49 230
10 122
17 24
15 115
23 62

27 273
10 11
23 250
28 300
37 270
29 156
38 269
34 98
43 205
50 158
27 298
41 105
30 247
48 106
29 41
50 169
20 90
34 267
40 229
35 225
15 296
50 157
12 168
33 248
10 25
18 77
26 253
24 291

21 24
32 20
14 18
48 218
30 194
15 186
35 245
47 129
50 214
30 163
38 185
40 65
24 132
16 11
30 213
35 104
28 185
44 174
21 209
48 94
17 243
28 184

12 247
43 185
50 173
14 249
12 204
27 97
47 293
45 127
46 117
45 213
11 128
18 86
46 34

24 94
20 121
38 235
13 78
20 133
29 125
18 96
17 209
47 237
43 141
11 278
10 290
39 235
12 149
19 214
13 220
40 88
34 71
25 189
40 125
21 94
39 236
24 273
19 46
40 234

10 191
25 98
37 76
28 193
39 149
33 177
21 293
15 245
15 233
34 245
28 230

19 192
10 243
47 170
25 265
11 18
25 262
38 252
35 84
50 181
29 255
10 233
31 119
26 277
28 154
32 206
17 244
10 16
11 115
31 127
43 196

14 63
13 278
38 102
36 50
39 61
41 242
40 259
31 73
46 191
33 276
46 30
25 192
27 85
49 59
32 19

20 140
24 49
17 71
13 269
22 158
33 31
16 126
36 69
20 293
15 234
17 91
36 82
39 21
40 48
40 293
50 55
35 215
45 98
32 249
47 229
19 176

24 182
35 88
24 73
20 57
48 99
45 121
42 31
46 53
45 160
35 25
47 139
36 122
23 165
21 243
26 156
16 206
50 186
25 285
49 10
17 77
50 35
18 299
35 104
47 115
39 96

11 35
49 88
15 165
27 50
42 55
19 124
22 270
15 71
38 223
18 186
41 210
17 178

28 220
35 224
24 300
26 105
32 217
48 102
35 130
17 47
48 158
22 48
10 128
43 267
31 192
29 41
50 11
27 265
44 49
26 247
41 220
37 288
48 67
40 215
49 164
13 216
18 21
39 264
40 100
13 144
16 42

26 206
34 299
44 19
44 89
19 154
50 142
42 43
23 145
45 43
38 76
19 282
12 40
31 221
18 283
44 68
34 200
11 158
40 292
19 233
27 141
28 285
15 288
50 145
31 289
19 264
25 156
40 137

25 91
37 137
49 109
46 186
17 67
10 290
18 257
42 46
32 170
33 128
38 155
26 251
15 49
45 109
28 157
15 119
11 118
18 83
16 247
10 14
23 127
22 141
34 36
49 229
30 157
44 246

13 252
24 256
17 225
34 138
26 254
17 254
44 271
10 210
40 217
16 11
23 264
31 271
40 189
17 180

10 97
31 15
37 217
47 261
46 146
35 236
13 190
35 149
35 36
48 180
34 112

22 23
14 150
41 76
39 130
42 265
46 207
42 114
42 53
45 289
29 239
43 296
11 275
26 43
23 40
47 157
46 249
15 56
16 214
25 124
15 202
35 150
30 212
18 264

22 114
36 93
44 138
44 212
25 105
29 23
31 25
21 176
38 198
33 219
40 104
25 111
27 190
12 274
31 132
15 149
16 249
41 199
30 126
36 67
31 69
44 33
45 68

20 31
22 289
40 196
16 285
45 79
47 96
30 96
21 252
21 280
30 155
23 109
11 146
26 81
10 251
32 75
28 297
18 140
32 205
19 216
29 12
27 122

16 273
21 55
29 62
11 182
26 292
49 36
35 268
21 172
29 41
39 11
35 261
32 152
12 19
16 281
24 241
45 127
43 241

14 169
15 32
11 222
23 99
46 27
46 95
11 185
33 224
12 189
18 13
22 16
40 32
47 116
10 146
43 24

24 208
17 80
32 118
37 257
40 69
38 242
10 121
21 258
37 96
12 266
15 77
47 95
14 234
40 173
48 202
30 276
34 148
36 233
21 227
12 273
43 160
27 100
39 52
26 21
15 14

15 172
28 49
33 183
43 214
27 20
10 21
32 228
34 27
32 299
21 191
46 140
18 54
34 299
30 264
20 59
38 198

24 204
39 273
12 202
21 225
17 281
20 263
20 55
10 110
23 177
37 265
29 125
28 288
23 190
40 91
39 152
46 35
40 293
19 97
22 30
28 20
20 135
47 228
13 49
17 140
42 178

13 117
44 217
20 279
17 136
18 199
23 30
21 103
47 101
20 28
18 197
15 45
10 248
48 221
11 47

26 45
13 163
21 113
24 182
27 31
11 144
10 142
43 277
39 126
36 209
28 287
16 211
30 39
24 282
22 85
22 235
16 130
15 110
35 262
47 60
20 69
14 49
46 176
48 213
29 116
31 98
42 279

17 64
44 275
35 180
17 75
38 31
13 18
40 167
24 272
15 171
13 214
29 185
38 60
36 33
14 292
30 284
46 98
11 277
40 232

10 53
14 41
42 197
13 41
28 192
48 124
38 181
33 52
17 97
24 85
28 269

27 264
49 69
42 210
15 194
34 237
47 73
24 237
45 202
29 15
46 187
16 88
13 111
12 99
26 34
42 271
13 62
48 59
27 188
41 82
13 154
12 79
49 300
18 291
26 13
21 218
29 119
26 23
23 298

12 107
19 175
49 161
18 167
33 82
19 195
48 11
39 72
34 161
20 76
10 37
35 15
15 158

18 263
39 96
43 287
45 115
34 247
36 167
17 191
44 95
23 27
28 137
41 29
47 200
31 157
48 276
22 276
50 284
28 88
44 49
24 118

26 99
25 23
37 183
41 100
26 111
39 76
44 283
47 225
38 31
45 222
38 273
26 259
18 211
38 275
21 271
17 20
48 278
46 86
21 219
33 63
24 109
19 272
24 33
34 111
10 150
43 244
33 297

11 159
20 199
16 285
46 96
34 52
17 96
49 241
37 72
36 107
41 74
25 41
47 293

28 202
43 191
21 182
17 186
18 219
18 218
36 129
12 21
46 113
34 231
13 249
31 24
13 196
40 110
31 126
27 16
31 46
50 170
48 216
44 70
27 90
40 94
10 154
35 90
49 127
20 37
15 204
26 33
20 242

12 14
38 105
34 75
13 168
17 145
13 29
10 83
12 171
41 155
22 130
23 208
15 11
22 160

12 27
42 135
41 299
26 177
42 190
29 102
30 45
21 127
33 56
14 209
50 235
29 126
25 96

21 275
48 45
49 82
29 13
45 270
24 207
26 165
35 220
38 178
48 242
13 168
44 212
50 11
10 121
19 160
14 230
33 222
49 122
43 279
30 17
41 62
43 10

22 110
43 18
26 220
20 230
36 70
42 76
36 148
14 294
28 30
32 207
28 221
46 17
26 16
34 55
37 96
34 27
26 123
20 42
20 247
20 191
24 251
44 294
19 190

10 138
42 40
23 153
35 274
42 286
12 121
21 144
34 101
31 228
39 160
29 60

19 89
22 266
44 113
27 180
47 57
19 43
34 183
34 263
17 273
20 73
42 128
50 77
21 101
19 282
36 100
32 139
36 20
40 219
31 184
24 235

28 59
29 273
36 100
15 225
16 73
35 171
10 249
15 283
34 92
38 276
34 79
12 103
13 205
37 297
23 50
34 221
13 193
50 211
27 151
15 163
20 251
37 206
44 147
22 211
22 155
15 220
16 106
28 224
15 208

14 125
21 75
39 152
18 254
44 289
44 33
20 244
12 61
44 209
48 272
12 216
37 182
29 202
49 271
33 10

13 102
45 265
36 219
35 10
43 184
27 223
13 146
45 272
31 174
22 241
29 241
17 62
15 179
41 102

18 155
11 22
24 278
41 164
50 17
24 194
19 241
20 205
18 74
37 283
24 13
16 43
26 14
38 229
23 40
32 232
48 172
35 260
50 267

10 145
50 181
50 255
11 100
23 215
50 53
26 219
24 113
10 136
27 206
25 54

20 14
43 145
34 83
50 151
41 134
18 28
29 162
26 125
28 111
35 131
36 266
20 120
24 177
46 25
21 292
30 153
13 260
46 68
14 72
11 198
14 27

29 115
17 148
46 283
13 176
21 61
38 215
34 234
13 152
35 299
40 27
43 152
11 298
10 278
18 117
37 176
14 217
34 122
35 225
21 296
43 265
20 197
26 80
10 206
31 143
29 190
41 33
13 268
19 157
35 249
48 58

29 294
45 103
41 12
40 254
48 159
14 40
10 153
25 112
26 115
18 25
33 48
16 286
17 105
21 155
41 209
41 220
24 113
45 83
32 284
19 13
31 64
50 98
37 283
38 82
20 75
20 237
24 161
16 14
24 254
40 209

23 142
24 37
24 205
41 92
18 82
28 114
29 128
50 26
40 96
25 96
19 225
25 139
34 69
10 136
29 114
20 280
18 99
44 258
15 218
30 241
46 164
31 244
20 51
38 165

15 160
38 145
20 234
32 103
33 265
26 225
37 289
24 231
18 234
34 127
22 201
45 51
10 89
34 24
37 81
22 120

