91

17 293
20 194
19 295
27 143
27 221
38 22
23 46
37 36
24 200
11 183
46 297
21 182
14 245
38 248
34 141
12 255
35 268
49 251

18 178
30 275
33 142
34 251
20 157
17 199
40 262
18 242
34 159
15 263
11 257
26 288
26 224
13 141
36 188
15 139
38 266
20 142
33 292

29 139
20 135
34 181
45 18
20 38
31 220
49 270
37 208
11 212
23 129
39 71
38 24
26 246
21 140
25 270
27 163
38 285
15 157
10 147
28 173
17 218
46 256
34 207
21 133
35 112
37 158
39 127
41 265
36 202
33 35

28 142
24 82
14 142
20 140
36 287
10 117
46 284
25 265
10 208
23 165
11 227
26 155
15 25
48 64
28 159
32 100
15 243
34 23
38 62
35 193
18 43
26 185
31 128
17 180
39 277
39 81
32 56
36 135
12 74

18 60
28 256
11 126
24 235
49 40
37 167
46 152
27 106
10 243
41 57
19 17
25 13
31 265
28 157
15 284
40 81
48 259
41 37
45 164

26 41
43 91
28 217
13 121
27 239
44 80
32 42
47 28
13 144
39 261
49 219
16 292
24 73
49 128
24 100
35 43
21 22
50 45
41 57
28 151
34 132
16 13
35 160
11 76
14 214
29 26
17 38

24 244
35 166
21 53
24 20
42 24
14 272
28 257
27 105
34 217
26 266
34 132
21 52
37 162
21 122
50 72
32 37
49 128
25 140
43 158
44 177
12 62
22 217
30 158
45 173
25 176

21 254
38 38
10 278
17 19
32 147
39 264
18 204
13 130
14 166
20 35
17 222
29 141
18 35
24 202
40 165
41 122
33 249
12 120
23 144
28 20
13 292
40 281

29 242
23 239
26 101
39 246
29 251
48 162
14 86
47 219
34 149
44 297
16 46
11 101
11 282
47 276
18 87
34 100
45 125
40 255
15 206
38 285
15 196
30 69
34 212
13 195
18 198
25 292
22 10
36 226
30 76
44 218

21 76
10 243
42 162
43 291
27 284
44 169
19 197
20 164
16 166
43 19
36 139
11 95
26 270
32 24
19 40
29 165
23 166
16 39
33 36
41 92
40 195
31 88

17 190
34 153
30 29
44 131
34 76
10 224
39 46
16 290
37 41
18 81
30 158
26 272
18 253
27 22
40 73
28 149
10 215
45 207

17 81
37 70
42 282
21 83
30 233
34 205
11 117
48 238
48 153
11 90
21 190
10 45
49 109
44 217
13 246
12 27
29 12
29 72

23 206
15 114
28 247
50 215
46 186
21 205
15 51
36 128
43 208
31 10
44 191
24 59
24 154
18 120
38 258
30 175
35 72
20 149
35 278
37 57
31 209
28 231
15 255
13 274

23 96
13 278
43 123
27 78
27 116
12 10
20 144
38 116
19 244
20 289
11 161
37 217
13 123
28 228
46 198
28 217
16 185
31 283
28 136
45 71
23 167
24 38
34 15
14 66

22 159
46 215
49 259
28 254
45 157
36 173
25 293
19 182
16 34
30 175
24 287
47 126
29 135
14 157
42 160
40 211
21 295
20 225
39 99
18 93
37 204
23 184
20 96

13 277
26 254
33 162
47 21
13 52
37 149
41 235
22 222
43 10
40 79
14 64
22 260
17 182
50 86

25 43
46 218
30 189
43 152
22 143
20 35
17 264
30 49
16 185
26 262
13 211
46 275
24 268
30 186
12 214
19 294
34 187
12 235
31 296
35 74
25 155
35 80
44 253
39 168
20 118
32 235

26 196
40 165
43 45
45 89
13 109
40 216
35 117
38 125
36 105
48 14
38 252
45 236
32 124
11 279
14 221
42 107
40 120
16 232
20 151
18 224
18 246
40 293
25 280
41 221
18 185
38 192
43 18

10 195
24 114
42 178
49 252
14 208
31 147
40 173
13 292
19 64
23 268
25 37

25 246
50 219
48 173
41 197
24 85
33 128
27 188
23 218
25 222
12 200
21 296
46 24
34 13
11 111
49 99
28 24
19 219
16 77
39 118
26 61
26 175
27 267
45 194
31 217
44 211
21 128

24 116
37 270
23 178
41 219
45 193
41 135
20 160
24 212
45 128
38 69
38 40
47 21
21 95
34 90
27 145
42 35
33 38
40 196
28 165
36 18
17 123
48 189
25 290
29 278
27 247

19 180
50 29
13 173
32 10
46 262
11 125
15 261
50 35
46 239
15 17
31 157
36 91
33 97
18 288
11 265
24 35
46 171
28 287
26 249
38 192

28 104
28 155
43 125
48 226
47 63
10 243
19 176
46 150
46 15
49 214
15 248
19 163
41 91
20 193
24 153
36 68
45 148
12 108
47 38
30 219
19 119
26 117
21 205
46 96
34 97
36 14
27 109
34 245
23 261

29 139
28 21
11 215
44 288
26 225
27 198
30 155
15 267
32 275
45 174
39 181
33 47
29 236
20 97
46 93
28 263
44 87
48 236
35 18
23 280
31 270
40 184
28 72
47 109
17 131
16 163
28 218
18 85
43 116
24 112

11 249
29 229
46 225
19 169
19 255
43 204
14 93
29 16
36 91
30 142
17 214
12 141

11 296
46 105
46 246
15 279
21 240
38 186
37 273
50 63
30 243
24 165
15 51
31 164

26 91
46 243
40 109
46 45
29 244
34 106
33 37
15 23
33 217
20 263
21 69
13 290
19 268
48 265
16 69
29 253
47 127
30 260
23 208
17 63
32 269
43 294
40 91
19 257
39 195
35 220
28 107

21 136
19 50
21 175
46 173
25 288
13 31
32 18
42 161
44 49
15 35
16 233
22 133
44 128
27 200
21 12
19 213
18 50
45 51
28 127
48 114
19 244
38 10

22 38
17 225
50 180
24 283
24 239
19 64
21 71
12 181
16 195
12 52
11 29
16 231
11 219
49 291
49 108
17 87
13 282
49 112
35 269
38 285
26 210
38 133
49 92

16 74
24 240
18 31
47 295
18 130
25 211
40 104
14 116
19 288
37 189
29 129
32 75
10 269
36 251
14 182
38 197
50 232

29 286
29 82
33 220
46 177
41 90
31 100
25 125
11 60
42 67
15 13
32 117
44 275
32 211
50 230
23 228
34 58
29 85
49 86
23 146
19 99
10 29
32 118
44 122
12 88
10 77
10 300
10 113
26 230
12 42
48 124

28 145
49 134
33 223
15 294
11 294
12 268
16 18
43 224
15 235
21 70
10 178
47 125
45 202
33 215
32 140
44 257
34 60
26 212
34 280
17 181
38 154
13 93
18 253
10 68
25 166
27 62
19 59
21 68
28 52

29 142
15 156
21 72
22 72
27 76
33 115
13 147
43 26
13 298
32 153
11 277
34 102
44 217
18 230
13 201
40 274
29 85
41 19
49 247
42 145
13 104
27 72
40 108
47 53
42 59
30 134
40 94
42 281
49 38
21 115

18 97
11 172
14 215
30 24
14 283
11 67
48 11
30 33
14 284
11 221
36 217
25 233
13 103
34 48
14 290
36 190
30 104
15 65
33 68

12 300
33 91
29 196
29 230
41 252
35 156
48 247
27 233
38 41
17 76
17 276
24 197
37 198

10 210
40 68
12 242
39 158
40 213
20 135
47 176
12 27
47 255
37 57
33 273

18 11
28 104
50 48
26 71
49 210
29 41
30 49
18 250
36 157
19 210
46 271
14 173
17 116
38 213
44 192
38 55
28 70
13 113
37 279

30 171
41 83
35 249
49 231
36 106
47 45
32 40
21 122
21 277
42 261
19 45
37 258
41 48
10 181
20 173
49 298
29 102
27 19
18 180
19 169
22 137
10 106
39 189
19 243
36 118
14 43
41 37
41 284
42 231
19 88
10 296

17 282
49 195
47 255
44 142
29 278
29 153
38 214
11 137
25 292
37 87
33 257
14 234
23 179
35 178
49 289
50 197
11 187
17 194

18 145
11 266
40 233
32 180
22 186
27 21
11 288
21 118
30 74
17 77
44 64
28 285
14 96
50 189
48 135
38 16
42 279
27 52
37 296

20 63
13 185
24 298
30 227
23 262
19 167
26 61
14 247
20 68
25 280
36 151
45 22
35 79
29 224
49 101
11 201
36 125
15 154
35 69
47 206
34 63

25 121
41 249
34 115
25 197
43 188
42 259
13 278
28 39
43 289
11 107
25 165
37 262
26 49
16 175
42 135
14 122
26 66
16 135
32 42
13 254
31 284
24 225
39 79
43 100
22 181
12 276

11 17
38 73
31 208
11 244
50 287
18 184
29 178
20 195
30 294
39 253
30 298
11 115

26 225
27 211
32 59
24 116
27 206
50 85
50 120
16 142
25 77
14 185
15 130
16 157
11 63
23 165
45 118
30 181
34 296
21 67
15 191
19 44
31 173
32 258
43 206
31 53
24 207
20 145
25 189

16 25
50 171
22 173
10 187
33 298
47 240
25 207
31 180
46 269
48 143
44 51
22 182
25 195
32 143
41 192
20 146
41 161

30 162
15 120
45 44
47 23
11 127
43 70
25 118
12 119
24 199
20 176
29 260
39 226
19 90
49 133
15 193
29 79
50 279
29 162
16 70
43 159
43 99
17 233
46 107
35 141
25 264
23 86
18 123
19 116
29 217
31 108
32 12

22 124
26 41
21 78
38 231
20 270
36 58
13 54
31 100
40 15
24 255
19 167
25 195
18 111
14 147
10 175
32 79
15 280
43 271
30 221
33 268
39 43
22 288
16 113

27 83
50 132
23 142
11 112
22 251
39 75
35 43
41 166
15 30
23 139
20 241
16 109
23 172
19 221
24 286
37 53
34 45
18 21
36 27
41 114
37 190
18 245
44 270
15 39
47 103
14 258
14 167
49 231

11 291
25 234
28 237
23 72
32 28
50 71
42 248
10 144
43 98
47 288
38 204
20 297

29 94
47 181
34 238
44 110
11 118
45 91
34 47
49 280
28 278
35 145
22 237
44 35
13 106
26 283
31 98
10 90
46 282
26 216
32 84
20 151
48 159
49 184
45 173
30 243
12 274
30 82
27 238
23 93
12 208
46 292

27 282
40 292
18 198
17 90
30 266
30 146
23 103
16 238
32 99
42 178
23 197
24 127
30 34
45 162
33 190
48 250
13 248
33 21
30 151
33 243
46 62
15 262
20 244
50 157
39 292
50 111
11 19
16 67

11 198
50 276
11 123
27 137
30 163
45 88
21 142
19 34
44 148
24 190
14 168
17 271

11 217
30 224
35 84
50 105
20 130
41 39
44 209
15 31
23 241
38 152
48 46
41 34

27 24
15 105
22 208
35 26
48 77
42 252
16 147
49 263
39 20
41 119
50 226
23 191
10 222
16 211
47 175
30 81
18 115
16 177
48 282
48 216
42 159
12 104
19 174
50 280
31 257
39 37
50 51
39 244

26 99
34 288
20 200
30 87
49 42
45 176
16 33
43 102
45 21
19 18
20 87
40 147
37 76
39 194
49 234
11 159
25 280
30 135
32 78
18 290
25 156
17 243
32 20
49 269
47 222
47 59
44 111

18 152
25 299
23 106
25 88
35 117
29 94
44 247
19 192
14 18
38 221
11 81
47 287
18 108
10 18
20 13
19 85
45 173
10 148
18 126

13 80
34 186
44 258
43 140
18 85
48 177
18 88
34 86
25 260
49 285
29 87
46 125
26 130
44 35

21 70
22 101
11 236
41 292
43 268
41 33
38 94
20 223
26 190
37 66
25 285
24 157
36 241
13 134
33 186
47 86
45 49
18 193
14 239
30 243
43 181
41 183

18 17
43 232
20 156
32 278
25 66
18 261
18 66
15 49
16 212
21 231
25 124
35 143
18 295
14 287
16 221
42 285
24 177
31 82
49 243

27 269
47 270
14 160
34 35
13 174
23 54
30 15
24 14
18 253
44 244
50 82
41 71
35 211
34 165
22 12
28 285
35 120
12 138
36 22
26 170
18 144
38 108
12 33
19 37
25 269
38 219
20 70
18 58

21 263
42 138
12 98
21 188
23 62
46 205
47 43
10 250
13 141
12 275
44 24
13 118
16 204
13 23
21 129
25 114
35 264
48 28
26 112
10 207
41 254
43 178

16 63
33 167
28 165
11 231
27 205
40 284
19 185
43 156
44 242
48 264
46 132
15 99
17 146
28 206
34 138
38 122
35 181

18 17
41 107
11 104
10 80
28 262
36 263
34 160
39 228
34 264
40 278
26 283
38 292
12 84
31 48
22 108
11 285
46 290
38 233
43 277

17 182
10 26
22 241
28 84
28 216
20 56
36 277
17 69
19 136
40 39
39 202
50 148
39 275
10 183
44 135
23 84
28 205
23 184

29 101
19 136
48 23
17 49
46 74
23 84
35 59
39 289
31 57
24 219
29 101
32 167
30 73
48 229
49 87
21 67
14 29
16 69
41 65
45 41
35 29
40 35
44 146
37 288
24 212
26 285
15 216
29 206
11 28
10 225

30 130
15 65
18 134
17 259
30 232
26 171
16 272
18 146
29 286
37 82
28 59
29 218
40 125
37 194
28 140
19 213
14 230
39 289
11 261
48 200
46 121
29 143
33 114
38 205
48 92
44 54
50 130
16 272
18 13
49 224
12 265

25 235
14 288
45 96
47 130
21 185
47 299
28 89
13 260
29 117
50 252
50 139
41 218
20 85
22 249
15 299
17 20
49 107
49 30
11 146
28 71
10 168
47 86
22 70
42 196
49 114
38 50

18 245
10 109
32 93
30 152
47 62
46 99
29 47
10 143
25 264
17 111
11 107
32 89
16 124
39 61
31 172
15 26
17 17
23 267
24 153

18 172
45 135
10 294
12 264
29 73
23 91
49 180
30 85
25 18
28 142
13 169
30 219
26 74
26 226
15 219
20 65
14 267
24 87
32 31

14 154
18 140
44 295
12 21
40 261
31 100
46 76
21 76
31 137
20 253
28 159
21 100
25 125
20 267
25 284

12 247
39 171
29 93
12 221
10 167
14 92
36 221
43 35
25 179
16 189
29 183
10 89
44 226

25 164
11 214
32 13
25 221
46 136
34 74
42 99
41 189
13 34
43 73
26 127
28 287
42 67
47 169
43 206
21 212
31 204
15 60
32 47
14 230
30 164
44 236
25 229
38 156
20 260
44 249

20 99
23 298
10 73
50 171
24 32
50 20
23 180
29 194
14 214
16 265
40 178
13 235
49 173
50 38
14 65
24 117
15 85
16 197
48 254
46 137
22 96

14 267
13 160
40 144
35 295
35 166
16 294
43 83
45 197
43 30
30 139
41 21
12 24
11 121
27 292
20 272

18 25
23 135
17 87
13 133
39 229
35 233
49 146
47 90
47 117
38 83
10 212
22 183
36 67
21 164
46 152
49 26
29 220
24 79
33 284

16 32
19 156
32 116
18 102
18 159
44 52
44 109
21 299
18 220
42 96
18 261
37 290
39 227
29 289
49 173
31 95
11 170

21 80
38 72
35 181
49 236
49 92
23 14
31 287
48 193
24 122
32 125
11 62
42 29
38 151
32 264
48 69
28 15
25 263
42 187
39 262
17 32
42 30
49 53

28 19
49 174
18 64
43 84
24 234
16 250
29 22
14 100
49 172
24 76
47 200
12 50
40 118
43 280
16 16
29 165
29 179
35 99
21 25
35 73
37 279
20 298
39 122
22 202
45 209
38 203
28 37
37 233
38 212

19 193
43 65
44 213
41 69
29 104
32 132
36 217
44 75
42 146
48 40
26 59
40 59
35 286
35 102
13 106
13 20
28 123
32 99
32 224
48 223

15 248
32 84
48 294
22 271
25 97
15 89
23 78
42 70
13 224
27 24
46 101
15 291
40 76
14 55
10 47
33 65

23 116
26 268
23 185
33 45
18 16
29 273
12 188
32 216
19 159
19 21
25 50
46 191
41 263
28 27
36 281
45 154
46 242
19 82
43 53
41 185
19 130
17 12
44 248
33 241

12 104
41 96
32 112
17 67
29 238
24 47
32 55
29 220
50 205
34 257
24 51
12 176
20 160

11 117
18 17
25 156
36 184
39 159
27 11
16 137
34 51
43 49
13 132
37 221
17 271

14 122
33 271
16 30
46 16
20 42
35 188
24 161
34 107
42 161
36 226
49 81
36 178
45 68
50 161
47 15

16 85
33 191
48 273
26 203
20 236
25 214
35 116
11 35
10 227
41 260
31 125
11 41
30 160
48 109
38 72
40 70
41 197

24 125
27 70
49 44
29 37
21 297
31 222
22 210
20 249
45 18
40 209
46 82
14 283
33 77
36 102
41 166
33 147
42 172
21 274
12 218
19 255
18 134
33 105
21 87
48 124
13 211

20 33
14 240
18 135
33 18
48 66
50 20
33 121
22 220
31 168
26 170
40 19
49 32
34 127
11 260
37 207
28 294
47 28
47 138
25 240
50 295
37 114

10 28
21 247
38 259
24 212
50 291
38 98
18 184
28 210
34 159
38 206
20 47

20 208
46 100
10 219
24 214
49 296
50 268
41 248
28 227
46 139
14 40
11 18
36 281
26 293
29 45
39 260
25 271
47 153
50 94
17 118
34 233
27 82

16 95
47 159
26 143
16 89
12 181
46 10
39 130
41 185
49 155
22 95
24 175
16 95
15 158
34 286
25 195
40 288
36 12

15 77
37 224
11 97
43 130
33 83
18 222
30 194
27 53
13 193
25 197
38 197
13 244
31 170
43 290
48 238
29 99

