74

25 187
33 90
42 282
17 22
25 171
25 113
44 124
42 297
14 69
43 73
20 65
28 164
50 176
46 253
50 287
11 118
34 104
27 202
18 29
22 24
42 26
18 290
32 162
32 165
39 194
46 170

12 272
27 290
15 45
35 291
27 116
31 187
12 235
49 281
23 48
10 43
39 141
27 290
46 91

15 206
48 280
21 211
41 227
30 39
23 178
17 286
40 202
43 199
42 88
23 177
18 204
13 184
40 237
14 46
11 290

16 187
11 56
31 96
31 91
39 133
45 249
17 207
13 202
36 206
15 227
22 111
29 251
17 80
40 280
27 252
30 181
24 286

27 40
13 151
11 218
37 217
25 210
34 258
33 88
47 138
32 273
31 118
30 196
36 33
15 176
23 300
10 146
21 236
35 167
42 273
36 238
24 211
13 135
15 95
27 200
50 201
34 178
23 162
10 35
50 45

10 115
12 133
11 220
35 35
42 81
20 139
23 38
32 248
19 189
18 165
31 23

15 55
17 273
13 251
44 289
39 284
26 129
43 116
31 278
49 100
46 195
23 188
13 88
24 227
29 147
42 59
33 264

20 223
21 287
18 43
36 202
44 282
16 292
19 35
47 33
42 98
40 75
34 116
44 146
12 121
19 47
31 182
48 43
48 57
21 201
22 111
37 32
35 280

22 276
44 232
42 88
46 142
19 13
42 233
11 92
45 198
25 95
39 299
11 84
29 235
46 86
34 93
50 284
37 280
17 37
21 156
10 68
44 118
30 253
36 105
23 155

23 98
35 222
12 206
34 92
37 267
38 177
29 180
19 242
48 261
26 25
29 47
16 14
27 160
42 218
45 156
18 292
10 103
16 27
16 76
12 264
11 278
39 253
44 109
32 101

29 176
50 15
19 216
35 269
12 248
36 259
15 27
13 100
49 14
38 166
14 224
33 26
30 161
21 62
47 194
22 92
45 233
35 188
48 95
20 287
30 79
21 83
11 114
27 123
41 112
36 273
46 283
42 126
39 293
21 274

13 178
11 50
31 134
48 152
49 13
10 246
41 85
42 10
50 78
36 163
31 146
34 10
45 231
27 244

14 25
50 277
18 156
31 85
23 13
29 178
38 75
24 280
47 223
19 145
40 152
15 189
21 11
27 133
31 226

10 57
49 178
48 32
44 96
32 68
32 115
44 135
44 190
24 141
30 74
44 281

26 212
22 145
19 48
33 10
11 161
33 171
34 160
49 182
16 116
22 190
25 192
43 284
34 148
23 78
41 149
18 31
34 121
44 60
48 175
50 92
35 228
11 284
23 20
22 41
13 189
21 279
33 208

13 53
34 230
36 218
27 253
30 156
33 286
49 208
40 297
45 71
42 63
25 267
25 41
44 190
26 73

17 142
21 11
31 32
25 194
49 175
29 52
41 298
36 265
19 216
28 197
25 157
34 276
35 95
17 93
17 128
47 193
18 212
38 194

15 229
33 172
50 288
25 270
39 238
12 186
41 116
45 31
28 120
26 59
42 32
30 103
12 91
28 35
49 212
39 55

17 237
30 135
44 116
50 245
10 193
14 171
25 265
18 154
19 265
20 157
21 296
50 25
45 103
48 70
46 258
15 270
42 294
43 160

25 167
42 113
40 176
34 60
25 157
13 218
49 188
20 193
41 137
40 178
19 97
29 239
48 177
44 107
19 98
28 171
33 149
48 34
46 175
33 231
37 43
13 114
50 23
16 32
50 294
16 144

15 64
16 212
14 237
42 87
16 59
14 150
11 22
10 123
40 297
21 287
27 230
21 80
26 297
46 98
38 239
31 84

20 292
19 24
37 36
40 168
45 103
17 180
26 164
35 219
14 264
11 192
20 221
30 299
17 248
19 293
43 28
49 57
23 70
12 198
21 194
18 17
50 104

21 163
28 156
27 140
35 134
42 127
19 253
46 34
13 119
35 178
22 100
11 75
50 262
45 296
22 59
15 145
43 269
50 56
20 216
32 106
18 31
48 98
33 154

14 111
40 86
43 184
24 274
36 126
17 183
29 32
38 268
16 21
18 90
21 192
39 204
17 205
47 234
39 25

17 288
50 217
25 150
37 192
40 43
45 45
16 94
22 248
35 33
38 149
24 168
10 146
37 103
17 204
38 294
17 211
31 64
15 278

11 175
23 143
28 101
36 260
46 224
27 170
33 139
12 164
32 103
35 149
35 201
25 290

11 40
39 154
21 87
15 263
43 120
31 232
41 221
15 74
20 82
44 131
48 31
18 77

28 179
19 73
12 162
15 285
13 228
34 174
10 244
10 89
48 255
18 25
25 55
39 76
30 211
29 212
48 122
21 129
30 181
33 243
25 261
14 115
49 270
39 290
33 228
13 215
31 21
46 222
15 237
47 36
33 187

17 38
30 17
27 92
38 266
32 140
19 28
16 222
10 153
24 46
36 216
28 278
29 181
16 161
34 96
15 65
19 164
38 226
31 218

13 39
13 119
42 170
36 276
44 49
48 143
17 218
16 273
40 87
19 127
31 135
44 175
46 155
45 193

21 218
13 251
14 51
37 17
15 156
19 35
42 65
50 215
26 136
46 147
34 169
29 139
33 60
32 165
47 90
21 144
36 175
35 269
32 78
18 207
17 278
35 108

19 204
29 107
10 77
20 205
14 112
16 45
35 266
15 100
41 239
16 61
41 32
14 193
29 54
43 288
49 105
46 28
23 270
46 201
25 157
42 251

29 234
27 51
40 164
32 38
25 156
28 127
25 104
12 65
40 107
23 78
36 151
36 150
18 43
38 195
26 96
44 218
41 292
39 95
10 75
49 159
12 281
50 203
49 161
43 93
29 217
18 159
42 14
49 137
16 229
41 36

29 27
36 204
40 280
39 211
24 49
46 121
25 276
38 22
29 252
40 74
43 295
19 299
41 221
45 41
14 106
45 125
36 156
48 297
28 68
11 38
38 129
34 184
24 168
10 78
11 34
36 127
10 198
36 19
49 206
17 267

26 145
25 193
26 219
29 186
21 42
50 195
49 108
40 255
47 291
28 195
18 88
40 77
19 30
39 229
29 200
46 167
13 34
45 88
38 204
40 250
12 154
21 293
31 38
23 195
50 225
33 152
34 50

23 187
22 289
25 145
38 205
35 256
15 64
36 196
31 37
10 95
22 18
13 205
17 39
22 279
30 103
12 117
33 183
40 234
39 189
47 25
26 263
41 225
50 289
17 211
40 166

24 241
12 214
29 152
41 39
29 174
48 116
13 112
50 82
10 274
39 54
40 122
47 36
15 262
34 282
20 185
31 102
15 153
43 205
33 275
12 173
29 105
22 195
12 120
35 188
45 48

19 163
26 268
22 282
18 161
35 42
36 122
29 226
47 49
43 95
26 297
47 91
22 244
45 174
41 22
12 38
12 163
28 258
48 33
16 17
15 277

27 38
34 154
45 16
29 260
17 219
33 252
27 85
21 295
44 287
44 203
13 119
49 15
32 180
20 219
17 75
44 137
29 78
17 166
39 74
27 271
25 271
19 201
36 257
38 263
50 28
25 251
23 95
25 232

30 63
37 15
43 34
37 87
43 158
15 40
22 292
45 222
41 101
34 19
45 97
50 199
26 225
30 228
15 209
46 197
15 83
22 92
20 141
33 44
39 219
11 82
20 297
33 129
50 219
32 209
23 120
25 171
32 117
48 144
27 198

18 151
44 186
48 299
23 30
45 11
50 72
38 115
40 187
39 108
50 13
17 40
34 251
21 24
48 290
29 57
40 73
42 184
49 276
17 20

30 143
28 122
24 80
35 145
37 272
14 221
27 112
12 271
16 51
18 155
34 74
43 85
39 22
22 232
50 93
49 127
35 147
13 135
20 16
47 95
10 142
35 55
20 273
11 72
17 62
27 136
17 73
28 222
35 276
33 169
48 295

14 287
42 264
32 30
12 136
10 80
10 247
40 131
27 93
11 72
18 167
21 290
44 49
40 132
44 248
49 125

24 164
22 238
19 272
15 211
26 61
17 155
27 115
25 165
19 217
19 153
18 53
48 182
21 92
44 169
34 173
32 65
11 165
32 183
38 285
15 50
22 300
40 295
46 281
46 122
11 42

23 101
17 214
36 298
27 268
38 20
12 190
38 176
12 287
34 178
11 209
31 292
48 266
27 294
31 289
17 71
29 222
30 282
45 51
10 224
41 286
45 205
36 144
45 14
14 254

10 22
41 247
38 286
25 92
38 265
25 60
22 182
32 74
49 149
16 50
14 121

17 105
46 286
42 124
43 101
36 100
34 268
23 227
33 185
14 263
12 282
45 26
40 28
31 244
34 251
32 232
33 30
45 39
41 75

16 148
35 31
34 17
46 295
43 282
15 22
50 242
32 202
28 205
13 216
37 133
41 200
17 152
17 30
41 69
15 116
27 258

17 264
30 169
18 210
10 48
30 94
28 65
49 204
27 83
48 111
40 198
11 122
16 233
18 139
18 27
22 123
47 258
50 102
36 180

30 133
39 141
43 195
44 119
44 255
40 291
33 78
47 280
16 252
16 84
49 282
20 260
23 281
33 187
22 36
31 90
23 251
32 227
31 54
38 88
49 261
33 183
35 172
39 40
40 41
32 298
46 231
28 129
48 168
26 111
37 270

27 12
33 228
26 154
32 27
29 204
49 142
33 140
17 287
10 129
43 45
45 250
25 222
10 177
31 217
42 57
39 198
14 197
20 189
49 192
23 182
10 251
45 114
31 137
50 36
33 77
46 105
28 29
27 291

10 135
44 279
27 96
30 39
50 107
50 60
45 216
40 110
45 98
29 213
19 285

27 145
44 82
39 276
14 79
14 93
11 172
17 169
11 137
20 256
28 243
50 33
23 198
35 62
22 286
33 13
27 246
21 118
38 167
43 97
11 94
10 241
12 41
30 185
37 199
15 197
16 137
27 11
37 202

27 50
43 186
11 266
43 32
39 207
28 26
22 286
15 164
29 245
23 182
46 91
29 140
40 86
15 293
16 226
37 28
38 278
11 37
41 237
15 223
21 201
22 13
12 75
28 207
27 141
35 125
40 120
34 178

13 108
30 125
34 261
14 199
11 157
44 212
28 233
18 146
36 47
10 286
28 268
17 289
27 37
23 193

18 131
39 15
28 207
14 96
44 70
24 148
24 281
46 140
26 217
41 254
41 235
34 277
31 11
15 100
48 249
15 185
36 293
36 18
18 12

12 300
48 46
37 185
35 299
32 236
10 19
12 271
38 74
33 21
20 46
28 153
29 244
25 179

25 78
31 62
11 144
27 18
35 295
18 79
39 165
32 170
35 299
11 289
40 273
13 135
36 84
27 61
28 107
21 205
48 216
37 235
10 183
23 143
47 228
30 137
27 75
30 183
41 107
48 62

19 293
27 50
33 19
39 32
35 83
14 273
46 21
40 300
19 192
33 175
42 179
22 11
31 183
20 50
34 66
43 248
15 227
30 97
15 125
42 57

16 203
33 229
45 93
50 123
32 203
35 172
43 249
22 288
16 195
29 106
23 105
41 95
26 213
42 31
34 196
27 142
33 215

21 71
32 173
38 292
11 13
30 218
18 42
48 21
16 162
14 86
29 36
24 63
21 251
16 103
49 51
17 88
44 49
21 23
36 85
34 28
27 252
19 81
47 18

27 261
25 85
19 263
48 223
45 58
16 192
21 287
43 69
27 211
26 287
47 22
12 288
35 57
45 233
40 178
40 142
43 258
40 38
23 29
29 118
35 22
19 178
40 253
24 154
18 82
41 170
17 173
46 72

16 261
49 165
10 35
33 137
16 251
22 172
20 218
49 75
43 80
24 126
46 129
49 197
36 183
25 46
40 197
25 222
43 141

19 294
14 35
12 246
16 64
23 35
43 258
11 265
14 128
16 295
23 79
29 235
24 184
47 241
25 130
18 75
44 89
29 277
43 145
25 90
27 243

23 103
48 185
31 250
37 230
37 156
42 29
25 91
32 155
27 220
42 39
35 119
45 284
11 213
29 45
46 271
17 62
36 119
50 252
11 252
24 201
33 291
16 262
37 23
39 138

15 79
19 93
13 291
26 23
44 169
43 284
30 282
43 29
30 210
16 80
15 37
44 23
21 92
12 241
45 46
47 164

20 263
42 251
47 202
22 223
26 286
45 65
49 39
40 249
50 101
20 287
29 89
50 134
42 238
20 235
35 238
24 130
17 193
45 102
32 293
14 178
22 149

22 182
23 290
27 38
13 49
44 297
26 225
39 175
40 286
24 291
24 106
49 159
27 11
49 220
43 245
18 63
19 37
24 137
50 79
25 158
37 75
15 43
18 241
23 293

13 187
16 221
31 12
39 61
11 246
34 111
39 93
50 132
18 284
39 234
43 167
25 201
47 170
42 223

21 237
42 131
43 287
43 244
35 130
22 243
40 261
34 287
13 91
20 67
10 176
50 229
10 156
28 251
24 248
13 148
41 28
18 233
29 272
15 255
19 58
36 237

27 292
33 205
46 68
43 170
50 248
37 11
24 285
49 78
31 195
40 296
46 163
47 100
38 99
11 72
32 113
26 244
50 96
23 15
17 124
19 201
27 174
30 94
39 186
14 99
33 68
45 59
35 195
47 43

28 159
37 240
36 253
33 299
23 133
35 125
24 24
37 89
26 124
44 180
34 172
27 137
18 285
13 88
47 103
38 143
35 103
34 236
45 202
26 251
15 83
14 166
30 234
26 184
33 123
43 94
32 89
47 44
37 238

28 160
37 92
14 12
46 106
17 41
10 144
28 282
31 223
22 186
21 130
14 163
18 279
27 232
40 218
36 139
42 155
10 205
45 66
24 50
28 204
47 239
38 217
33 100
38 141
20 262
23 272
47 241
28 84
19 12

28 193
48 182
16 234
28 151
10 63
47 164
15 68
18 261
38 273
37 122
42 87
45 265
34 172
24 295
44 180
21 197
29 188
17 207
23 94
36 207
17 150
13 112
39 212
41 261
40 63
47 165
10 164
22 118
20 299

