73

17 87
49 142
38 48
30 56
36 184
31 38
20 157
27 251
22 79
14 278
34 158
10 194
34 227
35 37
50 36
41 26
21 87
18 129

10 275
17 94
30 46
14 130
34 156
10 121
47 189
23 74
17 43
39 276
37 186

12 71
44 281
46 115
28 209
44 262
24 65
46 275
41 167
38 243
47 40
18 191
44 278
40 33

13 156
40 280
34 76
44 87
24 222
46 292
24 122
15 95
50 264
24 161
45 160
30 155
27 85
30 191

25 258
18 180
34 186
50 280
50 99
42 187
41 273
21 257
35 193
18 179
42 251
25 204
15 123
15 18
46 255
19 192
17 215
20 41
17 30
10 193
21 112
13 210
21 72
47 279
34 232
28 255

23 220
44 93
27 259
30 86
26 164
34 162
49 58
19 150
34 246
25 40
34 17
50 73
34 260
24 121
18 203
16 251
42 187
40 112
21 102
49 184
28 199
41 19
26 64
20 130

24 89
27 55
33 142
26 231
48 280
13 32
48 211
45 86
15 104
32 280
38 293
38 37
48 52
45 289
14 72
39 170
29 87
32 289
40 50
30 246
15 215
43 169
30 236
19 266
46 198

10 128
34 182
17 283
16 265
19 202
24 238
23 245
50 87
30 110
46 154
31 259

14 217
34 230
46 95
43 243
38 261
48 103
33 30
40 213
43 260
11 106
44 240
43 73
40 107
47 37
37 233

29 169
48 96
48 77
13 294
13 88
17 92
26 19
40 259
50 182
26 286
33 234
50 239
19 34
22 62
16 42
20 248
45 22
22 188
36 74
43 150
15 115
49 145
25 206
13 283
46 221
21 159
32 135
38 241
50 178
30 210

18 212
29 166
27 21
44 166
11 59
42 142
27 136
43 260
17 264
33 40
36 300
20 136
25 122
13 15
15 27
33 21
20 209
16 250
25 40

15 281
10 140
41 10
22 229
47 76
23 122
24 80
36 98
16 84
48 279
48 118
34 47
14 44
47 280
34 20
11 223

28 240
22 234
27 268
24 259
50 37
29 162
46 151
18 257
17 221
25 283
45 152
19 42
18 125
10 281
17 208
35 52
40 261
17 28
31 40
16 136
45 178
34 191
28 203
47 277
30 34
45 89
34 72
44 203
30 13

10 80
25 277
39 180
37 90
34 82
49 255
41 112
34 19
29 29
25 104
15 65

28 39
50 203
13 129
42 36
34 79
38 155
19 280
23 121
22 285
41 203
26 156
35 107
42 61
24 146
22 42
17 259
24 172
42 291
38 270
33 20
16 208
48 47
45 254
48 26
12 285
15 86
18 161
15 198
28 256

14 122
12 226
36 47
42 143
27 172
10 173
46 186
36 186
11 284
38 42
22 78
50 52
46 77
24 175
20 194

26 61
49 205
40 127
28 294
28 30
39 147
10 101
25 241
41 222
25 276
20 20
27 151
19 60
36 125
21 141
29 88
14 23
19 204
11 153
37 210
24 37
48 249
32 121
26 145
29 155
26 215
13 298

13 214
21 189
39 234
43 264
10 100
47 284
29 13
40 54
18 187
26 247
20 73
41 64
47 175
40 55

17 136
24 75
26 174
17 12
10 135
39 259
18 242
48 110
44 176
48 294
22 51
16 75
25 156
27 106
17 160
49 40
10 112
35 65

23 276
34 277
25 77
18 113
46 276
31 274
32 242
16 43
24 139
28 278
32 25
37 172
48 224
46 36
48 148
46 141
47 292
29 197
20 186
14 202
16 232
27 64
35 215
21 129

17 75
38 130
50 146
37 104
11 56
38 211
27 35
46 69
17 129
20 157
12 107
43 274
37 199
40 89
24 91
36 102
22 268
25 228

16 145
11 20
20 279
49 171
33 249
12 55
18 138
20 63
39 60
32 180
45 255
21 248
32 90
27 115
40 159
10 268
44 167

14 202
26 25
21 262
38 279
41 269
26 286
10 91
36 56
30 59
32 201
38 28
46 195
37 268
49 179
36 72

15 171
30 145
21 56
40 42
10 204
46 185
45 293
34 293
38 167
37 285
32 217
50 269
32 261
20 184
27 168
29 297

26 49
22 92
37 177
20 231
14 125
33 86
40 55
28 285
45 259
34 90
12 62
21 113
31 240
17 109
42 288
38 81
34 261
49 14
13 33
31 205
36 239
24 81
21 193
24 12
25 218
33 46
35 12

30 93
46 54
26 281
27 137
11 240
44 232
49 179
23 238
24 173
38 117
20 37
35 174
12 294
11 259
21 12
38 194
46 287
40 154
20 290
47 157
42 197
34 84
13 108
30 66
43 112
14 112
20 160
38 96
22 215
27 48
35 81

14 210
15 186
22 58
35 52
29 184
31 244
38 142
28 175
49 160
15 90
24 142
22 195
26 104
29 81
37 145

28 100
22 34
46 206
31 179
16 45
12 15
39 37
46 227
11 121
25 74
37 60
25 60
24 118
17 77
41 242
33 166
42 203
47 267
35 227
12 227
20 208
23 211
10 44
12 224
19 47
46 181
49 149
38 210
16 206

21 200
33 63
40 96
44 103
40 198
48 36
34 226
24 51
24 99
34 186
35 140
27 247
22 125
12 99
36 47
33 230
35 67
45 231
50 88
42 66
40 43
25 174

11 11
28 226
25 85
40 163
35 237
47 274
11 138
41 114
19 65
44 175
11 170
10 287

25 178
40 239
11 124
12 157
18 62
16 165
17 33
29 62
18 195
33 116
20 68
11 29
11 127
43 119
47 176
50 115
23 289
36 132
12 169
34 268
49 26
16 243
41 190
28 250
43 239
27 124

22 123
36 294
34 127
24 207
19 20
19 295
46 189
23 286
44 138
45 204
46 126
45 160
37 255
32 224
48 99
19 148
43 262
38 62
50 200
29 291
26 171
43 117
19 243

15 257
50 86
49 74
27 151
43 11
39 179
28 132
11 254
32 28
19 23
28 33
11 135
36 28
38 261
50 166
34 251

21 218
42 172
21 242
35 236
36 108
24 112
13 80
10 229
23 271
22 277
17 222
24 44
39 189
49 224
36 293
24 27
24 170
37 181
31 294
35 271
27 143
30 270

21 191
27 147
37 209
23 81
17 237
20 94
31 288
23 110
35 262
29 213
43 72
11 119
18 155
35 215
20 103
19 288
39 292
42 144
14 156
19 98
27 15
47 295

15 261
36 200
33 105
21 288
49 59
36 239
40 159
44 39
26 100
41 128
28 258
20 89
11 197
20 264
43 24
32 162

29 233
47 23
18 31
21 71
22 272
45 121
21 142
18 267
43 188
13 240
13 17
30 147
40 280
31 258
21 49
25 79
15 57
31 157
23 158
20 122
34 97
42 81
38 54
48 154
10 210
19 190
13 43
43 159
23 106
11 193

28 134
16 137
18 155
26 13
11 185
26 80
29 43
48 78
29 298
28 203
37 57
49 254
11 199
44 300
48 178
11 161
36 210
18 155
38 204
20 162
23 143
41 209
18 265
41 74
42 165
19 230
17 184
25 42
25 65

23 247
17 51
26 110
28 279
49 296
25 21
35 207
21 120
32 117
36 142
16 174
37 96
37 88
28 255
20 221
15 186
27 244
37 60
12 234
16 189
19 112
40 282
28 87
44 262

16 74
50 297
24 83
18 242
11 156
13 11
50 172
40 94
27 94
14 225
40 141
31 135
11 137
25 47
48 283
45 264
24 122

28 79
17 291
39 121
32 55
37 101
16 21
11 285
30 293
30 13
26 218
28 100
37 287
50 95
10 20
39 70
38 26
18 169
21 49
47 292
16 244
15 166
35 181
11 205
17 16
49 56
23 251
19 189
26 32
18 122

16 207
19 187
49 23
49 59
12 178
14 66
32 248
45 143
50 67
26 296
13 260
49 278
40 43
46 161
19 218
42 60
39 279

23 90
16 170
44 164
12 65
17 31
30 293
40 179
38 289
39 28
22 245
12 108
18 126
46 218
10 167
13 223
10 50
15 199
12 123
43 257
48 236
18 256
18 299
30 279
46 100

27 216
20 213
46 91
45 22
27 128
42 223
10 144
37 216
26 109
25 159
26 271
21 224
27 295
24 75
26 276
19 117
38 200
26 169
48 222
10 160
50 26
11 123
41 176
34 258
47 43
43 68
38 221
34 99

15 269
42 220
46 33
46 122
14 12
50 104
14 171
19 95
16 207
25 279
41 53
23 288
17 169
23 293
19 101
39 168

13 262
45 228
47 229
35 107
23 157
34 168
23 158
20 272
21 214
27 101
42 288
50 43
38 150
46 21

20 21
17 93
34 86
14 251
22 281
15 291
30 181
40 16
41 227
47 159
24 26
10 218
22 133
16 136
19 254
25 249
24 45
38 167
47 275
29 97
19 161

12 296
38 143
27 260
20 69
49 138
23 298
22 119
19 202
10 223
11 174
11 126
44 218
42 85

11 289
45 50
38 200
31 221
27 28
31 37
22 173
41 177
33 217
22 66
16 226
30 244

22 64
10 222
10 128
12 200
42 193
36 115
32 44
38 144
25 269
12 251
16 171
38 190
42 89
29 138
27 250
15 56
13 232
50 82
27 18
10 147
25 163
14 214
46 111

24 94
50 48
40 98
42 243
42 109
27 21
27 172
20 196
36 299
23 172
29 225
32 111
46 101
30 232
36 87
44 229
22 137
10 92
10 296
17 286
23 172
26 283
13 235
32 39
45 67

18 100
43 179
30 180
28 87
14 175
14 211
24 296
44 106
30 211
36 263
23 110
18 37
36 227
41 248
46 73
46 222
33 58
43 284
28 117

20 158
39 69
22 279
40 106
47 264
26 227
13 240
29 189
26 248
33 194
42 99
42 82
39 14
20 54
10 173
39 126
49 137
38 133
50 202
34 203
40 35

11 284
46 16
44 125
10 75
48 212
28 187
11 282
13 16
31 276
13 142
44 157
36 106

11 280
39 287
45 210
19 106
28 34
22 190
50 191
13 185
31 69
46 257
47 174
29 111

26 229
34 200
13 163
18 203
46 12
36 287
40 179
18 174
46 217
12 43
22 56
16 75
27 113
38 146
26 56
22 188
32 43
50 39
18 246
28 235
45 62
18 104
35 117
43 144
41 55
10 199
28 187

27 36
28 213
26 112
19 114
30 223
37 213
50 76
41 229
26 271
24 28
30 289
34 42
21 18
31 238
35 22
10 37
37 69
50 225
30 101
28 178
27 126
19 141
40 29
35 19
23 91
16 277
28 14
32 13

12 102
39 154
36 123
29 173
13 112
39 103
44 200
38 151
23 103
13 31
37 107
30 158
18 58

14 56
10 292
27 137
34 160
23 295
29 27
49 193
16 70
12 27
12 32
31 231
42 180
13 175
25 263
36 32

30 257
34 113
41 111
20 224
16 74
16 210
21 170
15 101
47 110
47 235
39 102
29 168
49 252
37 149
49 185
20 175
39 270
21 34
22 121
10 16
18 249
28 248
13 82
48 220
50 110
29 90
31 165
29 166
18 31
11 293
38 145

27 70
17 21
43 56
18 142
10 132
40 289
30 79
50 154
27 56
30 177
17 245
20 212
48 186
13 48
43 50
10 288
28 289
27 160
15 284
25 221
31 86
19 12
10 100
18 80
10 131
29 236
29 209
30 19

17 246
26 38
35 252
24 129
20 150
45 175
10 70
14 194
47 127
12 114
31 216
39 194
31 63
31 290
48 139
11 224
44 156
45 191

28 247
42 46
12 238
26 127
23 129
19 292
16 279
48 154
28 208
25 283
23 299
26 72
38 55
19 52
44 194
32 78
46 295
44 255
13 112
18 257
44 290
50 201
28 22
12 54
13 157
29 59
42 57
15 296
32 280

30 88
26 101
30 53
45 113
29 279
14 273
34 27
22 283
24 29
19 54
40 247
47 288
19 214
43 288
45 106
48 52
47 255
34 32
50 106
42 43
21 52
30 198
14 135
18 162
36 91
13 28
46 287
12 256
16 163
11 296
47 28

10 14
28 279
50 72
10 274
21 278
30 287
13 37
23 295
47 236
22 242
29 277

15 252
49 23
27 206
24 234
13 145
29 247
31 142
27 287
48 154
32 211
29 77
10 222
41 187
50 216
39 18
38 189

14 223
45 114
43 170
28 232
22 90
31 187
31 71
37 84
23 40
22 191
30 35
40 257
37 263
48 55
19 183

29 155
29 18
10 126
29 197
17 217
50 163
46 267
29 60
12 268
29 258
34 298
27 28
15 137
27 68
38 78
26 210
48 168
41 204
14 177
34 60
41 113
24 276
20 68
15 284
18 234
18 125
18 14
32 86
50 178
29 72

26 114
35 70
44 139
45 162
19 69
46 38
32 178
46 197
26 103
47 295
49 291
46 144
18 275
22 56
48 152
14 153
43 262
36 224
49 197
11 10
31 202
33 235
25 203
19 23
25 241
13 287
12 219

23 176
45 71
43 26
26 135
50 191
22 15
28 295
44 204
50 10
24 174
13 155
49 195
27 12
21 213
21 38
32 200
26 210
35 150
36 213
30 165
12 207
22 262
37 43
23 18

17 111
32 282
21 117
10 58
38 12
12 40
38 232
24 128
13 269
13 294
43 255
50 129
24 110
21 120
27 64
36 124
43 78
27 295

15 123
31 91
34 54
50 122
24 275
12 251
10 262
11 223
14 238
24 64
34 251
37 168
43 89
11 157
10 19
36 62

20 154
35 282
49 118
39 198
26 129
48 25
18 103
49 122
32 75
36 216
38 159
23 110
16 144
31 155
29 113
39 220
27 76
46 284
13 185
24 51
42 193

