59

11 291
45 232
33 267
40 124
13 189
46 267
18 111
45 87
43 253
23 121
50 28
22 193

23 265
29 148
13 234
30 142
44 93
33 216
36 64
34 258
42 198
21 124
47 40
50 27
23 172
32 288
18 187
12 36
42 273
36 156
33 129
37 267
38 207
10 259
46 171
47 84

20 92
38 24
13 53
38 70
50 192
35 41
34 58
20 76
40 208
10 31
34 271
19 107
10 288
10 18
21 126
22 138
34 183
15 92
47 290
22 187
34 153

16 243
35 56
44 296
39 277
46 252
28 140
43 130
20 54
11 193
34 253
14 114
25 291
23 42
47 71
20 247
25 275
49 260

25 213
26 164
33 156
22 82
35 146
17 87
27 80
26 262
18 97
19 256
41 130
25 184
44 65
18 67
41 290
41 71
35 50
40 69
39 42
35 53
11 154
15 240
22 48
42 295
28 90
23 65

28 178
39 226
29 110
46 34
47 138
13 115
27 214
33 98
42 160
45 297
31 275
49 215
29 52
19 211
35 184
26 205
50 228
21 207
34 282
35 185
42 247
31 228
26 136
45 197
17 74
21 157
50 120
50 36
27 236

26 241
43 210
35 72
15 17
37 128
10 288
13 81
20 44
23 182
43 40
25 168
41 151
31 234
37 247
31 108
49 276
32 293
39 199
48 32
49 201
44 109
27 192
35 97
30 245
39 15
40 273
34 184

23 52
41 33
34 58
20 22
47 72
24 112
46 298
38 104
27 199
49 22
41 63
27 154
45 163
49 243
21 109
29 102
42 27
37 26
20 93
21 97
48 259
20 22
16 103
49 30

12 106
46 268
47 292
15 11
28 123
25 25
21 13
49 172
49 156
24 182
40 201
15 154
29 268

25 189
42 72
25 119
40 96
38 137
26 170
32 138
17 243
33 163
45 102
23 213
20 140
38 201
41 285
43 28
13 104
32 59
17 188
44 258
37 102
35 177
31 58
19 285
42 128
36 151
13 259

20 270
39 106
49 168
35 172
47 36
45 133
34 84
50 190
38 190
30 291
10 240
44 259
15 227
34 264
49 104
39 136
14 141
11 250
50 262
34 135
12 292

14 121
47 204
20 284
44 207
30 14
35 132
11 263
41 296
12 68
12 185
31 91
10 50
24 252
29 142
14 237

25 243
17 54
11 58
43 295
37 37
33 285
32 251
47 180
42 95
34 126
29 188
48 290
25 35
39 228
25 257
16 101
20 242
44 177
36 92
46 245
33 239
29 47
36 246
22 102
32 178
31 248

25 66
39 60
47 156
24 91
14 49
49 96
44 157
22 249
49 68
31 136
42 200
12 247
36 206
18 63
12 92
25 30
31 127
45 14
40 112
29 246
26 282
17 152
46 193
11 228
46 272
27 180

13 122
18 203
42 48
37 250
30 180
43 218
40 160
32 21
42 21
25 198
20 214
50 61
35 77
27 257

26 247
32 190
22 114
46 273
35 278
47 262
11 171
47 227
16 233
17 216
39 65
14 244
22 22
16 135
35 46
19 84
28 207
50 179
34 222
47 244
30 198
34 61
12 136
14 166
30 231
13 143
21 260

28 278
41 31
28 23
29 296
43 29
12 104
36 280
28 296
15 197
22 114
42 220
39 289
21 18
39 11
36 205
46 84
20 181
47 102
10 10
41 285
47 263
19 269
26 229
27 151
13 242
44 244
40 20
39 114
18 74

24 217
31 188
28 38
11 114
46 260
20 152
39 130
48 94
33 143
28 165
43 274
20 191
17 218
50 63
20 222
25 115
25 85
34 268
24 56
28 245
21 224
31 98
15 158
39 184
27 239

22 78
35 83
38 16
11 87
46 48
33 196
44 73
15 284
29 214
23 176
29 225
37 267
26 131
35 17
44 101
42 195
19 85
36 180
39 44
19 33
49 168
44 131
40 15

20 268
47 243
22 164
30 141
47 242
11 270
26 123
21 96
37 284
13 127
21 116
38 89
50 41
29 27
42 213
28 195
30 214
37 104
30 103
24 109
37 171

20 285
22 30
26 245
34 136
12 173
16 51
12 118
45 112
16 137
18 181
42 164
29 96
47 173
27 60
29 238
41 241
48 106
13 231
43 231
23 228
44 269

25 230
15 120
17 288
38 220
40 269
33 202
15 101
44 136
25 37
34 145
20 48
46 117
22 245
38 101
40 182
50 160
33 128
31 230
49 295
24 236
36 297
11 44
26 75
17 101
48 73
45 297

12 213
22 73
48 198
24 274
49 165
30 58
14 234
17 109
36 76
23 86
23 130
38 176
20 187

17 91
40 228
49 145
43 235
29 74
16 200
29 122
35 169
13 226
46 47
27 88
35 259
21 65
20 280
12 280
48 240
46 238
38 23

17 86
32 188
48 260
14 100
26 48
18 88
31 201
17 93
24 79
20 181
12 53
16 21
47 285
11 81
32 218
20 129
34 171
14 247

28 206
43 165
23 22
17 165
24 84
14 290
13 89
17 104
38 96
11 267
41 162
33 16
25 195
29 149
23 254
29 144
10 177
41 118
42 230
49 236
32 255
30 247
29 158
21 124
14 80
35 135
39 182
42 269
26 198

21 128
46 150
38 22
30 157
20 144
22 70
15 220
45 76
24 88
25 237
39 174
29 84
33 240
23 68
22 71
43 89
10 25
12 225
46 270
35 240
18 240
15 161

18 88
46 166
30 175
11 135
24 191
49 225
38 217
27 296
44 265
18 153
18 294
36 12
15 209
40 289
47 126
41 291
45 97
10 115
16 275

24 170
25 290
47 105
30 64
31 226
34 112
31 223
38 291
48 220
46 124
20 201
13 252
36 66
14 153
20 283
28 148
39 262
23 193
34 249
10 207
18 97
25 290
25 69
44 132
35 205

29 187
22 92
46 83
29 95
18 283
39 248
37 60
32 67
36 14
26 164
18 214
29 43
44 126
14 103
50 51
31 244
50 296
29 109
20 282
43 51
49 245
33 214
22 130
48 59
22 141
43 278
44 243
39 89
23 279
13 96

13 132
12 210
10 163
50 257
40 225
19 16
41 21
19 77
31 103
24 78
11 16
33 145
20 38
43 19

11 157
36 51
37 191
44 182
11 72
41 297
37 60
46 173
10 154
20 180
49 211
15 163

29 67
20 55
15 71
23 115
45 84
15 88
33 20
12 202
25 207
18 90
25 111
46 17
49 35
27 40
16 167
43 59
13 299
46 213
35 215
30 191
34 297
15 224
47 162
15 120
38 271
45 194
31 229
46 48
29 187
28 195

25 29
34 64
15 299
34 140
21 174
26 44
12 74
28 98
26 196
28 66
48 214
24 166
26 171
24 120
45 121
18 173
10 257
35 75
37 10
21 79
37 102
33 184
33 182
19 190
46 25
41 275

17 99
38 152
15 80
15 106
18 99
35 12
33 222
22 95
12 83
35 10
44 67
12 65
48 256
30 181
37 30
30 81
23 155
39 50

29 220
17 295
24 171
27 24
44 98
40 149
48 52
12 120
50 40
49 65
22 186
12 21
27 150
23 33
39 169
49 36
14 266
30 212
16 268
35 47
42 152
13 121
19 127
38 181
24 53
50 22
25 295
30 243
42 83
25 230

17 151
29 60
35 205
32 88
12 178
34 70
31 227
32 84
13 101
42 186
38 291
42 297
21 157
42 120
38 14
41 98
45 257
20 158

10 231
47 213
32 39
18 62
19 51
47 71
16 129
18 195
36 257
38 242
21 89

14 195
38 39
10 172
46 59
35 251
17 157
40 237
26 298
10 181
30 160
25 268
25 54
44 212
27 185
25 280

10 37
13 176
33 19
35 198
14 70
25 153
45 255
32 299
37 229
39 169
26 255

13 112
42 86
36 195
48 204
21 157
41 35
22 100
11 114
11 134
21 163
34 162
15 56
48 236
43 283

22 217
38 264
38 295
14 163
47 60
47 135
35 159
23 214
24 127
45 99
37 50
30 277
40 15
46 30
24 254
43 96
36 65
28 55
10 37
17 122
15 234
10 267
33 275

21 43
37 172
41 96
35 46
32 240
29 225
10 133
17 241
31 200
31 255
10 226
42 137
18 199
41 216
25 208
36 260
42 25
26 280
15 95
48 68
50 17
11 251

19 98
10 191
11 78
32 196
12 266
18 120
48 108
44 134
22 196
44 209
31 187
11 296
28 218
36 285
24 203
13 177
15 180
33 49
33 192
48 140

22 231
23 125
22 12
38 169
14 161
34 15
32 128
26 105
35 226
23 13
22 108
41 211
50 167
25 60
48 238
23 232
15 226
12 111
22 114
37 164
20 16
44 166
12 220

29 69
21 258
31 281
17 215
35 256
45 123
35 110
37 265
47 91
45 236
11 16
43 109
15 278
20 157
27 235
45 164
32 199
17 19
35 162
38 237
44 54
31 290
25 121
43 256
23 105
36 50
46 298
28 154
50 82
49 130

29 278
18 202
43 226
42 243
15 81
27 165
37 290
37 232
20 267
38 195
22 266
13 300
44 101
39 269
15 118
20 289
45 125
11 135
39 187
15 31
19 11
20 299
10 217
42 207
45 83
24 207
27 216
22 158
16 156
32 69

15 190
18 127
34 232
23 297
33 79
46 170
46 148
43 228
35 290
46 129
28 53
34 33
39 238
30 162
16 137
36 157

11 170
39 16
23 66
17 75
49 178
12 101
15 168
25 239
17 130
32 241
33 283
31 153

27 259
40 150
50 168
50 32
49 274
26 197
25 138
28 27
22 217
22 160
46 297
29 55
44 209
11 34
41 35
21 154
18 287
18 149
34 120
42 171
32 252
26 55
17 88
46 235
41 130
32 203
23 153
18 248

28 117
38 47
39 255
13 176
10 244
26 151
26 196
47 159
21 80
38 293
31 156
34 291
39 132
41 263
20 244
27 179
50 300
44 111
36 61
29 202
25 12
19 100
41 115
36 203
31 164
27 150
24 119
25 181
37 107

16 92
28 178
20 24
22 172
24 122
24 298
26 166
23 175
33 61
32 187
49 112
11 147
14 285
20 193
50 69
34 156
31 250

10 49
14 241
46 193
24 144
25 238
39 269
49 102
12 58
18 192
36 106
45 11

23 267
17 125
48 158
18 48
43 171
46 278
48 262
31 104
10 216
40 255
28 221
33 36
11 242
27 99
30 275
33 24
22 128
47 102
49 209
23 203
23 59
31 261
15 82
23 138

30 102
46 40
49 292
49 31
25 174
41 258
50 211
19 294
22 255
42 134
12 123
15 196
42 117
38 127
12 116
10 31
14 85
36 39
12 255
26 137
18 199
47 148
33 249
34 109
21 164
28 210
34 281
26 238
43 131
13 114
30 30

23 120
47 232
17 103
44 57
13 79
10 100
37 260
34 231
35 32
15 102
50 100
26 48
22 260
38 126
42 108
43 143
49 92
47 39
48 158
28 293
10 193
33 189
44 258
47 253

20 90
46 30
30 157
15 43
50 196
37 125
16 282
14 265
37 55
12 12
21 246
32 66
10 157
17 62
17 89
21 266
19 278
29 238
49 157
25 76
45 78

21 35
46 156
33 91
44 204
26 195
26 146
44 252
15 295
13 17
26 34
21 239
10 62
26 269
16 211
20 118
48 148
47 129
11 217
27 27
18 13
13 84
14 147

23 75
50 128
40 297
37 62
36 65
11 121
21 14
25 11
10 276
34 71
43 50
31 169
32 108
27 53
22 99
27 93
29 133
46 290
11 244
39 218
34 250
22 282
39 35
33 46

