91

11 135
26 109
31 222
33 274
24 189
24 180
34 187
39 27
47 266
28 24
48 18
11 157

13 275
15 265
38 20
28 116
43 137
23 67
25 224
25 75
17 282
11 263
34 161
16 220
29 31
13 161

10 286
17 28
44 262
12 271
24 258
16 79
16 55
15 270
50 102
17 44
30 76

26 204
42 100
12 67
27 113
25 17
35 73
43 74
24 177
50 257
46 183
26 105
42 122
21 18
27 225
50 15
22 129
42 186
45 198
30 218
34 123
47 162
32 76
49 245
11 256
35 96
32 247
42 210

28 40
18 227
43 192
12 149
50 81
33 52
46 49
48 256
37 15
21 115
16 104
30 277
38 170
23 52
24 276
11 147
41 29
35 223
15 79
36 274
21 287
31 234
32 50
19 82
48 259
33 298
20 121
29 166
40 64

24 196
14 191
42 76
17 188
36 182
25 188
28 212
25 38
29 70
49 184
19 173
32 16
22 208
21 208
33 259
27 260
17 194
24 286
23 202
40 166
21 247
42 274
22 155
49 121
16 52

24 258
29 79
50 136
25 219
31 249
43 137
22 109
15 10
22 284
28 274
30 286
41 282
21 277
44 244
20 149
22 35
16 159
16 273
17 192
47 158
31 239
13 15
26 130
13 144
14 33

10 294
10 300
36 269
15 265
40 178
45 214
31 235
44 239
10 133
17 101
13 284

15 26
35 162
30 285
39 16
28 57
40 189
32 96
43 116
41 161
35 231
36 23
22 11
48 193
22 34
20 259
18 15

20 146
44 202
43 159
44 152
32 60
25 56
48 287
19 200
32 97
23 255
10 114
32 60
18 97
13 285
40 59
22 21
36 155
25 232
20 171
43 33
17 246

30 93
40 114
21 191
39 150
48 127
40 98
38 69
31 11
32 272
41 244
15 263
41 87
19 11
36 268
37 279
31 242
42 48
50 162
50 26
19 164
35 22
40 34
48 20
36 167
50 227
33 37
38 89
35 65
22 273
39 16
41 290

28 184
19 209
46 142
45 136
39 213
23 239
44 195
29 292
16 109
22 241
44 78
18 111
32 83
50 76
10 275
16 273
25 156
21 275
37 149
24 74
17 294
38 65
20 108
33 180
30 271
27 234
48 154
20 264
21 189

24 51
41 158
13 167
32 157
48 66
14 261
50 169
24 145
41 131
25 52
36 258
10 115
19 234
48 101
38 143
25 52
33 104
21 20
11 245
40 192
21 120
29 218
45 128
14 300
47 115

26 258
36 185
10 204
23 175
17 129
14 73
16 180
14 197
15 172
45 24
36 191
36 77
21 78
50 192
49 126
18 199
21 183
25 173
33 255
38 52
14 154
22 24
26 144
39 244
34 166
27 230
18 211

21 214
34 92
11 252
41 286
30 47
21 109
13 79
24 183
23 253
19 258
33 133
12 154
18 264
27 245
26 224
46 261
37 217
25 10
25 251
20 114
16 182
24 163

13 68
45 174
30 192
18 155
19 278
11 218
48 95
27 284
24 155
11 227
35 196
48 287
30 200
38 118

23 224
14 183
31 270
12 136
47 73
47 45
38 279
33 193
34 91
28 77
42 258
31 247
44 29
45 150
16 132
20 128
35 19
27 180
24 11
32 217
28 241
26 96
44 51
21 192

29 58
38 276
11 180
27 20
31 12
19 216
37 180
50 197
24 54
33 176
25 187
39 179
50 197
39 22
39 88
45 115
25 295
33 109
39 77
50 251
48 131
26 147
43 223
24 264
30 41
50 174
33 131
46 74
41 31
23 297

26 145
28 92
30 209
42 94
28 132
12 161
19 115
39 233
11 190
50 106
33 194
12 99
32 114
36 114
18 213
40 180
43 29
31 196
17 137
41 112
27 243
42 131
32 68
20 210
27 52
49 82
19 225

22 78
48 77
49 163
27 141
43 180
27 270
32 83
12 257
29 300
32 142
32 126
37 56
12 268
37 220
41 32
12 144
25 88
23 299
43 130
38 194
17 176
43 207
22 38

22 76
11 211
29 227
21 168
49 276
27 94
31 87
27 108
43 133
18 138
15 126
45 61
20 90
49 159
11 116
26 58
23 61
34 120
11 271
22 171
34 245
25 151
23 39

27 87
18 36
39 107
39 65
46 219
41 150
35 247
35 297
10 169
32 229
30 280
23 61
29 212
24 25
46 84
26 278
10 51
14 249
39 129
36 165
43 175
32 217
41 41
31 226
27 16
26 152
18 24
23 237

10 228
44 271
13 125
16 232
50 277
33 243
38 231
40 184
40 168
26 143
22 291

25 72
30 151
13 255
31 243
34 155
15 142
42 300
26 59
27 11
12 220
13 11
26 109
13 232
37 139
21 173
31 239
24 254
35 150
16 18
48 201
33 92
38 143
18 221
48 26
50 269
46 116

12 119
26 29
32 264
16 39
40 57
44 129
27 219
38 147
20 60
30 268
31 226
46 239
18 286

16 76
43 81
32 289
48 88
46 268
18 191
12 170
25 75
17 241
44 49
32 292
31 84
28 204
13 134
29 275
22 233
22 18

28 96
12 123
29 32
37 52
11 17
38 65
30 192
17 108
19 259
23 211
50 22
14 299
31 136
21 300
41 288
26 69
21 201
34 240
35 243
22 29
16 104
18 130
26 275
40 295
21 46
37 126
33 209
19 108
27 280

12 175
11 118
46 263
50 93
10 142
28 252
18 223
36 204
28 225
44 50
22 56
43 197
38 50

15 47
30 84
34 123
21 231
20 221
38 284
25 281
11 261
37 141
13 241
40 210
16 16
22 45
31 236
49 278
26 145

17 182
20 74
31 239
44 29
50 44
16 106
33 134
27 251
48 159
23 274
44 286
44 245
19 289
29 31
25 66
34 71
19 293
16 171

29 133
22 117
32 191
49 15
25 285
22 292
18 67
15 216
24 96
12 247
15 221
50 243
44 232
30 220
21 141
27 207
47 107
10 257
41 83
50 149
11 17
41 91
17 115
10 129
38 76
29 129
16 78
27 238
41 264
24 219

24 194
46 196
35 231
29 190
29 77
32 54
13 69
29 212
45 49
36 274
33 249
20 300
43 184
20 180
49 142
46 177
49 128
38 260
33 136
49 68
46 201
35 20
43 84
39 80
37 67

25 123
44 173
15 264
12 298
35 238
40 221
48 58
34 210
15 146
48 183
37 29
24 147
45 12
24 196
40 15
20 299
39 296
19 187
17 57
35 229
47 50
15 49
24 298
42 59
46 12
12 274

30 223
32 52
18 290
10 204
44 201
15 255
50 263
38 245
16 297
21 253
28 87
39 252
14 120
15 178
16 268
37 154
46 222
46 111
21 126
39 114
22 202
14 210
19 213
34 150
29 141
18 300
31 166
29 200
46 117
47 227
45 177

24 78
17 72
10 256
44 189
22 129
45 73
12 181
15 177
21 135
10 138
48 160
22 202
22 24
38 259
20 93
32 277
44 191
46 249
47 99
38 52
29 204
50 58
38 162
33 235
36 36

19 199
11 117
10 46
27 273
20 106
31 75
37 129
12 58
27 77
16 40
33 179
10 175
27 128
22 224
35 18
17 176
26 109
38 74
26 45
50 95

13 47
43 152
33 162
12 235
18 90
37 131
30 58
27 93
12 72
42 104
40 185
15 273
14 121
46 23

22 154
49 267
48 136
19 280
49 82
13 158
31 87
18 68
25 182
43 23
18 186
49 128
20 241
41 61
15 261
33 209
44 275
24 153
29 273
20 289
28 31
16 297
15 53

28 131
34 264
25 209
29 256
10 273
44 41
21 11
31 225
10 214
16 275
32 196
16 162
17 22
24 252
40 159
14 120
12 221
22 131
17 250
50 297
18 160
20 239
34 150
11 66
39 199
38 222
47 35
21 153
35 113

19 198
12 273
14 276
30 67
39 29
36 236
34 280
48 233
28 194
10 77
35 71
39 206
26 290
44 20
38 182
49 212
37 278
26 96
35 233
34 14

18 252
46 234
25 167
41 54
38 130
26 211
31 148
29 45
10 281
14 133
16 271
41 56
36 206
43 51
39 60
10 13
16 296
22 140
49 93

24 51
19 176
47 183
42 18
15 129
28 33
12 297
29 210
42 168
40 73
36 253
47 225
34 299
16 218
21 45
34 197
44 109
11 28
50 59
18 269
25 92
44 228
27 253
42 128
42 152

30 86
44 209
46 177
11 37
47 188
33 288
16 74
47 264
43 182
41 284
47 221
27 115
27 238
33 263
42 212
38 97
50 136
31 240
21 163
13 210
40 179
26 240
36 197
36 216
18 201
42 186
34 82
35 231
16 215
38 131
19 124

10 200
13 122
39 42
17 85
29 268
38 234
13 160
16 131
28 104
19 18
23 133

12 86
29 210
26 255
41 146
38 166
11 101
48 204
27 99
22 155
49 150
28 295
18 258
43 272

23 290
44 155
15 299
33 41
24 224
35 137
37 189
48 291
31 86
39 188
40 163
49 209
49 296
17 156
10 172
15 189
32 206
18 116
50 89
14 60
48 80
30 27
20 36
49 242

16 109
46 73
41 251
30 109
22 231
33 263
32 48
39 266
45 60
34 232
24 170
47 239
25 115
18 70
38 249
25 108
46 250

29 72
11 93
12 48
21 283
12 250
22 72
22 190
13 243
45 284
19 141
13 152
50 291
43 53
40 156
40 207
26 130
19 272
36 144
15 150
13 258
43 170
46 258
49 149
32 53
24 240
10 262
39 152
40 216
13 119
31 178

13 107
33 211
49 259
30 152
44 292
18 132
30 229
14 240
44 157
21 11
43 63
39 228
13 152
23 280

12 80
43 96
28 170
35 135
10 16
13 107
13 13
12 14
31 160
18 63
33 26
18 184
45 134

13 64
44 92
35 23
47 67
42 125
20 103
10 90
46 78
14 271
34 19
11 115
33 253
19 298
36 230

10 250
47 92
47 297
22 79
31 239
47 94
30 104
48 177
36 65
40 29
41 86

20 111
20 13
23 276
47 67
11 62
19 249
45 134
43 117
25 270
21 17
20 183
36 68
24 168
11 102
10 289
30 283
29 289
27 146
38 156
20 79
49 284

21 158
37 244
50 175
41 220
15 63
40 231
31 55
30 171
26 266
45 298
34 142
15 105
48 235
50 127
25 121
41 278
31 29
14 289
38 257
22 101
12 110
32 175

18 22
33 205
36 269
48 125
35 44
31 28
20 88
45 146
49 188
23 281
11 82
35 36
47 282
48 235
37 88
19 201
11 279
42 157
35 261

17 280
49 116
21 33
36 274
45 261
27 88
14 286
41 234
32 46
17 161
17 174
19 25
45 185
44 85
27 71
49 77
37 136
19 173

18 255
19 103
10 294
20 67
27 172
47 125
27 152
18 216
48 45
18 75
29 29
37 237
34 127
25 126
26 242
21 37
48 139
17 151
40 231

17 73
31 30
18 125
18 97
47 195
34 114
10 139
28 45
28 295
40 46
31 294
43 256
16 278
37 19
49 55
13 61
27 178
26 12

26 187
25 70
19 60
17 24
33 276
23 225
11 142
30 105
13 151
32 51
19 81
39 52
18 125
10 249
47 141
17 206
11 193
48 267
47 252
38 219
12 95
25 231
27 87
41 12
26 162
47 117
35 84

17 88
34 77
41 75
21 23
38 223
32 63
24 81
21 130
12 296
46 202
45 132
16 53
16 284
11 241
49 250
23 85
18 298
19 92

28 121
16 98
43 280
48 230
42 274
37 139
16 101
36 206
11 249
26 202
28 237
44 179
30 108
39 45
12 146
13 59
38 269
42 212
26 241
13 184
16 152
20 75
36 118
49 63
12 115
41 153
25 103
44 95
40 145

15 26
18 241
11 19
49 104
10 225
25 209
35 142
15 182
23 262
18 277
17 164
50 255
10 148
32 236
33 273
46 262

25 160
46 99
29 56
30 254
31 191
22 214
15 134
30 144
43 138
28 162
11 18
23 183
18 277
33 271
19 12
33 255
26 195
50 150
32 89
40 230
46 15
14 153
49 90
13 95
40 21
37 183

29 86
43 231
50 226
45 149
34 193
23 283
21 214
13 113
45 79
11 225
22 253
10 285
38 189
28 298
19 25
29 257
32 263
37 95
15 22
16 165
22 102
21 96
19 84
27 171
42 145
23 187
11 96
42 109
37 271
42 133

21 159
26 108
39 181
49 94
32 217
10 286
47 233
36 300
41 52
10 139
49 107
26 294
21 57
20 33
32 84
24 47
25 293
21 48
27 11
46 31
14 12
35 50

20 34
30 251
15 175
18 149
33 131
26 231
46 275
29 285
23 93
45 295
26 219
47 206
36 263
26 156
42 244
41 291
41 88
49 144
39 17
45 73
32 40

30 172
49 202
41 141
43 171
17 50
41 48
31 14
12 28
42 18
18 232
23 63
45 89
12 104
17 205
23 77
16 89
13 259
40 27
45 242
17 278
26 253
25 26
18 201
22 203
31 138
13 170
39 73
39 173
47 258
38 178
22 203

25 13
47 141
30 240
37 84
30 155
50 40
31 49
37 238
32 259
10 76
11 37
22 156
35 233
39 12
48 59
21 51
32 237
17 185
23 41
11 197
50 261
40 142
13 208
32 66
20 209
22 229

14 73
13 288
29 68
33 201
42 225
24 28
38 140
19 289
11 128
50 31
12 274
23 44
32 214
22 29
23 24

26 285
42 228
48 142
11 148
26 288
41 163
15 261
24 31
32 281
18 32
35 260
24 57
23 127
29 84
35 130
47 33
41 154
10 133
48 137
47 65
36 187
40 236
32 75
12 285
32 97
32 11
21 92

17 168
25 57
27 131
17 183
40 135
11 276
22 297
26 251
32 82
18 204
20 296
15 278
36 235
24 97
21 56
32 130
32 63
43 297

10 272
46 93
20 167
26 131
45 255
31 134
22 183
33 138
37 196
20 289
40 198

14 23
19 117
30 255
43 125
45 251
21 58
21 219
21 94
24 210
48 76
16 22
40 31
24 267
43 280
31 229

13 185
42 158
20 268
20 29
31 77
10 97
45 243
43 77
37 68
23 179
26 124
33 74
35 223
48 247

24 158
11 99
44 204
30 53
39 44
43 275
43 231
42 68
19 26
14 126
12 118
14 41
22 297
30 107
10 240
34 120
14 189
11 128
23 198
44 83
49 266
17 294
36 139
37 148
50 206

18 189
22 294
45 268
34 234
29 114
33 151
26 177
46 113
20 172
18 62
29 300
18 249
43 284
32 170
10 280
20 214
50 179
15 290
22 76

18 284
46 114
48 123
28 244
49 214
14 196
45 96
19 121
49 243
44 131
38 84
49 236
20 218
19 118
18 201
45 29
26 245
14 296
31 228

16 284
32 63
29 68
29 77
36 259
50 264
37 152
45 151
13 195
18 297
49 104
35 205
24 118
21 241
14 82
41 216
19 207

13 138
26 146
42 71
29 156
13 151
18 220
49 126
25 90
12 189
23 49
26 240
37 228
49 33
11 86

29 34
17 22
32 185
50 226
29 300
32 253
44 40
19 29
17 168
47 155
22 20
38 298
47 248
38 155
38 176
30 132
41 179
27 194
23 178
33 236
42 247
27 274
48 86
49 212
23 300
19 200
36 223
28 235
18 38
30 73

16 140
18 130
49 127
15 155
36 58
28 102
34 127
22 248
40 45
25 284
22 173
22 31
30 243
29 202
37 231
43 224
10 291

28 51
36 140
26 160
38 201
30 249
48 36
33 267
15 48
23 193
14 231
34 86
25 109
47 88
10 47
45 270
17 202
19 121
24 94
16 149
37 183
17 129
24 211
17 260
25 215
32 112
21 218
37 106
11 17
20 171

29 35
10 172
36 200
14 90
13 251
12 287
39 28
10 241
20 172
33 73
21 136
20 213
25 147
30 170
14 212
42 216
17 190
38 109
17 254
31 261
34 26
13 295
17 175
42 53
44 52
12 177
12 270
20 247
44 280
32 142

30 87
45 119
45 99
27 39
25 278
27 266
14 276
35 15
42 299
47 193
25 272
12 147
46 216
43 20
20 266
18 172
27 257
27 213
32 125
47 43
37 51
11 73
27 283
33 208
31 30
48 31
31 262
27 289
18 40
49 271
29 170

17 59
16 115
47 138
13 258
20 95
40 66
20 271
42 274
50 31
23 178
49 98
15 215
33 153
15 47
43 32
48 153
10 202
41 248

22 147
26 21
24 283
26 170
13 221
37 277
26 60
17 267
40 17
31 128
29 278
45 266
33 82
30 140
43 216
24 196
48 260
48 69
22 213
26 271
17 82
21 110
17 267

13 230
16 182
49 219
47 59
34 142
20 300
46 191
27 23
34 231
43 97
36 44
39 194
23 111
42 284

15 92
44 66
37 150
12 214
15 226
10 23
39 228
24 180
22 68
41 183
28 142
16 126
38 75
40 268
22 42
26 115

26 240
37 191
50 299
30 91
40 247
33 162
45 190
36 219
45 178
46 150
12 154
48 125
46 105
41 192
15 152
22 19
38 15
29 31
29 95
18 87
38 288
18 114
44 132
12 245
22 200
46 239
13 235

16 217
38 287
22 190
18 197
44 101
33 13
48 100
44 156
39 136
14 140
45 135
35 10
39 207
18 101
17 300
35 205
32 173

10 263
46 282
40 12
25 240
20 254
10 77
21 190
50 113
43 48
14 212
28 175

