72

25 212
13 253
27 36
28 199
47 69
48 57
25 269
26 282
21 162
20 233
48 91
15 32
25 293
30 204
16 237
30 64
45 116
22 107
41 94
13 172
26 125
50 85
36 281
24 210
27 25
33 110

17 44
21 56
42 134
26 11
14 70
18 140
14 78
26 261
32 56
42 179
37 99
27 130
30 185
37 210
50 257
22 71
24 168
48 184

23 160
49 50
16 180
30 171
49 286
47 72
27 209
22 206
31 27
36 221
24 245
46 256
40 181
33 66
24 13
48 56
50 10
23 273
41 67
16 24
14 75
16 287
18 104
47 136

10 100
16 50
32 175
39 102
34 277
34 91
45 181
29 43
43 113
37 45
29 29

22 219
45 115
25 140
28 162
39 257
29 210
42 181
18 86
34 225
48 228
13 131
39 151
34 13
31 259
17 46
47 290
22 232
36 165
22 97
41 220
23 288
23 94
39 213

26 205
13 208
25 45
42 24
46 158
29 161
19 286
26 53
29 247
17 42
40 145
28 167
42 26
43 141
29 125
21 298
23 260
26 194
44 274
26 94
22 141
18 219
21 247
48 289
38 173
49 232
12 273

12 197
22 295
35 186
23 242
47 280
12 23
41 158
47 105
45 161
42 23
14 145
26 203
38 172

22 101
10 22
18 63
20 20
46 132
18 185
46 46
19 87
36 274
48 278
21 292
18 243
46 93
33 270
21 152
44 183
27 157
10 220
39 96
50 111
29 258
13 228
28 142

13 280
11 221
49 209
44 86
35 269
46 184
29 176
23 228
44 15
26 21
33 292
16 34
43 176
49 43

27 147
39 114
42 70
26 120
34 175
11 129
48 68
20 287
26 185
14 248
30 22
34 11
49 74
28 145
28 234
10 124
48 190
26 46
42 165
26 257
41 177
48 136
50 216
18 272
25 168
14 131
38 86
16 266

19 139
50 258
26 141
40 265
46 30
43 121
13 57
14 42
34 199
50 23
36 13
46 149
32 28
17 212
32 246
41 27
27 263
14 25
19 96
23 235

20 269
49 45
12 290
23 275
25 88
30 106
34 102
25 232
12 76
32 129
18 209
45 276
49 246
40 239
25 218
15 112
41 222
10 243
16 224
35 120
11 198

23 255
39 163
21 222
24 21
12 182
19 69
28 20
45 112
25 127
48 119
47 286
27 45
20 154
11 132
38 198
30 43
43 39
30 169
42 205
17 58
39 202
11 298
23 275
27 150

14 155
39 150
33 217
49 272
46 161
47 193
43 140
48 136
20 21
38 271
45 223
19 275
15 125
22 159
15 110

22 213
13 288
20 127
46 268
22 31
25 194
36 65
16 174
39 71
20 259
49 32
10 268
42 196
25 171
22 119
37 249
24 280
33 94
34 187
45 115
45 272
41 93
11 171

10 41
34 282
14 17
38 216
12 178
40 39
45 251
35 122
33 159
26 156
17 75

16 106
44 35
15 299
24 128
46 281
49 240
49 226
28 13
22 116
16 35
16 236
33 50
11 146
35 183
18 92
28 260
26 262

21 49
33 111
34 122
25 175
32 52
23 198
12 32
30 299
10 22
11 92
49 15
48 176
38 267
31 280
33 40
31 242
43 130
11 285
40 83
40 281
29 289
36 263

29 187
48 55
22 272
20 187
17 265
10 103
41 217
10 221
34 224
35 22
16 188
21 21
28 150
23 190
10 251
13 210
19 292
19 166
17 268
18 286
47 151
38 31
43 35
39 199
18 175
37 56
36 239
34 294
10 279
15 154

22 253
15 187
11 160
45 142
43 95
50 261
21 216
45 189
49 218
50 204
36 206
16 220
38 286
42 264
39 224
35 259
11 264
48 191
34 247
32 181
18 167
35 276
47 198

11 262
34 287
10 163
26 235
24 233
22 158
45 217
36 256
49 141
40 183
22 289
15 66

22 250
46 115
25 122
41 29
43 91
11 93
24 112
41 219
20 41
25 11
30 168
29 262
12 254
34 97
10 112
46 160
28 112
16 246
25 42
26 191
34 56
18 221
25 263

30 173
31 252
47 278
10 38
26 286
17 300
29 117
13 298
36 50
34 268
22 289
26 10
32 106
24 147
16 177
30 154
21 98
19 205
29 93
44 30
43 140
43 15
29 150
49 22
15 191
41 12
21 231
20 111
47 296
19 45
36 150

24 153
29 174
12 23
11 295
15 294
24 299
35 39
49 203
24 205
10 171
49 280
41 125
37 83
21 254
12 76
29 113
36 146
39 186
14 64
46 17
10 273
14 180
13 212
10 65
14 187

18 201
17 94
41 104
25 47
11 203
47 277
48 173
24 26
15 95
39 74
48 185
41 17
49 215
11 66
11 119
39 137
18 209
17 232
22 144

28 141
24 47
10 42
42 136
26 151
40 179
37 66
20 209
44 110
17 265
10 116
21 172
30 111
28 155
13 78
35 143
21 48
36 63
38 245
37 22
19 188
43 203
27 28
27 72
36 282
10 138
25 293
40 196
44 86

18 293
26 285
37 284
18 43
35 195
20 263
20 45
21 85
21 216
41 232
16 179
31 296
38 247
18 78
41 161
33 176
30 40
13 194
45 65

13 296
44 120
50 271
16 73
45 97
27 112
15 162
14 232
35 164
50 124
46 170
11 50
48 225
30 29

11 80
38 58
48 145
26 33
46 255
14 249
44 226
21 93
39 74
21 60
36 297
37 68

10 152
17 294
21 231
19 292
25 13
47 235
33 160
20 16
39 267
27 89
27 215

17 75
24 110
39 283
37 132
32 250
46 158
45 42
10 172
15 228
30 225
32 24
21 126
16 147
20 154
27 184
25 148
28 205
10 297

27 271
46 164
50 61
44 148
42 190
26 224
30 94
18 49
11 271
11 150
28 48
33 34
41 65
37 199
35 211
25 155
36 22
50 40
36 147
27 294
49 244
46 279
25 248
50 112
44 180
47 158
30 86
35 284

27 229
22 133
35 270
37 203
14 144
28 83
42 135
10 220
14 175
21 281
19 295
42 93
22 249
23 228
27 212
24 144
14 45
33 254
50 188
40 145
33 12
50 219
26 99
12 90
42 99
36 159
39 253
30 146

23 26
21 183
44 56
19 59
27 32
47 252
47 86
26 254
21 287
40 243
19 190
28 38
45 212
45 32
21 234
39 49
17 104
12 22
45 58
47 260
17 90
46 40
38 16
47 37

28 191
25 25
32 280
43 84
37 138
19 13
23 244
23 132
17 197
38 55
28 101
50 18
36 128
39 287
31 141
24 54
23 247
13 272
36 65
44 293
36 41
46 10
27 75
25 128
46 270
47 226
39 123
45 98
17 79

12 121
14 135
46 121
46 209
36 91
13 264
11 265
19 240
38 230
40 197
25 93
40 13
23 176

10 292
47 269
11 257
19 241
10 25
24 181
29 162
11 115
48 206
33 17
28 35

10 267
40 140
47 212
48 99
31 59
17 37
38 35
19 61
33 269
30 263
45 166

28 31
34 192
23 243
35 40
43 134
30 93
38 78
31 254
26 182
16 284
39 69
43 292
29 98
43 18
22 164
28 109
46 143
27 225
27 268
43 256
37 271
34 272
35 29
26 161
46 24
16 276
26 133
50 299
12 72

17 216
20 117
15 80
17 253
29 22
46 205
42 143
12 140
10 84
31 290
17 270
34 258
40 106
30 67
26 136
39 177
26 137
25 237

19 72
39 214
34 205
11 34
19 139
43 281
27 258
24 139
45 78
26 300
49 239
42 176
11 80
31 233
21 137
15 161
33 244
31 226
42 101
43 283

20 277
16 43
26 123
45 149
46 157
10 292
14 212
18 107
41 260
19 169
42 94
22 170
46 154
30 176
21 193
47 66
46 132
33 37
24 121
19 279
24 253

21 66
44 117
46 54
42 31
28 145
33 62
13 146
43 58
37 44
28 157
50 216
15 191
37 295
43 94
49 165
41 25
13 41
17 95
42 244
34 248
35 117
26 166

30 44
48 266
48 223
47 115
37 178
45 129
43 220
46 247
22 153
34 104
12 97
40 106
30 117
16 43
42 239
20 35
13 27
10 134
17 205
41 297
41 236
44 190
33 260
29 183
41 282
30 160
35 294
24 100
24 69
41 73
21 91

13 52
44 265
28 133
44 143
21 110
18 168
48 282
27 10
19 100
16 168
18 57
30 200
13 201
18 96

26 162
17 92
10 234
44 111
30 154
39 83
28 210
28 177
17 294
43 98
42 268
22 12
20 37
46 59
41 207
24 232
11 132
23 198
41 188
39 140
21 257
42 45
15 52
43 237
29 287
10 148
18 270

25 228
49 174
47 49
32 176
16 279
43 75
45 150
17 291
14 60
19 172
46 211
24 262
13 259
44 175
14 288
39 179
32 239
28 100
50 156
39 84
28 11
44 107
39 273
23 197
26 135
41 259

19 258
48 271
14 62
27 48
27 140
50 52
50 162
25 82
36 117
27 38
30 251
20 97
41 54
14 157
42 245
16 235
18 49
44 108
21 245
36 167

18 70
18 80
20 249
21 47
45 205
21 250
44 291
42 244
23 140
13 71
44 231
42 20
18 127
19 151
48 52
37 217
48 93
24 232
18 150

30 197
35 271
40 42
19 164
21 241
27 80
22 123
20 207
16 147
26 139
11 145
47 129
16 103
24 64
12 214
46 222
30 208
25 143
22 239
35 138
11 75
49 113
34 108
30 266
13 184
36 29
42 212
23 263
42 247
18 232
18 247

22 126
44 103
46 136
28 140
34 215
35 95
20 192
31 117
14 177
29 258
24 211
11 130
17 123
10 92
33 283
21 277
20 102
15 270
30 125
44 225
12 229
19 251
39 104

26 126
26 236
31 128
17 289
28 251
26 264
31 97
28 227
44 24
37 73
35 229
46 93
48 198
22 32
15 18
36 300
36 268
50 225
37 63
33 109
28 194
19 281
33 187
27 259
10 84
48 56
27 190

27 16
39 115
36 162
38 116
38 39
18 145
45 156
16 179
19 57
40 36
21 256
28 297
10 159
19 217
24 154
19 234
44 115
13 280
28 109
15 179
31 57
46 120
28 235
35 63
19 20
30 155
23 41
15 261

21 266
13 168
20 53
48 41
49 20
38 215
31 259
23 290
21 34
40 59
31 288
16 210
26 148
14 82
43 165
43 19
19 161
32 139
36 48
45 196
39 99
47 29

25 180
22 10
21 173
10 123
10 283
31 104
45 35
42 140
27 116
39 252
43 227
41 288
15 64
39 131
29 251
30 71
23 209
18 289
34 205
10 277
22 110
33 76
43 95
47 152
48 265
32 210

15 293
18 160
38 258
24 140
20 175
25 289
22 116
12 27
47 141
42 24
14 218
49 100
32 164
41 104
23 259
10 29

21 126
25 187
27 11
40 267
13 45
37 294
26 108
18 158
36 163
25 48
45 137
32 98
24 273
32 184
38 145
46 264
30 128
33 171
30 119
31 62
30 270
21 23

10 191
30 256
13 87
43 265
46 259
35 252
29 297
24 37
36 288
31 245
13 169

14 95
15 32
19 71
37 156
37 218
49 182
47 283
15 17
45 192
21 25
18 67
27 54
14 69
44 81
42 90

19 227
22 260
39 224
50 79
23 270
19 71
36 252
18 224
18 122
42 156
12 158
42 162
33 113
42 159
26 92
32 38
34 117
29 254
26 226
36 145

19 112
31 17
25 291
24 147
30 51
32 107
43 277
12 159
21 53
37 93
48 23
48 141
37 205
43 75
10 198
27 139
31 287
25 187
22 159
16 165

13 147
11 77
21 39
12 233
24 172
18 52
17 45
10 97
28 82
31 199
38 29
19 130
44 19
31 24

14 258
26 220
33 69
31 51
24 110
32 162
39 225
10 278
32 154
21 139
27 210
18 69
46 10
25 137
36 20

17 139
13 261
28 210
22 275
30 87
18 230
11 90
34 124
37 228
16 53
49 275
31 63
45 152
36 87
24 27
43 70
20 111
49 64

20 43
17 87
20 67
47 247
13 47
43 190
28 281
16 63
34 192
35 169
30 177
17 252
12 241
45 75
25 184
23 12
35 19
32 211
29 75
20 23
23 300

27 90
15 61
27 279
22 256
35 104
19 209
32 152
27 224
24 241
30 62
42 269
21 35
41 261
30 207
43 294
23 57
18 232
11 110
26 187
12 271
44 81
44 177
12 198
29 100
39 130
10 197
12 32
41 300

13 176
32 98
16 295
46 280
32 24
11 87
34 170
13 115
30 200
16 132
50 153
20 89
30 57
32 61

14 115
46 34
20 189
26 54
11 36
43 60
35 283
12 140
48 60
13 273
42 253
19 187
10 198
16 52
50 14

30 68
35 28
13 179
17 296
45 290
49 161
10 158
27 41
14 232
50 215
48 235
12 73
27 230
45 10
38 284
39 189
29 208
37 99
49 185
50 123
22 288
45 68
19 297
26 275
35 112
41 25
45 204
22 220
16 267
50 89
50 222

29 161
28 141
41 164
33 149
42 218
37 232
42 78
31 246
45 283
42 163
45 256
40 157
49 233
21 279
39 263
42 73
31 77
48 39
43 125
27 170
13 189
46 44
42 94
34 147
34 226
35 198
10 114
14 99
10 85
41 27

20 251
14 268
20 68
39 233
41 41
21 107
30 210
18 67
27 220
34 86
23 290
47 225
30 252
17 19
37 115
44 216
48 208
29 126
41 25
50 36
43 237

17 25
29 64
35 40
16 283
35 208
37 159
40 50
16 33
21 109
50 123
46 219
46 194
38 183
28 235
40 193
47 171
32 213
15 158

