51

21 19
49 155
34 158
31 265
21 29
34 11
39 277
41 250
16 146
41 19
49 81
30 80
10 248
12 298
34 115
21 285
46 10
44 70
30 111
27 181
16 77
47 49

26 76
40 20
28 142
31 151
21 288
41 56
49 79
41 63
42 203
30 158
39 77
40 189
48 112
28 218
24 161
40 270
20 291
38 273
35 133
37 123
21 225
36 187
11 11
34 47
16 168
49 12
30 188

28 19
22 218
21 93
22 212
29 217
21 236
33 288
32 124
19 179
49 71
27 40
17 231
22 243
13 205
26 169
38 279
42 283
12 47
26 81
41 235
38 258
24 204
16 142
34 112
28 247
17 47
44 16
22 20
20 30

20 212
50 107
12 67
14 202
10 29
30 14
27 160
20 93
15 215
12 33
32 118
17 78
18 286
19 104
31 189
39 47
42 121
39 163
27 295
41 90
39 279

11 209
45 266
47 82
13 267
41 196
11 100
29 224
42 129
48 140
40 174
42 225
19 121

10 285
30 219
45 87
30 151
35 195
20 206
11 157
29 177
43 261
29 180
17 259

20 197
47 252
14 18
44 95
11 260
31 39
30 65
12 224
45 240
35 71
35 83
26 159
14 23
39 75
23 207
12 17
15 74
41 254
32 189
10 273
29 41

24 236
44 241
43 92
45 278
12 157
38 171
47 149
49 106
18 111
20 253
36 202
42 104
13 242
26 27
16 227
12 45
20 17
17 28
30 55
43 18
38 146
20 225
33 18
23 150
18 203

10 259
47 282
46 268
35 267
23 279
33 103
29 188
33 197
36 178
47 209
41 120

17 220
50 131
14 276
20 145
18 214
18 181
34 223
43 276
28 14
32 108
17 231
35 150
40 171
26 58
14 214
42 63
49 129
22 218

10 72
40 58
50 73
22 28
14 168
14 260
33 152
27 62
49 243
21 91
23 267

24 243
41 150
13 286
37 266
20 104
30 112
31 142
50 249
18 269
44 29
50 89
22 22
28 29
20 86
13 83
32 132
11 85
36 280
49 213
20 47
20 114
39 288
12 245
10 105
22 102

17 72
49 102
24 199
25 278
46 246
12 183
11 168
16 268
24 257
45 195
36 180
46 125
10 127
47 140
42 37
16 46
27 32
32 130

25 285
13 69
39 106
18 49
50 177
12 39
45 112
18 59
22 253
26 263
24 139
47 14
25 46
28 99
30 158
49 66
10 234
10 48
20 87
16 226
26 163
11 145
12 70
15 205
34 142
30 270

24 76
47 73
31 133
12 30
47 159
27 271
50 110
29 133
24 288
36 258
40 86
38 134
22 290
12 179
12 90
48 84
50 242
28 34
33 10
46 16
27 91
15 125
30 242
15 58
31 297

29 245
48 98
45 209
30 299
15 57
15 172
23 212
40 21
28 278
37 195
41 182
34 56
47 135
10 14
32 77
44 190
40 17
13 78
18 20
49 197
42 75
28 256
42 266
28 218
40 296
40 21
44 293
32 234
16 214
22 78

12 118
18 231
25 185
31 207
32 41
30 182
34 119
23 37
36 212
30 142
43 43
49 218
32 85

28 12
22 200
23 95
28 276
22 40
34 141
31 210
22 39
18 54
29 90
16 175
46 28
16 52
35 63
36 216
12 16
20 198
16 70
47 260
13 273
41 92
40 101
18 284
23 24
44 209
38 68
12 219
41 224
41 293

27 235
12 222
43 275
27 238
36 165
34 297
37 220
19 171
45 36
36 252
18 105
38 213
31 57
41 47
15 288
22 109
12 101
19 188
44 28
22 177
41 25
32 226
11 198
31 144
16 70
14 271
20 189
23 235

16 108
25 194
43 28
43 209
32 273
16 149
12 50
11 88
11 218
50 35
14 165
32 256
42 268
18 203
10 123
38 247
15 250

13 121
24 57
22 134
27 274
13 123
46 197
21 247
13 236
45 288
34 230
33 117
12 68
17 121
15 232

15 28
36 97
49 290
36 92
34 263
42 105
34 267
48 169
21 137
12 77
32 163
36 236
30 101
48 162
48 86
14 211

29 119
13 70
32 208
40 243
14 219
19 276
20 140
48 218
15 66
23 212
10 44
16 125
16 207
31 204
10 238
23 146
19 141
22 79
41 238
33 240
47 93
25 104
48 57
35 126
40 273
35 93
39 192
45 39
15 75
22 57

20 216
16 64
46 162
13 100
29 262
37 276
12 282
50 41
29 212
44 62
40 298
50 145
15 52
19 15
10 59
10 270
48 236
33 218
37 299
38 107
44 191

29 196
29 77
21 267
40 106
45 269
38 160
22 250
30 272
19 249
35 53
15 261
48 235
10 209
28 192
46 289
41 263
11 264
21 165
33 179
31 230
19 259
17 93
30 290
29 242
42 232
16 198
19 95
25 52
14 18
17 44

15 292
46 28
15 102
30 16
14 262
33 220
23 203
11 125
25 155
27 18
22 58
43 280
50 174
41 122
31 118
40 25

16 76
48 123
25 285
33 261
19 118
19 137
17 87
37 149
42 273
22 127
33 156
27 185
21 299
32 119
15 217
18 91
34 100

21 40
16 118
45 100
31 35
39 272
18 239
10 266
43 245
18 260
32 158
19 240
42 114
33 56
33 280
30 234
47 228
16 154
33 251
12 89
11 213
35 141
32 51

21 229
31 221
13 153
25 33
26 87
35 275
29 287
50 45
39 38
50 87
24 273
26 16
20 253
17 295
24 217
21 266
31 256
29 50
42 44
26 279
34 181
15 48

28 174
29 142
45 168
50 290
31 150
31 174
33 212
43 198
38 67
36 46
26 152
40 120
38 214
21 297
21 250
43 215
29 223
36 241
24 192
16 140
32 183
21 184
48 39
38 180
45 69
13 36
29 160
16 167
23 238

23 87
42 266
26 73
12 74
40 263
20 77
41 82
40 297
22 28
16 31
20 25
41 264
22 42
35 150
45 76
25 116
39 254
27 31
10 57
28 250
27 284
15 107
13 175
30 296

19 89
15 126
37 192
45 17
12 255
31 85
10 259
45 283
35 99
35 45
34 201
17 131
29 236
28 290
36 15
20 76
33 247
35 278
36 105
36 232

11 260
45 203
25 53
50 31
23 91
13 196
48 243
20 220
14 246
19 163
35 172
30 126

28 36
35 90
29 191
49 235
13 202
20 193
31 152
31 101
45 241
10 129
11 260
25 297
31 67
24 274
29 113
37 21
45 30
17 85
19 87
14 77
30 55
42 70
26 60
35 291
31 62
34 273
23 264
28 62
40 15

12 168
45 114
29 37
21 72
23 249
47 287
41 283
31 183
32 86
24 130
42 100
22 156
33 29

10 261
13 217
40 19
10 74
12 168
31 216
35 107
29 59
42 231
46 121
13 75

11 231
36 62
24 97
43 80
27 223
26 146
10 280
21 217
28 56
33 277
50 281
45 185

15 216
12 89
47 275
43 62
17 132
34 164
15 113
33 45
37 23
23 49
50 212
29 216
42 233
30 38
38 167
12 170

27 17
43 89
41 111
12 215
35 189
38 283
45 10
37 83
36 255
34 185
50 42
49 264
50 228
11 296
31 173
37 240
49 121
28 90
15 239
21 298
19 115
25 205
13 40
15 118
49 175
24 187
41 156
16 71

13 282
31 112
14 10
41 32
35 24
49 74
10 64
15 104
48 279
41 233
36 93
50 268
23 14
23 74

27 254
47 94
29 190
41 13
35 283
42 180
39 16
44 83
12 127
29 276
25 79
44 220
39 10
14 270
35 137
27 279
34 249
27 118
31 209
23 132
47 118
22 296
25 271
11 109
27 54
26 25
28 251
50 159

18 247
34 55
28 97
25 10
29 38
40 199
44 236
50 120
25 230
16 255
35 223
29 29
43 246
25 85
43 112
44 111
18 204
40 19
26 56

27 266
26 104
12 235
35 11
18 257
46 161
42 100
15 61
25 116
17 264
49 31
21 134
45 222
45 110
39 182
33 71
22 35
40 44
37 244
24 108
32 231
40 148
17 181
21 144
37 24
28 213
22 203
11 296

12 73
29 144
40 114
19 58
30 13
39 57
35 206
15 139
23 218
13 244
23 65
37 190
21 187

27 50
23 203
19 288
24 279
30 277
17 184
11 63
48 205
37 202
38 77
45 227
34 184
28 198
23 93
40 124
37 17
38 279
20 184
21 231
22 298
14 15
47 185
30 261
15 185
21 82
43 21
19 299
32 152

15 194
13 89
19 188
24 181
39 244
37 288
33 238
48 258
49 73
45 127
39 62
43 235
39 211
16 201
50 168
35 181

15 36
14 82
19 297
35 248
43 175
29 19
13 214
20 48
21 291
50 152
20 134
26 17
28 84
49 193
37 99
37 221

16 125
19 76
47 222
26 148
49 169
34 143
23 138
32 223
34 279
18 247
44 235
30 16
17 111
17 148
29 59
11 227
25 150

26 43
10 233
34 11
26 38
30 226
35 198
21 36
15 274
32 99
25 94
46 100
21 150
18 225
15 43
46 184
25 69
42 243
19 69
27 258
34 119
38 18
14 213
39 136
32 189
13 191
27 293
28 236

16 128
25 189
12 102
17 110
38 135
19 242
28 129
46 257
40 137
12 169
48 86
18 295
31 36
27 132
20 248
34 134
24 33

20 127
19 198
49 228
22 179
14 96
24 232
31 76
27 279
33 141
41 161
34 260
37 57
38 121
29 268
49 265
42 56
46 112
43 261
12 10
39 211
34 68

