85

19 98
39 63
36 41
28 145
32 206
36 247
27 42
36 249
47 283
41 36
25 101
11 201
40 101
41 52
29 293
46 149
11 112
16 99
11 242
37 297

10 271
26 213
10 30
11 285
25 141
22 38
18 85
44 180
27 182
31 214
30 221

19 175
41 93
20 276
15 199
47 114
22 65
30 187
24 235
38 146
36 277
25 226
13 232
29 13
26 25
10 91
31 58
32 113
44 214
10 208
24 66

29 102
50 273
50 268
12 110
32 241
16 36
50 293
17 288
13 42
35 256
33 110
27 64
39 116
43 155
47 250
10 64
31 292
45 183
30 278
38 109
50 160
40 24
34 160
14 34
36 198
45 138
30 140
12 164
17 211
41 161

21 170
31 282
43 54
21 287
24 201
45 42
28 60
40 219
13 255
42 182
37 172
43 140
27 130
44 80
47 268
38 78
43 205
43 206
48 263
48 210
37 237
13 170

21 216
30 184
49 263
38 224
27 62
30 100
47 16
36 22
29 57
42 56
24 121
16 117
24 178
47 204
35 237
21 19
21 79
38 21
19 254
29 83
41 132
27 13

20 191
15 265
26 70
15 266
45 247
12 93
19 59
19 187
30 117
32 121
28 190
13 123
36 163
49 287
37 130
28 232
12 243
30 136
39 21
41 297
15 93

28 230
16 248
50 212
32 186
32 20
18 122
29 223
19 59
11 27
39 267
13 238
36 91
37 100
15 34
18 114
24 182
37 148
46 222
47 50
15 246
26 41
47 70
24 161
37 82
40 17
12 256
32 144
29 106
49 187

16 257
30 258
37 233
43 256
11 298
40 91
33 100
42 120
15 125
42 186
11 62
35 176
28 295
48 78
48 182
26 209
34 294

15 266
10 48
38 191
10 48
45 180
24 110
21 110
27 137
27 151
28 181
11 259
16 33
45 160
31 194
12 67
50 152

26 295
20 114
26 227
10 43
26 215
13 17
33 81
40 208
40 159
29 31
15 97
31 249
29 266
35 33
49 101
30 200
36 178
19 70
26 68
44 243
34 233
46 158
37 85
27 249
50 249
31 80
41 243

15 233
12 37
38 95
29 258
31 207
13 119
46 207
34 74
47 281
48 47
33 248
18 174
26 115
31 56
20 286
47 153

21 53
23 150
12 40
41 282
37 162
29 220
11 134
30 151
37 236
20 170
11 16
34 139
22 190
31 136
29 173
22 57
50 225
26 130
42 182
36 126
20 127
39 216

21 67
38 79
13 12
50 55
39 141
15 156
41 157
19 283
34 266
30 11
45 144
17 203
30 213
43 250
45 22
40 230
15 230
32 175
34 144
29 142
43 46
42 174

14 123
43 146
34 139
32 22
33 82
22 158
44 86
17 43
11 241
14 66
46 151
35 286
38 266
49 188
10 64

17 39
12 227
19 104
34 50
36 124
37 19
32 113
39 24
49 127
35 272
32 12
10 113
41 67
33 220
40 139
19 234
50 79
14 239

17 143
48 86
30 208
36 206
47 129
23 234
30 296
12 221
25 115
26 214
23 130
48 59
12 267
12 254
47 161
30 116
37 207
42 128

14 267
10 179
27 223
15 64
15 179
26 198
37 290
37 292
42 18
15 23
45 45
14 162
22 281
23 39
20 191

13 54
27 32
46 255
49 198
29 238
48 281
47 194
18 151
19 242
37 165
36 12
24 179
41 142
20 100

11 130
39 122
35 32
34 113
44 14
41 166
35 68
39 144
37 39
42 109
18 230
47 248

29 21
33 254
10 140
36 105
33 199
37 12
19 38
44 102
40 13
46 193
11 65
31 246
31 125
47 105
27 256
39 217
12 114
24 17
42 226
18 85
49 159
14 118
40 57
15 105
31 37
34 56
44 128
37 124
43 237
21 11

12 237
34 79
35 145
30 245
12 16
15 60
35 70
32 264
46 130
35 168
31 65
35 205
41 18

24 244
29 205
20 221
33 49
28 111
14 77
48 202
21 59
48 84
31 161
29 81
17 106
32 19
48 124
19 184
32 83
41 179
21 37
17 51
22 293
39 42
20 245
34 73
45 251
27 180

24 37
22 103
22 27
26 144
14 184
40 99
44 194
23 225
33 291
28 86
26 159
16 287
39 264
28 87
29 143
11 226
38 192
18 215
21 142
43 271
27 286
10 286
23 289
37 182
20 195

15 299
14 146
33 67
24 90
44 140
34 135
25 164
41 21
19 236
10 253
10 272
15 258
29 158
14 212
22 153
24 222

29 86
17 107
30 170
45 188
22 169
20 234
19 152
13 34
36 28
25 243
44 247
21 123
37 124
42 275
39 143
11 273
22 270
17 200
16 222
42 58
50 210
18 184
12 172
10 119
47 299
41 130
23 138
11 233
17 12
19 186

11 261
19 219
19 112
28 81
23 24
46 58
35 29
10 20
43 18
47 182
26 113
24 78

17 173
50 100
44 221
19 202
49 81
17 193
49 13
49 205
38 275
41 116
12 152
39 112
19 217
49 99
14 153
45 160
20 271
39 165

17 98
42 64
11 206
17 158
32 131
20 116
37 57
11 168
19 235
33 51
34 110
38 300
38 265
11 114
34 195
28 169
16 165
14 185

24 229
50 98
27 210
23 204
45 260
46 270
33 227
24 210
42 88
34 91
35 30
25 204
47 76
11 190
50 30
40 25
34 233
21 136
13 277
38 275
32 291
47 191
39 194
14 77
15 41

28 17
46 194
42 87
47 148
18 279
21 13
10 279
44 211
43 169
28 151
13 140
18 107
24 123
36 72
40 160
28 183
38 81
33 101
41 217
37 235
17 162
18 40
30 167
28 175
22 294
18 106
38 49
38 109
40 166

13 227
30 279
46 103
40 234
36 287
36 257
13 143
35 152
36 247
39 74
17 283
25 110
48 204
19 287

24 93
15 155
45 124
27 138
22 124
30 89
49 275
10 164
26 29
39 108
49 154
16 298
34 76
24 89
20 246
41 14
44 257
46 247
28 102
16 69
35 181
47 192
50 157
14 144
15 109

28 201
35 54
43 219
37 42
27 141
44 44
25 297
25 267
36 201
38 128
49 272
12 275
49 262
15 126
13 293
10 90
14 111
36 175
47 66
47 259
43 182
31 131
48 158
23 289
29 290
34 232
16 140
13 209
40 111

16 55
34 107
42 22
15 248
34 191
22 256
14 264
25 177
50 284
43 246
26 16
26 51
49 174
11 168
20 94
16 271
10 129

27 66
24 101
26 245
46 149
44 74
36 160
34 120
11 83
49 272
17 138
12 199
11 276
20 101
16 29
32 77
23 187
29 102
46 252
12 195
20 94
34 280
43 204
16 201
24 91
15 187
23 273
47 277
26 134

13 212
29 278
36 275
36 276
23 187
18 15
13 147
17 109
10 133
37 50
19 107
30 76
46 113
26 44

28 201
50 19
18 86
47 119
10 32
11 106
42 190
40 97
24 44
14 294
34 119
50 274
39 108
11 195
40 222
34 48
23 198
43 125
47 83
34 128
35 188
14 122
15 163
42 218
22 273
26 204
41 157
36 63
23 155

29 297
36 75
13 70
45 256
20 249
19 195
29 229
10 143
49 294
26 41
25 17
39 96
28 285
43 200
30 41
32 183
47 273
16 250
14 67
44 234
19 148
49 211
10 19
24 22
21 50
12 286
34 172
29 149
50 253
33 26

15 123
27 194
33 56
28 269
46 188
43 11
13 57
16 108
36 221
48 96
21 215
22 132
48 205
19 146
16 154
45 175

11 215
25 156
12 109
49 183
16 13
41 119
49 13
20 176
42 102
42 72
15 277
24 159

16 71
45 106
27 191
16 285
25 253
20 280
33 228
13 99
41 263
45 266
37 112
14 227
31 56
39 281
46 202
21 239
50 93

27 111
28 297
28 297
45 11
29 200
17 110
44 300
30 14
35 95
18 229
49 194
22 172
24 70
43 236
15 298
43 95
21 238
21 59
48 152
40 153
49 32
37 99
34 126
48 31
46 195
11 11
16 272
18 181

13 38
17 275
23 253
13 99
23 37
42 181
17 81
17 72
13 57
19 234
20 126
20 65
43 290
43 159

17 106
22 160
17 227
39 203
46 223
32 260
39 141
14 11
19 187
14 191
24 211
31 14
48 212
13 82
42 165
12 44
40 211
44 272

13 247
17 57
27 161
13 172
13 198
26 137
22 287
17 167
17 216
21 122
34 84
31 13
30 13
48 81

29 262
45 247
15 90
25 206
13 228
14 132
28 37
19 152
15 92
11 20
14 257
34 162
28 14
15 140
39 14
10 236
36 218
11 29
34 283
31 96
29 20
31 200
37 177
39 167
41 48
44 51
19 54
19 173
50 164
13 59

29 87
43 103
40 45
39 125
23 129
15 271
25 64
42 242
46 12
41 254
31 133
42 128
24 70
15 29
24 147
26 35
27 274
19 248
15 166
21 212
50 71
26 44
48 180
40 133
39 47
37 230
46 111
37 76
26 299
34 279

25 170
41 25
24 223
49 242
26 166
33 174
20 65
18 198
11 31
33 256
45 256
33 268
21 94
13 277
17 209
38 228
27 172
37 124
25 266
44 196
34 184
18 253
36 61
49 132
20 166
31 263

12 111
43 25
11 164
47 238
10 240
29 205
28 217
44 196
19 89
13 154
38 33
30 149
28 228

23 197
35 80
40 233
43 215
36 205
49 199
38 13
21 265
33 71
11 147
39 263
48 258
35 249
20 90
14 11
50 44
43 139
14 255
16 175
46 256
43 98
11 287
22 41
10 171

29 20
16 49
28 168
38 186
22 188
33 167
23 126
12 140
22 29
21 74
27 239
20 255
22 176
18 274
23 132
30 246
33 170
39 83
42 249
14 222
12 79
24 272
48 194
45 42
25 208
35 175
33 130
16 153
21 115
27 171

20 158
22 17
17 50
30 264
13 20
17 144
22 46
41 138
10 173
45 192
20 133
13 51
27 152
24 149
40 252
27 75
24 119
13 230
21 212
36 179
31 37

27 270
15 141
17 147
13 286
27 86
36 119
20 249
25 28
25 198
41 90
39 13
18 11
39 217
30 11
38 60
13 61
16 34
19 33
35 221
46 56
46 134
41 163
36 178
26 71
44 293
15 29
33 142
26 103

24 215
12 260
27 243
42 44
41 96
32 183
23 63
39 296
25 259
38 87
33 36
34 300
43 233
29 283
15 20
13 292
40 160
20 133
15 135
22 92
32 153
30 261
36 221
33 116
42 183

18 74
12 133
27 121
10 187
13 236
37 203
49 126
41 202
24 56
41 44
10 54
14 153
39 121
31 144
25 98
27 137
45 171
39 170
22 238

19 59
11 42
29 111
31 198
48 173
41 294
17 159
36 67
48 288
19 299
46 298
30 252
43 101
22 238
30 188
32 62
17 172
32 150
11 59
37 199

30 246
37 272
40 286
19 186
46 116
43 44
46 14
36 189
13 97
38 201
25 291
22 239
47 31
43 166
39 55
12 115
15 177
25 273
27 171
39 51
47 168
19 222
36 48
19 246
43 229
30 126
45 299
47 115
33 122
18 168
29 126

19 232
41 187
49 48
30 241
31 169
31 114
25 185
18 34
22 232
16 292
36 216
43 241
41 134
46 299
10 71
33 106
11 209
35 93
22 151
21 182

20 96
30 298
14 117
31 206
21 229
34 247
21 28
22 262
44 57
24 17
36 195
44 174
14 166
47 212
15 118
42 109
24 239
14 139
22 114
36 262
21 107

16 149
18 257
47 127
34 93
27 29
29 55
48 240
31 14
37 132
16 238
47 110
46 22
36 182
31 34
25 227
15 95
46 15

19 198
18 203
12 164
28 184
29 46
17 276
42 173
27 288
23 80
17 183
46 51
44 149
11 123
20 254
48 156
20 179
34 149
17 29
24 29
26 198

25 60
25 10
11 113
36 64
41 27
10 38
48 224
31 120
32 115
24 167
49 238
14 258
21 82
14 244
43 261
43 87
35 34
33 100
18 272
47 123
32 111
44 169
31 149
39 106
45 10
42 190

14 187
50 240
29 26
22 50
29 115
41 127
50 64
13 127
25 175
26 224
15 74
22 30
43 56
38 199
41 160

20 268
19 200
19 270
25 21
31 148
35 255
34 164
36 105
49 213
15 30
29 108
32 209
19 41
36 30
11 199
49 170
26 193
36 280
14 195
41 144
23 119

20 114
48 281
11 146
33 93
45 177
14 48
23 124
14 237
43 80
11 221
27 32
24 39
37 128
11 10
23 272
13 92
14 253
28 29
26 28
39 264
21 34

26 75
14 225
34 251
27 94
42 109
34 15
34 13
17 41
46 141
46 25
19 92
41 256
49 216
10 42
41 226
49 231
31 78
15 279
50 273
44 164
42 109
44 251
21 265
28 279
17 247
43 125
25 290

19 40
30 288
40 231
20 169
20 198
35 272
21 220
16 29
10 47
24 130
47 179
38 159
29 261
26 27
40 183
32 34
20 205
13 11
36 242
31 210

18 194
18 120
26 219
42 244
32 186
29 290
14 231
10 85
13 192
13 262
26 97
38 93
50 115
46 16
45 281
11 57
42 223
33 256
41 260

15 109
46 290
28 237
48 102
14 21
49 248
11 145
27 268
26 145
35 18
37 226
35 61
25 121
30 244
15 100
50 289

14 95
32 93
43 272
26 274
42 212
38 150
33 144
38 118
12 128
39 76
26 53
11 260
50 20
48 29
32 144

13 290
33 16
42 186
40 237
49 253
23 62
27 111
23 49
46 268
20 153
44 10
16 98
12 20
34 143

27 279
39 52
23 103
49 36
32 136
37 27
31 130
35 192
27 151
11 32
22 261
16 87
36 17
31 181
47 167
30 45
36 120
17 13
10 82
15 182
19 138
15 197
27 176
46 202
28 279
20 283
48 102
37 88

13 14
50 238
19 282
16 19
33 94
41 197
50 87
22 120
14 294
38 102
26 232
20 228
45 209
26 266

24 152
32 105
11 181
15 28
22 67
42 165
30 74
40 289
49 18
34 39
24 203
16 124
34 107
46 12
36 156
17 178
35 137
25 281
12 206
50 184
11 283
11 138
50 178
31 94
29 55

20 40
12 168
19 262
27 290
13 154
12 137
32 207
33 162
47 285
42 38
19 191
10 173
10 19
27 54
46 201
17 109
23 120
33 131
14 63
44 264
11 230

13 132
11 298
29 50
30 161
19 257
24 259
13 71
26 269
12 146
45 76
19 35
27 11
45 194
43 203

27 63
19 158
21 182
43 77
24 209
15 17
48 264
27 101
40 181
39 14
41 113
16 151
12 130
45 264
42 119
42 191
42 60
19 246
23 179
15 292
25 290
36 36
28 155
38 84
14 229
10 14
19 113
16 59

16 227
31 119
43 71
31 127
22 225
26 145
32 286
19 238
34 116
33 142
12 149
33 273
50 140
25 182
17 179
25 135
19 97

16 83
22 228
37 266
22 212
30 147
36 56
38 117
11 122
13 10
15 36
41 73
40 150
35 299
40 253
49 288
38 80
15 208

15 183
31 183
36 96
11 136
37 213
23 133
27 189
27 141
18 14
33 135
24 65
38 198
10 148
18 249
16 162
16 90

18 35
14 289
35 77
15 214
15 12
30 130
46 131
10 67
33 210
25 195
33 131
18 86
43 178
48 211
13 50
19 291
39 265
27 299
17 93

19 183
26 210
26 232
16 93
28 48
12 246
49 203
31 33
48 253
47 247
13 190
40 150
18 53
45 129
27 175
23 50
35 238
14 72
31 70
45 70

16 213
17 274
10 169
24 19
35 106
23 133
12 108
15 163
39 244
16 96
50 25
31 133
11 47
16 152
49 196
40 127
34 201

27 297
16 51
19 186
38 64
23 251
46 251
24 167
48 85
29 257
37 158
31 190
47 166
16 244
38 12
27 299
26 28
17 35
42 11
16 86
16 270
24 243
17 62
20 135
42 55
49 253
39 273
24 293
12 209

