82

18 163
20 203
37 162
46 176
44 108
49 187
38 259
29 139
36 236
10 187
20 279
26 61
39 279
27 120
20 74
13 291
28 257
16 63
48 129

17 19
17 31
31 147
15 281
34 284
20 13
48 175
37 211
44 74
34 113
45 172
16 71
21 279
17 57
50 185
42 268
50 257
32 223

29 96
41 142
39 170
50 285
29 105
19 100
45 125
45 284
16 167
39 143
41 98
47 254
49 87
28 172
10 84
11 125
20 147
23 17
48 280
46 255
45 81
13 34
41 285
42 176
24 284
18 70
50 300
48 193
25 77
10 284

19 62
47 237
12 119
15 91
19 254
20 204
32 145
29 57
21 162
37 187
30 251
48 175
42 111
19 276
32 11
12 126
21 170
17 34
35 94
50 134

13 220
10 18
17 68
25 129
38 212
37 138
27 234
27 51
35 219
28 30
20 66
31 249
25 200
39 154

14 266
42 238
16 43
49 57
26 90
20 240
22 167
29 243
29 176
45 91
17 45
23 151
37 137
21 175
13 300

14 177
28 82
15 172
15 204
17 27
19 71
24 192
35 95
24 230
12 275
12 278
43 138
40 294
45 31
36 169

15 228
44 27
40 289
12 31
18 200
22 166
13 267
32 207
33 196
34 47
40 263
30 182
33 158
23 228
48 199
46 193

29 228
36 150
25 135
32 107
12 234
40 61
42 16
33 132
50 58
17 188
49 211
36 152
40 206
22 68
50 46
32 38
25 278
35 231
34 165
26 257
33 206
32 230
12 180
37 196
40 33
46 67
20 148
33 63
50 237
22 169

11 201
48 293
42 97
13 262
22 284
23 138
13 207
13 61
10 288
40 198
31 116
39 76

12 112
41 185
41 251
14 70
19 45
30 23
31 207
29 170
47 228
47 266
27 257
10 58
38 284

28 89
29 190
18 51
22 197
40 110
42 122
13 213
45 123
11 108
29 192
20 280
12 174
32 177
32 198
44 90
35 227
42 70
32 118
41 10
33 161
17 158
24 178
10 117
39 135
10 132
31 293
14 117
46 125
31 118

12 124
45 101
41 243
22 22
19 42
17 277
49 139
48 154
16 208
33 129
23 124
25 173
24 151

19 264
22 110
28 201
10 193
42 17
14 93
47 201
38 27
21 47
28 33
27 295
27 105
25 115
46 88
49 52
17 83
14 74
34 113
49 213
24 101

14 207
46 246
30 185
15 45
11 74
24 18
29 208
13 141
47 64
47 261
36 245
12 243
47 134
19 135
48 81

22 243
21 63
40 75
44 44
40 188
34 138
36 180
42 144
32 86
16 42
48 136
29 219
15 19
50 98
25 171
32 92
48 12
33 194
33 194
36 270
43 255
23 282
11 282

18 202
36 70
35 34
19 54
10 74
38 109
21 257
18 186
28 242
36 138
22 231
25 291
44 234
40 214
42 214
34 183
39 295
22 30
13 269

17 121
48 127
47 257
17 94
48 285
13 28
15 282
26 201
29 137
14 161
34 290
30 65
46 291
29 25
25 111
19 280
18 27
10 170

12 123
40 160
42 161
35 120
32 201
31 176
33 62
43 11
19 286
46 64
19 172
44 143
38 139

13 10
47 245
14 276
23 210
12 18
18 232
24 256
18 186
31 153
30 47
27 237
37 77
46 152
37 97

14 32
21 294
35 127
37 289
47 263
47 41
33 219
19 168
29 188
29 206
33 210
18 283
18 221
23 118
44 135

10 299
10 248
27 281
21 117
24 270
21 188
32 212
17 254
43 270
33 158
32 194

11 279
23 229
13 289
12 73
23 148
35 206
10 272
36 126
40 130
32 98
44 149
31 77

22 285
42 37
25 34
10 275
19 257
14 144
34 62
47 185
19 176
35 267
41 210
40 31
20 35
22 145
23 255
25 223
14 295
18 195
37 278
26 125
37 143
25 275
26 284

30 143
21 117
32 130
46 188
32 192
31 156
41 201
32 226
37 43
36 263
19 221
42 150
47 207
47 246
44 52
41 41
23 172
16 82
29 202
38 88
46 231
16 256
26 65
33 71
48 128
22 258
47 88
11 39
39 50
11 38
39 118

17 88
41 237
33 143
35 253
43 217
36 293
23 153
23 178
28 207
27 144
47 97
48 169
47 288
24 73
33 68
12 81
13 241
27 113

11 164
28 175
10 220
50 82
26 109
15 74
18 157
33 96
44 284
41 43
41 74
11 279

11 119
49 299
34 136
27 262
44 194
42 237
30 231
36 250
11 38
48 82
46 273
34 80

24 68
16 297
13 42
17 105
48 208
47 87
48 132
24 213
12 242
14 241
49 187
25 154
33 50
23 181
41 217
13 123
10 224
39 24
20 248
13 201
20 165
34 59
36 82
49 52
25 188

13 205
22 35
10 267
14 172
33 78
39 206
37 68
27 87
22 260
27 77
30 148
31 125
21 226
10 25

19 103
38 177
38 67
48 187
12 108
42 276
26 273
18 126
34 288
14 70
25 224
18 67
10 89
41 57
45 173
32 233
45 203
44 145
21 47
30 260

23 143
20 52
47 89
34 78
11 16
28 116
47 64
28 201
48 20
49 134
20 220
22 236
10 19
19 106
14 190
22 114
18 37
34 235
10 282
20 105
36 269
11 236
38 183
11 75

28 203
25 45
35 290
24 125
50 118
17 64
38 74
47 192
34 235
40 196
36 221
11 38
19 265
31 41
34 76
28 33
24 61
47 264
37 200
33 113
48 104
13 126
26 112
33 21
45 21
45 73
37 127
29 63
17 206

25 201
18 231
25 62
10 94
21 105
24 174
37 134
31 107
23 250
10 169
47 217
16 78
34 193
13 46
11 158
35 200
23 110
46 31
31 191
14 225
37 52
20 168
27 102
48 220
47 281
26 181

21 42
25 71
42 102
12 150
11 141
44 219
42 104
41 12
11 126
25 19
33 75
36 34
21 228
11 244
19 133
43 272
50 47
26 179
30 224
20 273
37 83
46 95

22 27
16 10
49 22
33 60
25 25
41 295
43 89
44 135
14 49
45 135
29 177
18 168
43 125
12 71
36 14
16 224
31 53
26 92
45 275
43 36
10 204
44 27
41 77

18 260
47 36
24 157
26 172
36 37
18 100
32 192
42 129
43 263
41 127
10 189
20 217
33 238
23 25
37 252
22 51
20 20
44 95
18 256

13 178
38 85
21 227
42 297
20 131
45 290
11 172
31 284
42 236
21 158
31 116
15 111
50 24
33 200

26 70
33 217
37 263
26 125
23 138
14 133
18 277
22 266
35 103
17 57
28 236
12 65
45 201
38 268
33 121
17 98
13 157
22 56
13 190
38 199
41 183
39 11
16 99
11 159
27 275
18 29
30 163

18 186
13 101
16 119
27 170
22 15
26 66
17 271
10 49
45 157
23 11
14 221
42 23
44 50
15 230
17 130
41 183
15 234
45 198
43 102

21 235
28 196
49 188
25 97
35 201
33 129
10 216
39 282
33 22
22 123
45 198
37 187
20 207
30 48
49 75
18 228
48 253
45 133
37 269
38 102
31 285
23 61

23 266
34 134
12 154
16 268
50 151
48 232
20 98
23 98
15 179
46 42
18 125
13 239
34 118
34 45
32 180
10 107
46 108
33 20
35 34
41 129
37 300
46 288
32 193
42 221

28 46
19 189
18 57
21 53
27 152
28 70
49 67
46 268
40 53
29 124
19 181
42 137
38 165
27 100
44 107
27 130
30 42
45 213
28 56
33 23
20 258
44 104
47 193
33 61
17 12
27 80
21 252
17 191
46 159

25 20
34 13
28 12
33 38
29 255
11 128
28 258
35 49
32 221
27 115
33 141
22 268
35 215
33 152
47 158
15 105
31 59
40 222
45 128
16 76
26 235
43 275
38 245
39 286
16 136
46 32

11 103
17 46
41 245
13 173
18 171
10 196
30 125
15 15
44 131
17 140
32 249
28 52

26 184
11 116
28 73
32 123
14 217
24 166
10 214
29 184
11 136
35 197
32 79
39 59
11 33
18 150
20 94
39 153
23 268
19 67
45 185
48 76
37 225
21 293
15 199
42 137
49 61
12 72
27 53

26 41
38 155
33 265
28 112
39 36
26 186
39 66
26 210
26 268
50 223
26 174
11 212
15 64
35 33
43 208
16 267
30 212
35 250
37 12
14 293
22 66
50 235
41 162
38 165
45 159
46 219
37 27

25 17
21 147
27 124
34 133
38 133
49 107
48 25
13 10
42 75
38 70
43 268
42 176
30 206
26 71
36 153
34 192
25 67
15 97
39 43
45 180
27 259
11 157
45 77
31 289
35 179
35 241

25 42
40 275
12 258
41 125
13 196
19 256
48 272
39 110
11 286
34 167
10 222
43 246
33 284
41 204
29 73
34 185
29 259
24 257
21 93
26 252
18 28
21 31
49 227
39 166
24 226
32 57

23 274
31 227
41 225
21 160
12 200
29 223
39 71
47 62
22 142
46 88
42 44
47 178
42 162
12 272
47 289
16 153
15 208
34 220
10 178
37 46
15 236
48 78
14 84
12 50

18 171
47 142
39 246
28 293
23 42
13 143
22 184
33 61
45 55
50 162
23 231
15 231
17 262
47 85
20 150
27 159
45 294
32 207
46 93

19 295
39 63
39 24
14 102
16 220
25 81
46 62
46 102
26 71
42 236
39 11
15 275
10 126
22 280
11 247
11 181
46 56
43 180
20 39
32 77

30 67
47 242
39 174
22 79
50 56
23 266
48 119
34 126
15 17
46 122
29 233
50 226
42 299
40 133
12 94
23 123
21 80
15 107
12 91
16 153
23 46
26 139
22 220
25 154
24 200
21 153
38 73
48 27
31 121
40 44
26 165

12 162
24 121
19 235
28 39
41 253
14 253
25 123
19 138
39 16
27 161
34 262
28 170
20 87

30 32
42 285
39 261
44 240
32 270
14 73
38 153
28 271
25 119
20 120
14 92
20 212
30 295
11 112
33 216
35 161
25 25
47 63
25 154
10 151
32 75
24 81
33 257
28 163
23 156
22 287
38 63
46 199
27 13
18 249
28 128

25 258
40 249
22 93
17 145
18 274
12 119
48 263
34 196
40 218
45 31
47 14
34 201
35 127
10 264
49 245
24 122
20 103
22 202
24 164
34 114
34 168
14 12
49 66
42 249
24 264
41 51

26 226
23 198
21 114
44 281
11 157
43 22
39 136
36 186
21 200
31 214
44 25
25 127
14 282
37 132
41 31
43 62
50 216
24 297
34 68
45 185
45 163
16 45
24 30
30 185
50 163
48 146
35 192

20 292
45 260
10 279
23 279
40 110
21 243
44 63
27 174
19 273
35 60
40 89
36 177
20 18
16 272
47 185
45 220
37 52
22 10
11 291
28 216
48 52

17 276
23 70
43 198
40 150
40 133
41 238
28 82
44 37
12 271
23 225
25 231
35 300
28 53
36 185
20 285
35 298
36 118
48 222

10 71
11 266
17 176
45 66
21 207
31 265
21 141
13 179
28 65
21 233
17 286

24 65
29 273
27 102
27 200
33 204
48 93
45 34
43 20
13 104
15 226
42 139
12 192
49 250
11 136
50 117
17 73
46 282
50 251
22 92
20 180
35 194
11 141
44 86
42 108
30 226

25 106
24 50
23 163
32 22
17 100
27 95
47 187
13 27
41 27
30 132
27 124
37 144
29 193
50 247
29 86
18 127
19 241
17 50
30 86
23 117
12 78
32 272
42 274
43 244
50 182
15 123

28 283
42 262
11 140
48 223
16 252
50 135
45 212
48 188
26 59
34 151
21 183
36 177
11 122
36 54
48 165
41 122
20 246
31 77
13 20
33 17
48 170
12 231
17 190
20 166
37 46
44 164
11 282
17 69
25 88

28 276
43 115
14 117
23 161
24 274
43 13
22 259
41 144
23 265
23 129
11 282
40 30
24 185
50 278
41 134
28 181
33 11
40 222
46 44
27 105
27 146
33 124
10 139
47 46
13 128
32 229
21 41
47 158
16 261

25 96
38 92
34 234
28 53
31 173
25 254
46 11
12 12
14 68
39 142
32 195
14 145
26 42
42 67
40 214
20 59
40 243
25 267
48 164
46 268
39 160
13 130
27 286
13 87
15 94
14 138

29 230
27 24
28 300
50 227
35 260
17 139
10 25
41 198
33 273
44 31
22 298
19 115
43 94
16 121
43 197
15 207
15 17
23 186
31 52
23 297
30 171
21 271
47 206
48 153
45 201
32 295
50 169
40 101
35 127
45 221

30 122
38 40
34 80
14 227
10 240
42 280
21 88
41 165
18 23
19 129
17 134
46 214
40 25
40 133
37 296
45 199
11 22
22 276
48 198
23 211
10 12
36 59
44 115
36 235
28 187
40 293
13 219
26 294
38 50
45 159
34 35

23 212
15 112
35 210
21 46
43 199
18 234
50 118
39 87
22 198
18 176
42 183
36 31
49 74
48 220
48 86
24 232
17 246
48 161
24 39
21 137
16 123
33 54
10 220
12 288

29 224
46 81
37 149
43 25
22 140
38 135
29 297
36 183
46 118
46 112
18 191
22 63
16 263
10 179
48 144
26 16
41 182
34 149
47 229
46 212
26 173
29 255
49 117
10 284
11 120
43 21
38 240
12 63
50 255
43 156

22 25
15 82
36 79
23 56
13 226
17 35
39 29
42 57
47 39
20 50
12 95
22 212
20 206
28 36
10 73
44 190
15 94
25 241
49 268
30 217
13 128
46 122
44 31

26 11
22 277
30 145
41 174
48 189
13 157
40 291
16 272
33 180
27 248
24 260
27 129
15 275
24 140
27 217
23 70
29 28
19 243
45 215
50 217
16 36
18 13
20 51
37 67
42 298
10 276
49 247

23 268
49 236
48 293
35 195
35 193
46 235
19 102
37 135
46 197
12 176
34 142
16 232
29 32
27 273
12 175
36 198
24 162
49 270
26 248
11 245
25 155
20 233
49 11
17 59

11 156
48 119
30 71
15 264
41 198
25 239
25 169
39 117
13 282
41 13
14 207
38 152

23 108
27 233
18 217
12 141
49 98
27 49
21 183
17 88
13 222
33 280
18 37
44 149
22 265
15 249
33 267
18 272
32 60
32 235
11 192
49 220
33 224
11 178
45 161
16 261

12 17
49 224
24 274
47 261
32 245
17 63
13 142
12 271
11 10
29 75
28 211
29 133
22 170

10 139
47 34
42 167
42 192
33 279
10 147
24 295
35 270
23 262
15 147
20 234

17 235
32 239
45 170
16 201
15 270
29 241
42 71
38 95
50 242
18 54
18 140
43 250
20 253
43 274
19 112
19 234
48 111
18 122

26 65
12 197
21 131
10 139
40 158
34 86
20 239
14 119
41 63
28 85
13 217
43 259
42 140
32 27
20 89
47 129
48 255
37 286
29 227
45 83
13 212
33 226
25 178
42 155
18 72
33 62
35 74

29 269
19 201
11 50
28 179
39 136
13 16
36 262
20 232
34 147
35 222
20 102
40 247
11 97
21 226
29 241
46 141
32 119
35 103
45 155
20 70
20 45
28 195
44 145
24 37
36 62
49 223
49 156
41 56
44 232
26 40

15 224
40 231
25 49
50 110
38 243
33 31
17 279
13 297
15 52
10 171
40 170
31 171
14 128
37 148
35 62
49 51

16 261
34 105
16 76
23 95
10 274
50 85
26 82
17 193
39 184
25 52
30 12
45 185
22 55
34 63
23 263
41 60
31 288

29 51
29 68
42 97
23 183
24 147
31 81
32 125
10 208
29 164
32 262
39 244
25 10
31 207
36 225
48 193
28 133
41 269
46 97
42 62
30 102
25 103
43 258
46 236
17 193
16 151
41 36
36 153
48 102
21 286
25 56

