95

20 49
26 11
41 262
35 81
43 33
15 48
40 106
43 241
10 262
47 28
49 127
17 55
10 179
42 194
15 152
20 20
20 76
35 299
45 141
15 175
46 279

22 267
13 270
46 185
17 219
26 277
45 142
36 297
20 229
50 286
17 256
28 284
30 208
44 137
38 45
46 293
46 259
43 205
26 117
47 42
30 28
48 156
46 201
48 273

28 143
39 73
38 145
42 22
50 100
17 221
23 296
26 87
32 194
14 249
39 285
15 11
49 108
30 65
49 37
36 284
21 102
22 104
42 96
19 178
44 126
46 82
29 41
21 114
20 213
10 134
16 80
10 219
33 213

27 151
16 187
11 230
22 229
26 13
46 234
39 297
16 65
40 172
15 94
22 29
17 265
50 269
11 286
28 178
41 139
39 22
23 220
50 135
34 184
13 274
48 163
32 227
10 156
48 291
44 171
18 242
18 98

10 71
28 256
30 286
48 150
49 147
15 159
12 257
40 13
48 14
33 280
31 170

13 207
30 33
47 205
29 240
29 24
14 36
31 274
29 27
19 203
41 161
20 40
20 23
17 207
45 58

21 20
24 26
17 238
49 145
29 66
42 283
38 80
45 150
42 201
10 75
22 260
22 128
36 260
44 267
42 41
35 140
32 127
44 115
40 53
47 187
21 62
45 192

19 300
34 84
38 153
44 196
15 275
29 276
48 92
47 172
30 77
21 172
27 124
35 200
42 222
26 296
30 223
40 101
19 44
18 239
21 85
24 25

27 283
21 36
40 166
41 89
15 123
28 208
13 23
19 111
42 95
26 151
20 60
39 269
10 232
15 279
25 153
47 141
39 91
22 220
11 254
10 70
10 156
40 225
40 54
13 286
14 78
31 71
42 205
25 127

22 231
48 96
39 233
29 94
28 206
49 190
42 264
29 56
32 107
29 271
15 190
40 273
34 233
16 25
24 257
23 45
12 240
35 264
28 171
10 195
20 77
48 209
45 256

29 135
47 139
10 193
12 112
12 239
22 84
16 299
49 67
43 227
13 235
25 177
14 179
13 186
46 264
33 288
48 183
13 18
42 52
36 167
31 108
18 44
24 256
20 146
19 248
43 258
33 250
48 208
46 52
30 258
10 189

23 96
11 47
46 270
11 43
29 149
36 258
13 78
33 126
29 207
24 116
45 180
16 108
18 183
34 46
27 292
47 198
36 70
23 34
14 79
10 286
32 121
32 137
43 96
49 153

14 251
36 221
16 133
47 214
46 137
31 172
37 192
26 33
45 141
40 273
12 211
11 155
50 114
12 237
27 190

12 256
22 248
15 216
19 16
47 88
26 141
45 109
15 219
28 42
45 46
23 252
13 51
28 244

14 227
20 221
22 35
31 55
11 272
28 79
14 256
33 121
22 49
36 91
35 205
13 113
43 55
43 241
24 42

24 55
43 271
29 29
35 244
39 26
37 125
11 26
34 82
27 236
24 202
28 12
20 61
18 115
24 163
49 93
23 228
50 97
18 35
32 275
34 226
32 269
23 158
33 97
43 18
35 283

29 32
27 118
20 44
47 35
26 24
13 171
22 140
15 52
19 137
10 127
46 112
36 283
25 18
30 135
24 94
46 275
10 127
48 178
20 141
25 209
44 46
30 11
37 54
42 56
20 245
25 82
42 210
28 66
47 142
22 234

26 232
37 134
20 200
33 124
14 205
23 230
25 129
18 196
36 90
35 88
20 86
48 64
31 241
50 249
24 212
14 59
20 53
30 222
28 187
11 259
37 244
48 158
35 142
36 27
27 115
35 294
46 90

20 26
30 87
43 101
14 211
10 224
22 79
37 194
22 219
31 66
35 159
38 224
47 294
17 246
22 102
33 51
17 19
27 222
26 118
36 226
10 32
35 124

23 29
28 269
46 79
12 21
30 120
31 294
43 142
44 96
10 100
10 127
16 248
29 104
16 273
43 230
34 33
26 168
31 293
22 174
36 296
10 87
37 181
30 260
46 249
23 119

15 75
11 20
10 20
17 39
30 55
50 229
27 12
39 154
30 125
21 199
14 243
34 185
40 179
41 75
47 182
22 233

22 159
25 96
18 282
22 292
20 71
14 168
35 182
12 59
41 140
21 93
11 219
22 172
39 131
27 286
33 145
11 236
21 58
10 51
43 44
31 295
35 150
16 266
12 250

11 18
35 140
35 300
44 104
31 52
11 146
19 262
19 173
17 36
38 201
14 110
38 191

15 75
24 108
49 149
20 209
38 77
14 297
48 257
14 217
40 202
37 15
28 221
14 93
37 175
37 143
29 140
17 73

30 50
48 26
29 120
11 155
10 248
29 282
37 44
16 134
46 213
10 148
14 264
33 268
23 24
10 147
19 12
42 126
33 242
34 77
48 291
11 16
44 51
22 298
39 114
19 50
36 59
35 278
30 187
38 54
11 60
28 160
18 215

19 19
16 123
13 236
30 264
38 130
15 187
19 191
10 171
35 275
18 163
41 92
26 217
20 167
41 270
26 85
18 267
32 257
48 177
19 26
23 152

21 90
46 152
17 139
10 160
32 262
44 54
34 274
11 274
38 218
38 61
38 66
27 112
16 28
47 37
12 127
17 59
45 12
45 74
46 42
18 108
42 195
37 62

21 277
30 184
11 99
34 257
22 249
13 13
33 155
32 71
36 66
12 136
15 252
22 97
27 246
47 232
15 201
13 229
36 154
30 35
20 290
22 118
39 149
17 30

20 214
26 177
28 217
45 251
18 152
28 50
19 15
14 242
47 16
43 159
35 72
36 94
44 222
12 296
14 285
37 233
43 39
31 95
34 132
13 165
43 178

25 24
33 98
27 36
33 300
42 222
20 162
32 53
39 81
39 184
22 261
38 46
37 103
14 24
41 163
20 178
43 211
39 108
43 282
36 21
39 267
40 299
17 121
29 222
38 101
49 150
36 47

13 199
18 158
14 86
36 64
31 205
14 241
50 245
38 114
16 211
33 189
45 272
16 250
14 153
46 184

12 276
42 158
39 18
18 17
40 207
37 173
29 15
46 240
18 151
42 208
31 119
40 141
41 281

27 251
32 284
19 21
12 233
37 210
12 286
27 121
45 160
38 160
37 98
19 88
19 237
28 94
41 261
38 12
31 58
40 188
41 81
17 26
10 242
42 28
28 171
48 140
21 146
26 56
36 74
34 284
30 287

25 51
45 73
13 235
42 46
35 258
10 108
27 244
40 72
42 105
29 208
46 45
11 89
31 114
50 278
30 10
24 222
18 24
39 233
13 175
18 81
17 124
22 210
35 246
46 35
25 124
39 277

24 276
24 261
43 35
19 178
24 216
15 297
39 297
23 239
45 140
22 258
22 181
33 67
32 104
10 171
38 294
14 84
42 285
49 130
50 98
16 239
13 176
32 174
27 160
20 159
37 140

30 151
41 149
27 73
11 87
41 250
40 230
11 287
17 56
48 131
25 229
46 87
43 122
36 154
33 97
49 100
41 84
11 11
33 161
41 255
17 298
27 40
17 201
46 227
34 72
43 238
24 295
16 68
13 36
23 200
44 295
47 62

20 191
18 76
31 59
32 255
50 64
37 185
37 279
41 71
49 124
49 63
10 40
35 12
30 151
44 92
25 248
34 286
12 127
37 150
40 149
42 261
50 142

29 247
31 292
21 131
48 152
43 288
15 190
27 51
50 257
21 54
47 43
20 171
14 53
43 113
41 48
21 119
24 235
22 274
18 193
18 20
35 84
34 22
35 48
32 15
18 99
31 25
32 54
46 279
45 18
24 259
17 269

26 64
34 44
38 245
42 195
27 280
35 117
33 89
37 65
45 172
20 136
13 212
44 180
44 212
14 299
27 144
39 95
38 232
24 48
27 153
25 179
36 130
46 210
11 15
46 164
33 149
15 278
25 288

24 165
12 199
11 142
20 282
41 174
39 216
49 192
14 83
31 29
17 120
12 263
38 221
38 39
14 109
22 116
17 176
21 82
20 209
37 54
26 151
42 121
27 176
47 218
41 291
32 158

27 159
42 21
32 130
45 38
14 217
24 49
39 262
33 126
32 263
13 74
43 265
38 70
43 269
40 207
25 122
43 116
43 131
10 25
19 259
17 185
43 99
41 111
14 78
35 150
36 140
23 271
43 29
17 35

24 267
48 216
16 230
39 129
17 214
22 171
33 27
42 264
11 102
50 236
48 169
28 43
50 290
30 120
43 15
16 252
11 177
18 202
48 157
19 202
24 299
34 207
11 54
16 256
17 249

24 180
41 279
39 219
25 179
49 72
47 198
29 12
16 127
22 293
44 65
47 76
38 19
29 100
22 215
10 37
12 180
49 204
35 189
41 173
26 70
42 256
17 74
48 210
42 138
40 193

19 246
38 238
39 93
42 145
43 108
18 123
45 254
35 88
25 126
11 201
33 22
10 153
31 58
27 217
44 30
23 119
26 128
34 30
21 22
26 50

19 166
46 80
27 17
17 80
19 150
40 14
46 38
26 153
33 298
19 155
22 290
33 10
44 156
44 25
40 192
36 22
27 70
29 219
18 130
36 59

26 16
22 30
15 77
15 19
19 179
16 71
46 178
31 289
14 74
47 178
38 113
39 138
32 63
33 46
13 163
35 250
26 299
27 76
25 229
39 299
48 210
22 142
49 261
12 56
37 36
47 193
14 221

15 236
10 156
46 258
34 39
25 252
19 166
43 28
27 32
29 169
36 150
11 17
32 142
48 196
31 153
17 19
21 141

13 186
43 35
19 43
35 178
50 41
49 113
11 22
36 66
20 266
48 208
42 44
50 178
29 228
48 115

23 118
49 116
39 29
32 139
11 87
39 101
17 61
50 104
46 272
27 170
34 179
50 217
44 252
16 105
47 195
44 15
27 124
32 39
34 68
10 25
16 149
32 70
20 71
43 298

25 37
10 229
28 291
27 70
43 208
16 275
43 21
37 135
27 246
14 28
50 103
28 246
12 219
45 296
49 153
23 263
37 144
12 242
23 245
31 138
29 79
17 160
18 198
21 131
43 35
44 81

17 68
38 244
41 254
33 44
41 39
12 296
21 228
49 23
41 148
50 228
34 206
49 202
39 100
44 252
36 183
24 153
16 245
40 51

18 221
30 167
44 279
37 59
32 181
45 162
50 269
48 168
42 78
27 109
37 80
27 207
48 272
16 288
48 86
24 52
28 15
48 100
37 273

25 298
38 108
45 133
38 167
45 200
15 77
10 105
32 87
47 25
36 181
10 194
39 200
12 156
39 278
12 229
10 196
25 161
20 141
11 287
27 128
47 259
41 213
37 221
36 253
50 143
41 187

22 191
26 130
49 30
32 81
15 127
12 233
29 156
13 212
50 98
13 150
42 127
15 147
39 198
20 200
35 124
35 180
12 90
35 270
19 177
25 201
17 53
46 42
11 14

14 217
26 165
12 40
31 143
28 52
45 173
22 43
32 132
28 45
39 271
37 94
41 300
25 252
37 290
11 73

30 40
49 295
23 182
17 114
40 184
43 51
36 26
45 123
48 216
32 169
43 176
43 57
28 63
43 89
48 273
26 250
20 254
38 105
38 191
13 40
22 75
31 114
17 45
10 32
37 132
48 20
19 185
44 62
49 110
20 84
31 49

15 13
48 120
49 287
35 10
40 220
25 51
40 90
41 219
16 171
20 99
27 87
34 288
41 186
45 73
14 116
30 142

27 122
30 135
38 184
38 17
37 260
37 127
48 66
13 131
16 104
27 62
43 197
23 167
33 17
14 223
32 212
27 243
44 15
49 179
16 78
44 33
31 70
27 115
34 143
13 284
40 49
31 48
22 161
10 131

16 142
49 103
32 50
25 166
34 295
33 291
37 171
45 162
49 39
22 174
32 254
22 243
10 207
23 214
33 84
19 185
23 200

17 247
36 179
41 52
29 216
45 89
15 164
12 10
43 42
40 36
27 189
36 262
46 24
15 22
29 13
17 300
21 36
32 247
23 162

24 179
29 275
29 123
17 165
23 144
28 105
36 197
30 148
13 38
36 107
12 130
15 245
40 182
19 260
26 300
40 272
46 268
35 134
34 247
34 256
28 157
30 260
37 155
31 69
23 174

27 284
13 257
39 58
35 300
28 30
39 145
44 66
50 192
13 141
32 107
32 119
22 195
13 207
12 198
18 30
24 183
29 184
15 104
10 101
48 18
16 33
10 11
33 268
12 176
17 74
38 276
11 184
45 152

19 75
17 253
50 244
11 183
36 214
12 258
13 173
29 68
15 49
50 211
27 28
38 137
30 119
28 71
29 60
19 198
21 131
45 234
43 24
33 103

17 136
35 42
10 47
41 138
19 249
29 175
45 171
41 129
11 188
22 282
46 269
32 134
35 138
32 113
29 181
26 262
46 294
18 77

20 269
40 84
12 286
36 217
50 189
45 214
19 261
19 64
14 21
42 54
41 97
36 68
28 262
49 124
28 202
36 129
48 37
50 27
24 104
26 300
49 18

14 179
43 76
43 210
37 263
42 29
11 246
44 176
12 24
28 128
37 58
23 279
10 95
14 197
21 178
42 23

22 147
22 52
15 35
30 17
33 248
24 249
43 143
14 19
29 174
12 128
14 251
12 10
49 293
12 251
43 23
49 104
27 190
23 294
19 48
34 219
50 84
43 96
22 85

18 76
45 184
17 151
42 92
27 178
40 49
15 24
20 131
48 65
25 15
41 176
22 158
34 93
49 53
38 239
40 158
25 51
35 261
29 113

24 273
13 12
15 36
11 20
37 100
33 221
20 227
11 267
17 257
36 219
15 263
23 283
16 74
39 78
27 81
19 127
47 216
45 131
26 98
26 267
15 181
33 249
13 80
33 178
39 69

30 138
24 86
13 63
32 64
36 290
29 193
39 204
35 272
33 130
27 121
19 30
10 200
20 39
36 300
44 289
40 147
36 32
46 140
23 69
24 75
29 172
11 186
38 147
32 115
11 75
16 125
27 231
42 154
17 113
26 158
34 142

19 253
29 218
33 292
22 42
48 288
50 265
10 169
48 208
28 189
22 240
47 283
24 282
24 273
47 168
45 93
25 287
10 235
49 66
44 98
33 133

11 245
34 253
28 187
36 260
23 287
43 73
40 125
35 244
50 297
20 60
31 59
37 252

11 183
42 90
36 264
21 24
26 90
28 248
30 81
14 233
25 198
30 110
31 43
29 240

14 14
23 143
23 87
29 25
47 285
18 95
23 266
25 16
15 139
26 153
28 186
33 12
28 233
24 126
14 12

18 99
47 220
47 269
14 153
44 282
32 242
15 20
26 98
18 22
14 148
20 157
26 297
34 68
19 102
11 131
37 91
34 236
35 199
26 193

26 126
40 174
49 70
43 111
42 196
34 103
42 76
36 46
43 191
11 45
14 126
32 199
46 75
40 114
26 100
11 76
17 113
17 10
44 86
18 258
24 60
13 294
26 47
43 179
34 193
26 102
44 172

29 277
43 169
43 40
14 258
20 110
42 146
33 145
41 45
48 251
33 196
10 163
38 132
33 142
31 50
33 71
29 156
22 92
37 297
26 76
29 173
20 203
40 269
50 221
13 240
15 197
41 193
42 263
22 276
50 40
39 40

29 59
39 91
32 20
30 108
45 252
10 26
34 102
25 230
43 116
12 254
24 122
17 219
39 228
48 153
13 52
21 271
46 35
18 49
17 66
23 202
20 226
35 130
38 217
45 111
26 69
37 158
32 236
12 127
13 262
25 189

26 14
27 293
48 172
36 265
27 291
24 72
34 122
23 136
42 104
23 281
23 147
33 144
36 205
45 110
38 88
45 248
38 234
11 103
27 148
37 237
41 43
34 62
50 157
21 192
33 89
45 114
17 142

12 84
31 199
34 229
48 287
20 132
24 48
22 111
40 201
25 79
35 155
43 37
24 121
12 127

30 21
29 235
14 226
11 251
41 169
21 213
42 151
32 285
21 217
38 63
26 86
19 294
39 124
43 104
48 222
23 41
42 53
10 124
26 219
36 185
22 267
16 121
18 259
12 133
43 185
31 35
37 228
41 167
47 37
29 32
46 295

14 127
50 96
32 63
37 43
20 224
39 41
14 85
39 162
15 37
41 53
28 114
44 43
44 107
37 137
44 60

13 266
12 106
34 23
18 273
43 31
37 178
12 80
12 104
23 37
35 10
34 160
48 12
45 247
32 36

14 27
18 195
13 177
22 43
25 181
21 140
33 198
48 73
41 56
34 124
39 61
47 232
27 161
33 241
41 184

13 89
24 249
30 198
11 64
22 233
12 287
14 72
28 179
39 152
15 150
47 44
25 232
19 110
13 241

12 104
23 186
46 49
26 265
37 279
25 166
12 181
46 97
36 64
12 131
43 115
30 210
49 102

19 86
10 274
49 118
39 231
38 247
14 43
46 166
34 267
16 253
46 96
33 283
44 115
32 111
25 17
32 210
27 167
34 83
41 258
43 242
37 271

24 178
27 205
13 222
17 271
31 179
29 234
27 117
29 95
31 255
15 10
34 99
20 57
14 76
13 122
32 79
46 180
30 197
25 16
43 189
29 126
11 143
30 92
14 268
10 269
32 66

25 246
21 151
28 240
13 142
28 266
43 261
44 164
25 74
38 94
50 194
40 48
40 57
50 136
14 268
42 197
39 20
31 43
28 125
45 233
47 40
35 184
24 87
16 160
14 146
39 198
20 266

17 224
42 291
27 13
23 79
11 177
48 155
14 191
19 298
35 163
40 137
39 49
22 130
43 250
32 225
38 76
36 145
26 267
22 193

26 288
18 208
26 158
30 92
17 27
18 259
24 169
24 285
22 266
24 38
28 95
16 108
38 190
48 257
46 239
28 205
50 59
39 205
32 67
17 287
19 54
12 268
34 63
10 220
11 234
24 200
11 57

26 256
27 110
35 57
14 204
40 259
30 284
25 259
45 226
15 90
25 60
22 298
10 53
12 113
47 108
13 168
14 138
43 259
27 298
43 14
44 70
37 142
45 243
44 123
50 40
28 280
11 203
11 146

13 41
10 178
42 197
11 50
38 238
31 253
19 79
16 65
15 239
31 284
25 67
23 94
43 288
43 228

25 96
18 207
17 169
45 66
13 140
15 85
26 134
12 26
30 148
14 74
29 75
42 250
13 238
44 147
24 161
20 153
44 224
41 14
30 114
15 141
31 150
43 154
21 42
27 209
30 85
12 234

16 18
21 255
23 289
12 172
40 76
41 208
50 134
34 116
35 72
27 119
14 103
36 219
35 229
19 187
28 157
48 148
10 251

