88

15 163
45 122
40 268
35 184
45 113
10 220
25 167
47 164
46 166
46 270
13 267
47 298
36 61
34 157
26 125
45 282

30 93
36 233
16 279
46 211
38 272
24 69
17 91
43 200
36 270
30 242
38 32
27 225
45 24
31 297
39 222
17 197
14 140
23 109
47 300
34 42
39 102
48 211
31 95
38 61
43 261
49 260
29 149
33 266
28 276
37 260
24 209

29 92
14 168
14 34
38 96
25 22
27 97
14 278
29 96
21 23
36 132
28 74
36 74
21 202
24 189
48 239
22 257
22 293
30 16
44 34
47 98
26 59
10 51
14 10
14 217
46 87
17 227
22 210
38 195
29 236
32 21

21 286
11 33
13 277
11 249
41 141
23 56
14 15
42 58
25 98
31 41
22 104
22 149
23 267
49 289
39 216
22 53
35 20
25 64
36 252
24 191
34 243
50 278

25 206
30 140
41 213
27 115
45 202
39 208
42 126
43 193
11 96
20 241
49 169
12 112
28 20
34 164
29 42
17 256
23 195
18 282
20 117
48 156
45 96
45 55
13 134
17 222
43 232
11 165

18 279
40 215
15 291
32 274
44 274
26 129
38 231
38 34
33 67
31 284
50 278
11 291
21 39
25 48
20 130
20 49
49 173
27 111
42 215

20 127
26 70
27 287
41 31
23 134
28 141
10 288
15 263
13 183
26 255
34 124
50 231
10 220
13 45
36 130
22 251
50 134
44 39
16 215
16 115
10 171

21 267
25 41
20 69
29 68
20 240
42 191
39 205
37 213
11 212
22 120
35 298
30 141
33 75
25 233
43 255
30 212
18 75
23 29
19 12
12 173
39 73
49 217

27 281
39 21
31 179
43 17
15 39
43 115
40 131
11 274
26 81
46 277
44 53
18 175
49 219
49 210
45 234
50 257
23 129
26 71
41 182
12 188
26 102
31 229
23 193
23 88
12 116
48 72
39 276
32 120

23 91
43 188
18 12
31 167
27 77
45 258
44 255
41 241
26 129
27 280
16 72
49 130
43 248
35 218
37 110
22 289
35 233
19 204
14 118
40 269
10 290
39 147
47 52
23 229

29 57
13 153
21 285
50 198
35 235
20 31
30 35
39 246
44 43
46 242
35 280
27 232
12 257
25 253
28 147
46 184
29 102
43 257
18 171
42 274
31 292
23 234
21 120
44 163
21 278
23 29
28 52
11 253
13 59
35 56

30 189
45 74
29 222
42 276
30 181
50 241
45 156
41 298
12 30
46 285
46 211
10 141
34 212
25 150
40 96
49 132
39 231
12 17
14 125
13 180
31 296
15 65
31 148
12 35
41 254
18 216
36 17
13 255
35 186
41 118
22 278

12 205
27 109
49 214
14 288
21 180
30 224
35 75
18 63
18 154
41 222
19 237
34 154
28 49

27 120
46 184
18 263
33 147
10 258
42 274
15 147
35 287
44 188
49 18
28 14
48 81
47 17
31 52
25 92
14 134
39 35
27 140
10 227
20 293
48 62
47 282
10 217
25 227
34 219
26 274
48 50
22 252

11 248
16 293
49 75
12 103
13 268
11 290
10 46
43 72
36 239
44 218
27 159
35 149

12 20
24 239
21 21
30 158
30 274
10 182
35 53
34 251
50 198
25 208
37 73
50 23
44 282

18 76
13 288
24 52
38 124
16 256
13 59
35 64
29 57
39 76
40 31
50 272
21 165
39 217
18 170
25 226
21 46
18 184
19 26
38 270

30 141
45 114
28 288
32 54
29 88
41 73
24 246
12 77
15 145
40 218
21 100
35 85
32 29
49 44
39 284
36 65
38 294
19 272
25 272
12 214
28 163
34 154
17 197
12 222
19 46
35 99
48 33
37 219
19 158
26 228
20 204

29 161
30 236
38 63
48 89
46 259
14 90
17 234
44 22
43 83
14 221
34 125
50 46
50 59
41 59
49 206
50 136
49 290
20 86
31 211
24 155
40 74
41 19
46 23
10 259
28 145
22 75
18 82
13 167
50 131
39 232

20 14
50 194
32 30
13 211
20 228
33 86
23 206
41 101
32 176
29 207
28 165
42 107
48 11
30 208
14 25
38 180
12 122
14 66
35 156
35 128
32 205

18 98
34 126
11 70
17 68
35 231
32 99
46 71
41 260
25 257
31 103
18 208
35 282
11 201
16 46
22 216
15 243
37 129
11 31
24 269

29 247
19 27
16 54
22 114
16 27
34 198
31 33
38 265
49 177
43 155
10 233
23 222
40 242
11 281
29 179
48 118
35 75
35 153
36 20
18 54
24 127
13 10
39 89
26 238
45 134
20 68
42 260
25 276
15 29
44 111

19 107
23 248
22 258
39 208
17 193
25 60
42 22
42 229
16 219
10 237
43 289
11 161
16 33
30 124
11 227
42 66
17 202
48 254
24 144
44 228

22 59
18 89
46 300
12 251
50 50
24 97
14 259
41 211
20 224
13 83
24 184
29 205
33 101
43 241
24 210
40 95
27 150
10 103
34 235
48 238
41 139
46 68
18 244

15 17
19 37
22 159
38 220
50 287
20 99
31 68
44 30
34 243
31 274
40 125
34 98
43 66
49 191
25 252
12 127

25 104
29 213
24 280
21 249
42 66
39 167
23 78
36 144
49 110
22 216
18 67
14 79
22 71
19 258
19 53
44 50
12 168
25 106
33 88
13 110
33 217
31 18
50 286
35 67
46 223
37 126

28 171
23 206
16 278
16 295
37 221
27 43
32 186
11 232
20 200
13 95
25 69
25 210
43 169
35 293
23 258
11 276
29 44
35 63
21 285
16 202
35 192
38 258
44 88
28 205
30 214
22 98
20 264
30 271
34 284

18 241
18 90
13 124
28 215
25 88
29 78
29 72
15 134
22 124
23 70
45 70
22 210
42 297
28 53
38 194
28 64
41 125
22 273
25 216

30 180
43 85
42 241
43 236
48 295
24 243
50 257
11 116
41 178
23 188
11 23
25 80
13 274
26 220
45 294
15 107
47 202
43 10
37 53
50 45
18 95
10 226
32 92
15 58
43 116
19 80
47 154
28 244
17 299
22 172
44 227

14 189
19 274
19 160
39 73
15 169
30 298
48 64
27 17
43 93
46 117
38 282
43 155
37 290
34 166
25 214

23 58
46 296
31 264
36 188
21 283
24 164
47 64
11 274
39 231
41 271
46 295
34 193
48 300
36 149
24 154
33 243
36 161
31 187
13 189
32 65
36 140
24 254
20 274
20 277

23 206
33 172
23 213
49 151
16 220
12 102
46 275
35 59
27 144
43 283
38 287
35 91
21 247
12 38
44 188
23 23
15 179
41 102
16 56
18 80
34 129
23 127
47 36
32 212

19 78
31 92
15 165
45 107
32 179
33 47
14 52
44 114
46 15
44 18
32 215
44 271
25 246
44 257
23 127
22 31
28 36
48 96
10 155
50 271

14 245
31 166
33 212
15 29
18 69
31 238
28 123
43 143
43 249
22 61
41 205
25 138
22 148
17 284
13 42

15 99
39 23
33 172
45 184
30 107
35 50
44 141
34 137
30 130
20 293
42 143
41 17
37 36
32 135
20 53
19 52

25 267
11 113
45 130
50 200
45 136
17 273
39 133
39 278
35 12
29 190
21 294
26 300
37 111
19 292
36 183
49 232
42 260
40 265
44 167
26 276
33 179
50 240
24 221
35 174
42 60
18 190

23 209
29 218
38 106
39 61
33 102
25 186
26 251
41 203
42 149
13 129
16 189
50 115
47 226
16 30
46 231
38 264
13 292
13 30
42 170
15 65
37 20
18 221
33 246
40 17

30 266
32 268
39 65
48 159
30 91
14 97
16 293
36 180
45 282
28 127
18 19
38 18
11 24
45 177
24 209
44 77
46 63
37 160
46 285
48 111
12 92
42 80
11 258
21 66
10 255
16 16
24 143
15 275
21 219
37 158
49 267

13 97
44 113
12 129
12 258
50 100
15 18
13 104
22 279
25 170
50 274
33 131
41 138
40 38
14 277

21 298
16 231
35 173
28 29
29 113
21 75
29 170
43 177
29 296
28 211
42 47
44 198
15 14
16 62
26 63
27 241
17 214
20 30
16 71
46 126
23 281
38 233

22 33
13 190
44 54
35 86
11 26
11 226
13 169
32 203
19 266
26 188
47 283
42 64
44 228
12 84
31 266
17 165
44 251
46 224
22 125
47 270
20 278
50 167
27 12

13 231
44 297
22 56
34 202
24 111
13 70
39 226
46 260
50 43
15 236
22 81
32 155
17 115
38 136

27 125
32 115
15 191
40 155
22 59
18 262
19 251
29 114
14 285
33 256
26 278
22 67
43 196
36 21
28 200
30 173
43 30
12 125
17 186
35 277
36 177
34 202
17 286
50 63
16 179
21 26
48 56
29 130

13 64
30 62
23 208
30 190
22 230
20 114
18 232
34 184
40 285
19 187
13 30
49 265
33 38
20 240

11 139
49 242
35 223
16 56
33 126
22 57
29 41
50 132
28 80
35 135
50 25
28 105

13 279
13 276
43 138
11 25
25 216
10 216
23 259
20 82
38 222
47 78
47 110
30 98
27 293
33 266

12 255
17 160
21 55
49 272
23 202
10 241
35 36
16 230
43 27
25 78
37 37
49 202
38 195

30 185
40 24
17 30
50 40
45 200
18 188
20 181
33 29
30 276
10 287
35 81
14 234
32 188
28 110
41 12
43 169
50 273
44 21
37 57
47 104
16 131
17 186
15 113
39 177
41 147
44 245
22 44
41 75
23 234
50 192
27 145

26 127
37 277
34 230
34 193
13 219
26 122
29 89
21 186
17 90
49 96
35 258
42 283
15 170
22 31
12 280
36 123
29 111
37 200
16 33
50 98
28 50
47 133
41 120
28 262
38 194
44 208
36 101

15 120
26 187
45 276
43 197
12 82
25 158
31 41
18 67
27 225
41 252
37 252
50 253
46 164
33 238
39 33
42 145

17 121
28 186
18 80
34 10
28 208
22 226
47 80
19 96
47 101
19 154
37 76
18 34
26 232
17 111
21 254
46 260
42 216
40 269

22 184
50 160
43 171
24 71
12 184
34 276
35 222
18 182
30 229
16 209
27 272
13 165
45 80
27 298
29 222
49 22
42 16
17 185
16 154
17 298
21 142
32 131
48 220

15 148
29 50
31 201
31 130
45 114
48 208
33 22
46 140
25 66
22 171
47 194
35 114
26 286
29 247
25 277
13 25

22 47
24 183
32 266
37 185
30 128
41 105
28 174
48 257
27 54
15 280
49 159
11 235
21 36
11 42
23 284
25 217
31 154
17 237
28 220
35 214
45 191
18 170
18 294

11 146
34 211
42 19
31 207
29 150
12 16
14 257
34 168
10 204
30 154
13 166
17 102

11 110
41 109
36 32
46 196
11 255
49 202
38 84
25 49
37 130
29 293
38 161
18 90

23 67
12 108
23 232
38 297
36 221
12 104
27 127
42 292
33 53
43 193
30 199
20 246
23 181
26 130
25 271
38 25
41 108
17 190
14 133
40 255
18 255
30 297
27 132
37 229

24 31
21 144
17 17
14 11
11 100
32 67
32 68
40 169
32 213
12 274
33 209
47 73
19 205
44 136
33 61
35 168
16 21
22 17
35 266
48 283
23 291
11 166
40 160
20 58
50 232

14 244
46 203
39 213
48 261
15 127
14 172
15 134
15 157
44 186
13 45
18 36
17 199
28 159
43 293
14 228

30 27
31 167
45 264
45 89
14 156
31 12
31 145
20 151
21 250
35 294
23 137
19 32
17 42
25 33
48 258
32 163
25 43
23 139
44 240
19 224
42 61
10 53
39 129
16 18
22 108
22 283
17 237
12 182
40 79
20 277
30 199

19 240
35 225
10 137
10 164
17 128
49 215
50 15
16 145
15 270
18 249
46 39
39 72
22 165
23 84
14 240
39 82
33 207
39 240
49 204
48 250

22 35
10 179
10 189
24 246
29 24
14 13
19 46
18 173
49 49
33 62
12 275
30 140
46 22
36 42
46 193
41 127
17 22
20 277
33 228
25 291
43 70
28 84
43 198

22 82
36 289
41 122
41 166
43 118
33 148
41 179
39 73
44 47
38 93
40 143
32 151
41 280
22 215
22 46
41 46
43 93
45 238
49 13
39 286
15 249
13 276
26 101

17 284
17 270
31 216
23 173
43 220
32 107
21 231
26 202
38 136
32 62
16 244
20 100
11 122
42 291
28 166
22 145
22 34
23 246

24 278
19 166
38 111
50 181
45 203
45 10
23 11
23 143
15 287
11 213
44 36
17 125
21 181
12 102
20 79
27 146
26 157
34 273
44 299
45 88
22 179
46 220
41 239
37 205
37 293

15 92
40 210
48 206
39 144
26 127
10 243
18 63
20 67
50 245
45 233
18 235
48 52
12 285
30 131
13 76
38 292

11 170
12 27
41 17
11 63
22 199
36 51
37 287
47 286
31 20
48 199
47 213
23 53

25 202
29 146
16 177
22 177
14 152
31 149
37 163
32 237
34 21
42 251
19 239
32 268
12 170
10 279
21 244
40 193
22 206
21 13
21 37
49 145
34 126
25 143
13 62
33 98
23 29
50 118

30 28
11 81
36 108
18 236
22 128
47 158
10 216
22 269
37 56
27 248
41 13
28 33
24 103
40 249
43 109
23 36
28 286
22 206
28 193
28 54
34 199
47 44
25 19
33 92
42 255
11 159
19 128
20 38
19 102
37 138
44 22

14 34
20 247
43 200
43 16
25 247
35 246
24 149
18 292
50 139
11 256
24 46
20 113
29 28
30 125
49 101

22 68
38 139
40 171
37 112
50 145
23 19
28 181
43 213
24 48
10 97
31 251
48 96
28 202
50 187
16 68
38 18
32 98
15 139
17 95
49 61
23 120
30 119
15 206

21 269
37 190
45 232
26 41
11 124
43 170
34 99
41 11
18 94
45 210
10 35
14 68
17 283
15 248
47 243
27 181
13 276
27 26
36 196
45 168
38 192
26 294

24 253
42 82
34 203
48 271
43 299
23 235
33 106
23 182
12 233
13 90
27 97
49 103
39 102
20 70
34 88
15 138
19 209
32 159
14 55
41 91
47 43
40 248
30 97
24 291
39 106

10 83
33 27
15 273
20 284
37 279
43 69
12 163
16 240
30 32
49 228
49 254

24 53
13 90
22 219
37 189
37 35
44 277
19 80
19 113
43 253
45 167
21 100
17 29
41 199
14 14
37 45
19 251
41 277
49 127
32 118
10 139
30 83
11 54
28 118
39 90
35 61

14 31
10 149
23 53
39 244
16 44
41 32
38 222
41 61
13 237
24 251
11 37
24 108
37 227
25 220
11 148

26 67
14 190
35 51
14 239
46 130
32 26
11 121
42 189
48 151
11 199
23 32
39 60
50 178
17 75
26 266
46 284
19 187
44 268
46 11
11 82
23 214
36 73
18 201
49 10
20 207
44 116
15 45

30 111
49 91
41 122
15 54
25 240
49 254
46 31
50 100
35 28
15 29
39 78
32 126
45 242
15 200
43 151
42 60
40 268
45 244
13 156
47 56
20 143
27 188
20 90
22 289
45 255
49 73
21 108
26 149
19 276
34 182
27 76

26 44
22 21
27 136
34 186
43 222
36 119
17 251
21 80
11 224
39 204
13 210
27 263
36 212
46 203
18 76
38 291
44 31
30 118
43 204
34 258
18 18
15 232
17 274
47 78
20 33
30 72
45 54

25 65
36 82
37 92
17 108
36 64
45 31
41 135
26 148
15 250
36 61
36 208
23 162
39 258
36 225
23 84
39 89
38 184
36 239
14 260
27 92
31 111
40 205
37 196
14 157
38 82
12 86

10 207
47 155
22 74
45 181
15 298
50 24
47 53
49 115
35 260
13 147
40 176

12 201
36 298
29 47
30 168
20 46
21 194
42 71
49 220
18 128
12 256
42 33
30 39
30 190

20 62
10 281
31 175
33 42
49 77
50 103
49 253
39 180
29 152
21 118
19 51
33 261
32 229
44 86
36 146
10 115
22 44
25 136
24 85
24 208
37 118

15 132
27 139
28 268
37 203
37 164
39 243
41 286
32 274
31 257
32 172
38 284
38 282
17 279
35 101
20 45
29 282

25 246
26 247
35 70
35 179
50 75
15 112
27 88
39 208
32 274
42 286
36 143
45 154
12 24
15 58
43 77
35 295
28 20
43 110
24 188
39 143
19 88
46 80
40 66
48 101
36 87
38 262

21 260
21 47
26 55
28 70
17 219
13 234
15 268
48 192
20 126
26 173
16 20
12 227
34 132
28 71
13 149
15 49
34 50
31 272
47 32
39 228
35 204
24 122

27 78
32 35
27 279
21 229
49 217
36 127
31 145
11 298
30 198
25 106
27 32
14 252
45 257
14 77
38 60
31 204
43 112
12 108
44 143
29 140
31 141
19 111
42 224
15 270
33 156
21 11
22 203
27 131

19 74
27 239
43 151
10 253
19 24
19 27
47 131
34 164
37 209
15 142
21 142
15 249
27 66
25 128
25 53
44 41
45 263
25 49
14 163
15 192

