79

12 72
47 201
46 195
23 153
13 227
15 37
31 18
27 126
20 202
24 216
40 130
41 50
44 171

19 89
19 257
32 34
49 11
33 199
29 180
47 105
50 247
21 96
15 100
42 93
40 158
11 40
37 266
13 106
42 31
23 121
30 26
15 229
34 202

26 271
12 299
23 226
36 64
19 150
29 200
13 275
42 279
32 41
14 190
19 83
46 119
48 213
16 192
24 82
38 185
28 244
33 19
45 263
33 204
12 39
44 32
38 153
41 63
18 265
17 41
31 121

28 128
42 282
12 21
43 51
29 103
12 127
33 204
46 210
20 131
43 198
29 246
15 65
23 106
23 66
42 205
39 210
13 188
12 161
26 23
14 284
48 158
44 62
41 224
23 59
40 11
18 268
41 256
14 167
33 297

23 112
48 122
31 18
33 245
47 120
48 243
42 261
31 229
40 53
36 47
40 73
39 213
40 263
39 83
39 297
37 178
23 122
46 187
33 116
18 186
23 218
15 100
11 33
17 141

27 202
22 114
39 97
41 16
48 295
12 69
24 87
29 76
18 220
28 199
16 63
18 53
37 132
48 44
13 166
38 207
38 177
47 225
15 175
48 263
36 49
10 124
27 92
23 178
11 243
47 187
44 249
19 73

13 282
22 111
35 218
13 155
43 99
16 248
46 221
37 11
44 112
30 200
28 10
22 252
40 66
41 228

25 224
47 154
10 192
20 209
15 53
49 22
10 122
10 103
22 147
50 123
19 25
48 57
18 120
39 289
18 57
12 147
44 86
21 47
49 280
48 67
26 177
49 181
16 147
15 118
11 300
35 140

23 14
31 275
13 227
45 259
40 281
50 79
43 140
26 249
32 246
19 180
27 110
38 274
48 156
25 211
29 107
28 114
28 245
33 81
17 279
16 172
23 120
20 98
29 73
10 51

16 76
28 151
31 277
45 111
29 214
11 206
32 86
44 278
42 200
48 76
24 104
33 300
40 78
25 274
42 26
31 265
47 229

10 199
13 100
12 63
45 122
13 77
19 79
38 70
29 80
46 299
46 179
45 68

11 96
30 184
12 22
12 166
26 73
21 191
25 269
34 162
50 134
23 287
28 150
23 109

21 155
47 163
39 289
18 192
45 72
49 167
40 51
35 253
49 210
10 180
12 300
17 107
42 171
23 237
16 24
20 252
38 180
31 55
11 168
24 181
28 239
20 198

24 129
29 212
16 260
45 154
35 31
11 165
10 128
12 261
43 32
49 105
30 59
24 42
44 89
21 123
38 251
18 151
24 290
49 156
43 209
19 63
47 174
30 227
34 51
32 278
46 164

16 172
38 41
45 229
32 181
21 57
16 86
25 179
44 225
30 188
43 130
17 262
42 214
49 272
30 141
40 172
21 106
34 175

16 181
36 153
16 68
13 164
13 202
26 64
15 274
34 155
48 189
29 95
45 270
24 104
10 182
32 188
15 91
39 251
43 52

30 107
43 222
26 99
21 53
17 198
13 284
13 117
23 112
36 196
39 35
12 139
44 74
44 36
50 182
37 145
11 77
32 19
39 78
42 267
17 133
26 226
33 265
44 10
20 204
14 229
34 220
45 88
17 134
20 190
23 191
28 235

23 179
47 265
32 168
46 13
35 152
29 60
43 91
23 186
25 238
15 153
35 183
23 130
48 74
17 199
40 88
48 162
40 181
35 264
44 186
45 140
48 54
30 285
11 257
28 204

13 127
37 178
16 16
29 205
35 250
44 16
26 73
50 228
15 295
15 237
18 226
12 78
31 282
28 278

18 128
27 257
26 222
11 149
14 145
41 213
50 120
27 189
20 295
39 166
30 69
22 55
11 229
47 134
45 263
23 53
13 60
21 111
39 135

10 191
27 52
33 169
43 59
50 211
45 208
23 78
11 153
48 277
39 198
20 293

15 59
45 119
16 63
23 83
13 201
28 219
22 36
12 47
49 48
22 260
50 285
41 63
31 274
45 258
23 84
36 227

23 29
36 159
34 33
11 255
45 225
14 250
25 104
43 275
35 70
29 51
17 207
10 245
40 28
47 224
36 296
31 133
35 268
28 157
13 177
12 105
11 53
44 206
45 156
13 282

21 70
37 156
16 284
43 245
25 105
18 161
29 38
41 212
15 159
26 91
10 268
48 80
15 288
18 140
31 16
31 255
50 73
14 29
29 173
49 201
44 271
23 281

30 182
46 196
44 238
15 149
25 70
16 129
41 96
47 180
29 114
15 131
13 255
43 230
34 153
33 77
18 270
16 237
42 42
33 239
44 20
39 247
36 104
17 156
35 159
10 44
35 75
43 32
12 234
29 189
22 142
11 47
19 111

20 178
25 118
32 150
48 43
42 266
42 46
32 30
46 225
43 286
14 203
32 24
46 111
29 40
28 31
23 114
20 278
17 28
32 38
43 179
28 221
46 163

28 177
17 127
10 259
32 23
19 111
16 288
39 112
10 106
19 112
31 243
11 248
30 258
46 120
38 147
49 117
14 24
13 80
21 142
18 34
47 121
26 134
20 13
17 78
34 247
17 279
46 115
46 147
42 240
41 299

18 37
48 252
35 183
29 27
48 226
27 281
49 38
13 70
45 130
15 77
29 253
47 63
44 261
21 52
32 165
41 129
13 149
20 99
24 167

22 228
23 162
11 243
44 193
34 106
46 12
16 36
50 199
39 34
43 172
45 197
15 220
21 158
46 288
43 166
32 210
44 81
30 145
11 89
47 255
37 219
11 281
10 26

22 176
46 169
27 43
20 36
48 208
20 44
10 190
21 300
39 292
21 212
39 189
19 264
25 293
46 93
29 260
33 298
33 106
32 178
27 36
28 124
43 119
29 120
34 197

15 265
21 54
10 297
44 107
46 95
33 219
37 180
41 120
22 193
43 264
31 241
49 259
23 102
11 77
13 255
16 91

22 187
39 226
43 41
50 274
47 21
25 258
43 97
38 192
17 176
29 68
35 67
14 299
16 69
20 277
20 41
23 128
25 44
37 263
13 36
12 27
22 65
10 176
50 285

23 181
39 39
25 177
30 158
32 65
47 93
11 70
14 260
12 289
50 259
16 94
49 230
30 59
40 18
21 245
39 76
33 292
16 19
32 129
29 10
25 291
23 69
15 299
17 65

26 78
41 118
36 248
10 26
49 10
40 72
11 129
25 136
14 238
13 243
14 242
43 255
17 142
32 117
47 262
26 291
11 160
36 230
26 221
27 21
35 299
37 66
47 124
37 184
42 47
38 242
19 137

23 98
19 162
16 222
12 158
25 251
38 63
18 133
27 80
35 154
39 18
25 21
34 48
39 178
44 223
26 90
43 58
32 159
33 289
45 153
13 240
47 17
22 295
14 148
19 173

28 185
15 132
13 197
45 21
43 210
49 150
39 273
37 253
20 32
46 215
39 39
40 275
48 228
23 48
49 191
48 118
14 192
38 288
24 111
19 52
10 37
26 88
24 116
14 147
45 72
13 203
27 285
26 110
44 209

12 48
29 256
22 275
20 269
40 279
40 248
39 298
17 212
28 66
40 246
12 248
20 247
43 160

14 40
13 76
50 168
42 136
46 32
38 42
18 151
26 207
49 226
26 145
27 217
41 231
28 54
32 53
24 88

27 284
26 48
29 236
36 126
38 127
47 191
40 46
44 97
30 185
26 24
50 207
17 186
20 136
27 287
24 73
15 271
19 295
30 295
21 138
38 93
27 46
48 143
27 292
47 247
10 150
35 289
29 25
34 70

19 93
16 166
30 126
16 218
26 157
43 164
16 228
28 293
32 220
22 293
15 73
47 156
30 242
28 224
38 103
16 38
12 296
38 100
39 167
10 69

11 129
20 90
44 170
46 58
44 69
41 117
22 224
33 232
34 242
47 161
47 83
41 155

30 197
15 209
49 36
19 17
20 170
23 69
41 106
44 233
36 120
32 125
49 31
36 50
39 159
43 49
43 97
12 70
23 206
30 81
49 219
41 300
36 290
25 91
27 59
44 164
25 143
35 98
37 270
38 139
13 214
18 44
19 237

15 104
23 165
46 162
47 246
11 245
44 26
22 108
10 177
32 138
18 101
42 23
15 116
36 197
11 230
13 290
22 209

21 266
35 73
40 65
40 23
20 182
14 295
13 203
26 162
30 208
20 293
30 125
22 11
49 235
12 259
45 204
40 239
50 247
26 171
19 299
27 104
24 171
29 195

12 77
43 139
11 95
33 63
28 194
40 109
46 20
29 245
48 275
10 60
19 107
39 242
46 45

17 34
33 264
18 105
13 43
47 43
15 29
48 248
31 52
48 62
30 108
48 178
12 104
35 194
20 22
23 90
38 278
28 92
22 231

11 144
29 46
19 121
45 162
17 218
50 137
25 163
10 13
42 29
45 17
47 263
22 30

10 292
17 162
34 127
13 189
19 199
32 102
10 242
11 248
14 128
36 233
36 206

24 59
46 286
35 294
50 109
43 243
35 152
45 244
28 169
10 135
48 45
11 29
34 290
50 203
14 129
23 148
30 98
28 24
25 276
46 242
11 116
20 113
49 123
26 189
31 20
33 13

25 172
38 114
11 10
48 251
45 64
24 178
24 40
13 121
49 277
33 238
12 136
16 261
49 35
26 134
25 211
34 203
47 214
39 299
29 55
28 205
22 179
20 183
44 29
22 226
27 291
16 230

17 128
18 51
40 208
22 32
44 156
26 292
41 83
14 115
32 243
46 217
39 255
21 12
24 13
25 257
15 176
18 54
49 94
26 251

13 236
33 154
15 190
17 54
27 245
50 246
49 291
24 166
30 61
35 217
31 97
26 230
11 261
32 282

16 154
47 252
13 281
29 185
25 236
16 37
48 291
22 75
46 65
17 119
15 277
30 283
10 34
50 121
32 215
30 152
41 263

12 193
37 43
41 169
38 111
11 238
36 290
26 257
34 294
13 151
29 260
12 40
13 213
47 175

11 214
12 200
10 102
40 158
30 33
17 32
12 18
10 209
16 270
13 181
32 58
21 68

28 227
17 168
30 138
42 135
12 13
37 186
28 65
38 24
10 202
27 29
29 147
18 181
44 283
38 205
26 45
19 64
28 98
33 37
12 269
10 240
21 248
41 99
10 157
22 290
30 17
42 39
39 248
49 217
23 135

25 240
20 182
25 97
14 243
33 243
43 208
14 64
48 199
32 293
33 73
11 238
36 177
31 214
13 294
22 40
46 133
45 196
47 169
43 269
30 77
10 51
13 264
21 85
20 91
38 81
27 65

24 203
10 172
42 113
29 173
44 38
42 108
49 214
30 115
38 17
29 226
27 66
45 278
37 231
37 53
44 37
21 94
10 254
30 226
42 287
32 286
37 236
21 134
20 157
40 97
25 244

13 154
46 152
17 103
48 124
17 283
40 245
34 33
17 117
46 71
16 154
20 129
30 254
48 42
18 101

16 80
16 91
32 247
15 265
24 149
15 172
42 53
39 213
35 171
46 119
34 199
39 65
47 254
45 34
45 113
25 61
21 35

11 297
20 78
40 139
17 145
28 67
34 57
27 43
35 22
20 10
45 165
14 236
39 31

22 88
28 78
37 74
17 14
40 93
47 131
50 45
39 130
15 211
20 54
17 41
36 276
37 189
42 171
12 191
30 38
38 206
24 255
20 72
12 57
50 24
18 57
12 287

17 47
46 42
21 246
31 134
19 119
40 133
29 129
19 215
10 104
17 28
25 143
10 245
38 187
37 126
25 195
42 99
13 238
27 84

15 246
30 18
22 279
47 191
25 96
49 267
26 65
31 150
10 56
10 45
12 75
46 223
39 172
37 28
12 286
26 238

17 217
34 48
20 137
48 109
45 125
41 115
33 251
28 49
27 197
22 123
10 34
18 198
21 94
23 100
46 94
47 95
45 87
48 171

26 235
24 271
36 88
20 136
39 61
43 235
15 120
43 128
40 242
28 168
42 242
31 120
24 51
50 111
46 190
25 244
18 203
48 56
49 173
33 245
13 80
24 45
49 230
42 296
36 136
14 235
13 258

21 232
47 202
32 188
23 251
46 59
21 109
18 149
43 138
31 226
44 208
36 17
42 66
33 257
24 83
17 56
30 103
19 205
31 123
14 86
17 92
45 262
41 129

11 153
29 109
34 259
30 203
28 109
21 274
43 278
43 289
14 113
27 37
20 260
43 234

22 240
10 150
39 200
20 131
29 146
23 278
21 60
43 140
10 297
13 104
38 69
47 231
17 13
23 261
10 186
25 45
32 180
27 256
24 146
46 269
28 186
35 186
43 35

13 269
23 32
37 99
43 149
39 163
26 10
35 187
26 41
33 95
10 163
11 296
36 125
23 134
21 38

24 138
41 94
41 42
17 134
12 66
40 171
49 191
23 276
23 149
12 194
10 124
36 100
41 97
21 199
36 66
18 24
26 120
27 244
38 39
13 118
45 66
13 99
38 226
47 265
27 117

10 175
29 29
23 231
50 30
28 145
47 193
34 216
23 286
39 10
32 263
20 101

29 191
45 115
28 290
25 53
37 43
13 283
46 152
20 13
31 68
22 22
16 177
25 205
23 131
37 130
35 64
35 223
46 200
18 153
13 60
13 236
38 97
24 70
20 244
37 90
15 202
14 239
26 60
12 85
28 180
40 61

26 252
19 37
10 99
38 64
30 252
10 242
32 71
18 65
19 34
26 26
13 20
50 166
41 36
19 221
42 59
44 80
19 47
35 28
40 253
42 106
10 98
22 262
36 137
17 211
34 99
14 209
12 221

19 297
26 78
19 225
28 169
15 255
28 289
17 152
41 18
50 148
11 13
22 39
44 281
15 125
39 143
18 202
29 85
49 297
37 208
12 33
35 62

18 21
46 58
48 283
37 271
48 54
46 78
31 187
15 273
47 98
11 156
43 193
21 232
14 130
20 139
35 181
20 79
19 152
50 60
12 186

24 239
47 230
23 249
37 166
19 275
18 61
48 48
14 152
16 74
12 242
39 202
44 29
10 62
27 241
23 159
16 101
48 258
35 130
31 294
49 248
28 52
14 152
31 296
26 292
18 30

14 151
16 15
35 290
13 186
17 187
26 247
14 237
34 130
42 57
47 203
25 112
24 299
32 100
10 102
44 227

17 236
42 167
40 199
21 84
42 254
40 58
43 236
40 45
47 112
13 150
42 117
17 133
16 75
47 155
11 218
48 203
16 82
47 277

