94

30 106
13 224
28 296
47 100
13 59
33 217
40 189
13 143
46 97
10 206
14 200
27 221
47 38
25 216
21 13
20 294
12 130
27 150
39 286
44 90
16 78
13 151
25 251
38 238
31 63
17 143
35 249
39 103
34 207
11 127
37 70

20 103
35 33
11 107
14 292
14 38
13 160
15 32
44 156
43 133
29 215
13 251
50 189
26 52
20 177
24 98
40 188
48 130
13 99
11 227
13 65
10 188

15 162
50 141
30 24
23 167
16 271
31 77
32 284
45 89
15 70
26 219
31 37
38 168
11 196
11 298
33 271
21 139

29 115
28 275
16 284
37 216
24 283
40 173
33 42
33 151
26 249
17 44
33 143
44 212
42 58
42 258
37 47
33 198
37 58
46 80
50 104
48 189
32 24
37 273
10 233
32 293
18 108
42 253
39 83
49 194
31 32
32 51

19 11
45 48
21 46
32 170
31 265
44 92
34 115
22 214
48 103
43 15
26 66
22 280
16 107
40 269
12 241
31 199
16 250
27 253
20 298
34 134

24 162
15 195
34 82
10 167
19 184
46 270
39 77
39 113
38 180
34 199
43 31
18 107
23 102
32 196
39 187
17 33
17 152
13 233
16 109
38 26
30 250
31 150
33 203
30 165
49 116

15 49
36 198
43 194
35 198
36 264
35 40
32 77
19 122
26 13
37 251
24 56
26 126
42 179
12 254
17 44
39 253

22 234
23 292
37 296
21 183
19 131
19 20
35 140
35 261
21 139
10 76
50 218
41 270
24 209
13 79
37 60
36 193
35 39
45 299
41 252
33 291
33 28
46 274
19 92

10 104
25 152
43 237
26 129
40 261
29 202
20 162
19 57
14 127
39 41
40 187

16 294
47 240
27 250
49 295
24 229
18 60
50 278
22 159
35 57
40 55
30 49
37 261
35 247
16 254
10 293
29 79
40 214

28 70
40 283
39 46
48 287
22 253
31 38
11 267
19 261
34 228
41 35
32 21
27 281
14 100
10 267
43 260
13 54
31 163
29 76
42 206
12 243
42 103
42 224
37 292
39 31
27 47
33 262
41 253
20 116
49 11

19 91
39 214
17 138
30 267
40 274
47 64
27 284
11 265
10 103
28 269
15 108
36 125
13 71
34 131
15 297
27 15
22 50
16 277
21 105
18 74

27 22
46 92
11 57
35 207
39 293
37 207
31 259
36 52
16 251
40 118
34 277
25 298
31 246
19 106
50 161
31 245
21 32
21 33
10 298
41 166
27 65
37 199
43 175
35 29
14 17
17 89
14 36
50 119

18 207
48 113
44 37
44 219
43 101
11 189
46 163
17 92
28 112
11 96
41 238
29 299
47 264
26 124
34 211
19 80
28 21
18 111
10 130

13 50
21 280
15 25
12 280
31 32
35 70
26 275
45 234
15 152
33 247
14 183
48 26
27 238
14 30

23 70
28 92
13 181
10 136
10 92
44 62
26 239
10 239
19 50
23 126
30 91
35 292
32 40
12 149
14 235
24 227
46 50
24 249
11 162
17 101
42 46
16 233
22 237
17 241

18 250
40 15
25 85
32 224
16 54
20 92
50 152
34 262
15 30
18 227
17 42
45 43
32 285
30 139
27 146
10 104
41 241
45 108
26 288

18 272
44 228
46 205
43 241
15 219
17 213
23 229
25 297
16 242
29 217
24 95
29 256
43 91
46 290
43 252
31 245
31 245
28 17
24 226

29 295
23 24
34 180
33 149
47 79
49 229
17 108
34 171
31 67
20 147
47 54
38 103
22 230
45 84
43 224
35 115
28 299
18 142
21 116
40 59
14 131
16 149
36 75
39 272
23 149
46 300
14 86
22 218
43 172
37 279

15 190
23 115
45 84
16 189
49 63
28 272
26 267
20 54
50 54
44 47
32 285
23 166
24 132
50 279
33 287
29 192

11 246
21 78
34 65
35 249
35 23
45 68
15 64
27 280
36 126
36 77
16 219
21 97

20 170
31 95
27 12
28 230
11 246
13 256
20 45
25 32
10 153
46 26
26 188
29 261
24 196
14 161
38 117
26 124
26 81
10 51
37 81
42 146
36 271

30 145
42 46
21 217
16 48
21 132
16 258
28 241
23 207
20 107
23 75
49 204
50 134
50 26
13 154
17 170
39 232
32 143
32 274
14 297
13 107
37 65
45 148
43 56
46 41
12 37
40 204
49 74
23 231
36 52
18 146
18 206

16 235
13 93
40 97
46 155
14 167
24 154
35 31
49 65
50 50
43 181
12 268
37 64
27 52
26 43
31 214
35 70
31 155

23 162
37 286
46 102
32 31
34 20
26 214
34 286
29 285
30 296
10 132
36 131
25 162
49 25
11 266
21 111
34 34
19 229
45 197
16 276
43 251
50 209
17 120
10 287
32 20

10 29
39 113
30 108
23 63
16 213
44 182
19 123
48 229
33 300
10 165
10 54

17 164
18 104
26 179
41 212
20 104
48 190
31 156
37 179
13 168
23 198
20 257
19 171
23 196
32 242
30 101
33 74
45 145
46 101

21 159
36 140
26 296
30 17
47 283
50 230
39 205
47 48
27 59
41 288
35 242
26 91
30 177
44 140
31 123
24 221
40 31
26 164
30 31
43 262
44 33
43 175

19 49
23 295
49 23
43 187
49 122
15 150
27 82
26 117
26 126
30 202
32 127
35 224
44 57
27 268
23 208
13 11
28 92
45 241
33 55
47 69

21 76
13 213
33 237
20 89
26 130
50 248
46 291
20 93
14 278
23 49
45 297
43 116
47 170
34 249
15 166
10 198
44 228
45 287
47 225
46 13
29 283
39 281

13 94
35 265
44 210
23 263
45 20
13 21
49 188
28 145
33 62
30 229
22 239
22 274
15 137
15 229

29 290
18 72
11 228
48 95
33 10
22 229
40 46
19 19
16 281
10 299
10 76
23 273
27 67
18 68
49 127
27 186
32 289
50 291
10 63
34 269
22 151
34 145
44 287
37 85
28 251
26 288
32 74
44 192
45 25
32 200

23 28
11 120
38 235
49 161
27 132
21 25
18 54
46 82
12 45
40 228
21 59
37 239
22 183
34 13
35 193
14 183
34 84
17 190
22 245
18 103
35 182
12 134
42 196
26 237

24 157
19 40
36 161
48 179
23 262
13 193
27 206
32 172
26 123
39 195
17 199
46 192
10 130
32 288
30 291
21 294
11 196
34 76
16 123
19 147
13 110
33 275
22 271
33 280
20 267

14 296
43 194
29 183
35 28
19 248
24 158
26 84
50 176
40 250
27 139
32 271
47 284
13 279
16 249
41 217

13 284
17 16
40 43
28 206
27 298
26 236
32 226
14 252
15 62
19 196
18 170
27 62
26 286
50 146

21 264
19 47
45 194
22 295
31 171
24 48
28 71
20 186
18 187
14 11
37 196
39 191
14 145
18 288
11 192
43 245
50 104
35 35
21 172
12 194
22 271
47 208

19 49
43 270
28 233
25 54
10 262
27 137
30 230
33 220
33 280
50 238
10 115
44 92
47 46
12 102
21 238
38 245
35 254
47 72
50 42
39 193

14 216
37 173
37 28
32 154
22 86
13 144
49 273
26 184
49 93
50 122
12 273
45 58
40 150
42 101
38 89

30 263
44 170
27 223
23 102
15 35
40 171
30 31
19 224
21 221
48 76
36 234
25 174
50 31
38 26
35 135
49 257
13 207
19 288
24 115
24 296
30 161
36 163
40 216
40 256
39 259
33 29
35 114
42 147
47 141
48 119
39 164

27 275
20 251
20 237
30 215
44 215
32 116
18 64
14 112
47 135
35 68
29 211
38 160
22 37
12 284
40 45
10 242
47 97
15 170
43 229
33 270
24 151
14 281
30 80
38 139
13 207
25 56
46 188
23 132

29 252
14 178
20 78
27 71
13 137
41 131
42 112
44 98
16 259
45 169
21 10
21 201
38 17
34 204
47 272
37 293
17 122
38 200
50 230
14 190
21 184
16 196
11 144
10 168
22 111
31 44
37 64
44 163
48 13
47 99

10 118
29 297
16 215
45 22
24 258
37 276
38 234
15 117
42 51
42 275
48 296

16 167
14 153
31 156
47 140
23 139
33 207
27 193
31 99
19 224
32 275
43 251
22 107
29 115
26 211
36 155
17 210
40 218

18 61
36 111
33 22
12 181
22 78
28 40
37 146
46 64
49 83
27 132
11 23
29 247
11 84
50 233
33 184
16 245
11 227
38 198
27 101

19 71
12 236
14 67
26 165
36 12
13 236
34 164
43 62
15 192
39 151
39 123
40 74
16 288
31 11
14 244
26 237
38 226
27 171
43 216
23 236

16 45
28 166
30 57
22 86
38 280
27 70
15 84
21 93
48 41
32 234
28 25
25 33
40 253
49 212
45 26
17 132
13 133

12 31
17 300
21 252
15 76
44 225
10 67
43 218
35 53
42 174
24 100
35 40
44 300
45 153

14 20
41 210
15 26
20 37
39 67
47 270
21 288
23 168
23 158
14 101
29 203
34 43
48 212
50 199
16 197

22 293
17 166
41 108
24 137
45 223
15 27
43 146
34 149
19 127
10 12
42 81
39 24
37 18
35 31
42 64
31 201
24 184
12 184
31 39
49 97
19 268
45 297
50 35

20 135
49 111
42 186
10 100
18 173
25 29
35 273
12 45
17 261
28 287
34 190
41 14
19 227
11 219
34 103
33 232
19 249
30 58
50 12
41 300
16 221

20 109
36 25
44 293
43 159
43 111
22 29
34 152
17 19
15 208
30 169
44 278
24 96
41 258
28 187
37 266
26 164
28 119
11 65
34 251
34 194
44 25

30 140
41 30
19 131
18 276
44 59
45 20
38 74
48 33
49 42
16 28
15 54
20 107
44 50
30 229
39 218
23 78
14 232
44 20
43 174
21 173
39 268
42 251
25 194
41 54
50 130
21 53
19 31
35 229
26 204
25 142
15 122

11 47
24 40
45 222
12 73
25 169
32 63
49 191
37 52
30 123
29 227
18 198
22 79

11 183
28 244
43 193
38 214
39 91
47 37
47 204
49 155
41 35
32 221
14 281
23 43

18 47
42 86
50 43
29 231
23 46
23 162
13 205
40 104
43 282
20 236
48 198
12 235
28 222
25 243
30 195
24 108
29 196
38 80
41 171

20 14
16 261
23 138
10 238
33 199
10 256
47 66
44 33
44 224
21 274
32 276
36 299
50 94
33 296
25 84
46 273
46 141
44 26
45 182
28 153
21 69

25 52
21 289
17 102
28 226
32 286
17 119
34 148
42 102
19 256
40 161
28 145
40 263
36 126
18 232
45 37
31 196
31 129
36 184
48 39
10 297
30 142
14 212
35 127
15 239
37 225
23 28

15 24
18 15
21 268
35 265
22 127
17 20
14 181
26 296
32 231
17 235
40 38
49 92
13 256
26 207
49 138
25 31

11 143
30 275
23 119
10 204
19 265
22 107
16 97
21 105
42 95
41 248
19 22
41 253

18 155
43 96
37 176
37 221
12 34
38 231
47 52
47 121
14 133
22 46
37 104
20 66
25 261
11 163
26 10
48 241
34 100
25 184
42 87

27 70
27 94
45 148
39 127
40 158
44 176
15 62
29 266
21 205
37 266
18 120
17 20
23 185
40 292
50 143
11 281
25 46
23 102
36 138
36 109
42 68
15 159
49 177
49 116
31 72
28 22
34 43
28 263

18 203
35 160
34 257
21 124
49 151
27 179
12 263
25 86
16 171
44 245
36 293
14 281
19 101
16 71
19 156
11 68
18 31
27 102
30 63

16 198
26 58
23 155
45 268
44 88
50 100
14 50
15 102
11 64
10 264
29 134
13 67
37 49
40 221
25 28
29 127
18 207

13 89
16 194
35 53
28 170
34 118
48 18
41 211
30 29
49 202
17 182
37 152
31 252
19 126
39 227

27 88
23 76
50 121
34 74
26 101
27 251
40 282
48 167
34 193
39 50
48 300
37 60
10 96
19 115
48 114
20 201
41 285
30 119
50 91
50 142
47 145
49 31
37 299
39 102
19 19
48 113
46 267
42 83

16 171
23 176
26 115
16 86
27 275
22 66
12 294
43 167
40 300
19 35
12 54
33 185
11 196
26 45
33 232
22 21
37 291

24 237
28 200
40 208
33 39
28 165
49 179
32 278
47 96
23 195
39 106
11 220
29 146
32 170
26 233
44 55
44 239
38 76
27 62
18 246
21 235
49 297
21 197
35 21
36 279
29 181

16 39
17 213
40 203
13 251
37 31
50 276
13 92
24 137
24 165
48 124
17 294
23 128
38 76
10 142
26 33
22 88
30 211

16 85
10 252
11 261
13 239
34 161
33 249
32 234
32 155
35 194
41 140
31 35
31 233
23 112
41 201
36 273
27 299
33 292

11 120
36 134
40 251
35 10
11 275
44 277
40 254
20 174
47 249
27 266
37 257
39 185

24 59
40 53
31 74
12 14
33 35
38 124
38 114
21 247
15 51
48 174
21 124
45 62
46 216
39 156
38 275
45 51
41 32
12 144
35 13
15 120
35 55
42 66
26 254
49 41
11 277

15 281
15 283
13 147
41 221
17 270
22 238
47 40
43 143
48 196
41 86
32 35
33 86
21 88
23 16
18 102
19 173

22 162
38 32
30 158
48 153
14 69
14 35
26 92
36 276
23 239
31 17
19 128
31 171
27 11
23 224
31 278
23 188
28 110
25 127
32 231
16 101
47 241
28 168
43 83

17 200
38 242
26 213
15 40
25 62
21 210
38 219
27 142
47 134
44 56
33 257
26 287
10 90
30 272
30 296
43 118
32 227
11 111

14 110
41 171
38 186
48 69
25 97
15 33
29 297
33 108
11 199
47 43
45 51
10 166
27 15
35 240
32 75

29 119
15 147
35 187
21 79
48 25
23 180
29 177
16 137
19 163
10 16
13 219
46 251
44 186
32 139
16 276
27 33
17 287
17 285
12 27
25 248
34 71
17 66
14 206
28 297
10 240
29 206
19 18
27 275
28 181
38 91

10 213
38 100
37 145
38 103
22 291
28 232
34 278
22 222
40 257
30 35
39 26

26 112
50 17
13 154
28 68
30 212
16 48
32 44
29 200
48 235
47 128
38 258
27 283
42 76
23 120
39 231
35 57
50 133
28 209
44 12
31 230
19 105
23 127
33 146
48 95
38 269
42 258
36 118

22 244
15 230
41 163
11 210
48 284
24 264
24 184
35 203
39 280
28 246
46 62
28 91
37 200
22 91
32 223
49 168
40 83
40 252
49 239
29 161
30 264
33 277
23 82

24 194
45 56
35 36
35 26
32 290
44 60
44 269
23 64
25 82
47 27
21 253
40 69
18 17
47 27
21 26
19 22
21 81
39 153
49 215
20 260
21 244
10 236
50 49
48 74
23 182

12 80
33 88
12 24
29 197
43 133
38 280
47 131
22 147
34 112
10 165
33 128
13 155
15 151

16 10
26 70
50 111
12 73
48 263
24 226
32 250
12 231
49 289
12 115
30 207
12 275
22 11
32 99
10 103
24 100
44 207

13 293
50 130
35 295
28 80
24 20
20 94
17 91
40 262
11 126
30 150
12 267
25 205
34 166
27 177

11 254
44 225
45 27
41 62
32 241
49 277
46 155
24 103
18 31
42 112
26 133
15 195

18 220
25 96
32 82
35 140
19 128
23 134
30 14
47 287
18 272
32 56
42 65
31 77
37 268
39 105
14 20
32 165
30 60
34 294
26 290

26 58
45 202
46 273
31 242
11 53
27 24
48 138
22 35
14 270
21 244
50 134
33 262
19 230
25 101
41 297
28 225
49 78
12 44
16 192
26 62
32 249
49 275
24 112
49 142
27 220
38 148
44 133

11 242
25 105
20 262
16 213
25 36
11 218
26 203
23 270
34 42
19 91
11 222
20 248

16 176
26 141
21 283
18 222
33 89
14 207
35 237
43 132
13 39
43 33
32 92
45 98
40 216
21 33
23 260
50 123
45 169

12 165
15 214
38 257
39 103
14 145
31 189
41 186
39 292
47 163
32 249
48 22
12 295
45 149

12 242
31 290
15 268
21 149
13 236
49 16
33 261
23 280
47 144
10 247
16 55
13 136
47 30

11 279
36 251
17 250
15 76
17 68
34 263
50 208
44 143
32 105
41 89
39 129
20 258

18 113
23 170
14 25
20 130
37 65
31 213
39 159
47 17
21 16
44 167
11 287
41 112
33 47
25 73
35 214
14 205
22 243
15 176
36 189

27 243
32 31
19 203
28 70
13 97
14 209
29 52
17 187
32 74
10 269
45 266
27 41
30 142
36 109
30 196
15 206
39 256
20 270
17 283
32 137
24 35
31 236
50 19
23 65
19 224
25 92
17 114
38 273

