75

25 236
29 200
18 295
23 279
50 219
30 72
24 67
39 50
12 289
15 221
11 109
19 228
12 215
18 213
26 216
22 239
15 85
20 212
30 250
37 120
10 35
50 162
46 104
30 253
26 181
15 79

11 213
16 53
40 252
36 96
19 22
37 140
40 97
43 223
13 113
17 124
29 108
47 272

21 225
28 14
13 63
38 17
49 203
29 144
29 96
18 168
30 169
41 145
10 39
10 186
40 168
37 262
20 135
16 254
20 205
22 11
42 184
19 174
41 85
21 169

10 127
31 260
15 273
48 46
47 282
38 285
29 128
22 232
17 52
15 43
30 261

24 136
46 300
40 202
12 20
29 167
21 114
23 87
17 84
18 300
18 179
19 221
27 90
10 14
23 248
14 248
34 158
47 289
23 177
28 67
29 285
13 94
47 43
26 75
42 14
38 245

16 185
27 56
46 191
17 199
31 250
26 109
32 239
13 114
28 45
39 50
46 131
12 251
30 117
22 239
27 165
29 76
18 197

29 196
44 201
37 143
44 277
13 163
17 269
27 20
15 228
41 236
40 254
12 44
44 81
47 155
24 260
15 10
50 215
34 130
48 76
12 165
47 232
39 90
28 237
30 168
12 250
50 86
42 299
46 291
14 232
11 160
20 264

23 89
13 112
14 235
44 100
12 44
31 176
24 275
49 170
12 48
45 78
45 119
35 274
22 179
13 272
36 103
37 99
48 55
13 169
34 259
22 208
39 72
11 83
49 160
29 82

11 90
39 269
19 135
24 69
12 295
34 77
50 257
44 153
41 10
41 36
48 290
46 174

26 80
12 16
24 217
14 161
44 84
30 137
16 226
39 107
37 135
25 119
21 156
18 130
49 213
40 36
20 23
21 197
28 279
11 181
44 104
17 169
42 44
42 46
31 288
35 219
38 19
12 99
18 281

19 68
33 114
43 65
40 113
18 234
36 272
17 122
46 228
23 122
30 151
26 93
11 250
49 299
34 236
26 165
25 165
26 123
14 245
35 33
27 189

14 28
32 46
29 190
46 141
39 59
10 244
37 136
42 14
23 88
17 198
29 204
47 21
45 13
42 251
50 184

20 142
10 62
15 132
12 173
42 217
22 149
15 168
50 115
43 166
14 245
40 74
41 273
13 110
15 151
29 185
10 193
31 296
12 165
11 264
36 255
45 73

10 175
31 206
28 265
11 13
50 298
38 171
12 229
40 183
41 129
35 257
46 289

30 22
46 64
14 229
50 145
17 183
21 37
33 149
18 116
15 133
36 228
43 252
29 118
14 36
23 11
26 194
25 99
26 23
37 93
39 278
47 18
44 198
13 96
15 116
20 286
22 88
40 36
45 263
28 295
19 50
27 208
39 234

14 197
11 242
15 277
50 180
16 69
34 59
38 149
23 294
18 77
11 42
46 220
20 28
42 213
25 92
23 299

13 44
35 72
24 98
38 130
16 70
35 33
24 62
22 33
50 57
46 251
50 36
25 24
38 222
35 170

23 223
49 215
25 89
38 124
39 137
42 244
42 54
41 275
10 177
40 112
48 26
25 283
25 66
44 113
45 185
40 230
13 41
34 285
26 80
29 132
25 168
47 168
22 132
12 148

18 141
49 48
29 251
40 22
16 103
32 77
38 272
22 158
42 41
26 262
36 280
31 274
44 117
37 27
15 16
43 147
22 209
20 285
34 167

16 261
37 39
45 242
19 284
22 41
15 178
27 106
41 226
18 93
15 116
24 29
44 66
25 105
22 277
17 36
13 250
22 180

26 81
43 75
26 54
39 34
38 126
49 57
28 42
28 229
42 242
31 298
36 79
44 233
45 25
40 198
29 50
28 54
19 34
14 239
28 157
33 277
46 55
48 258
18 163
11 267
12 214
36 277
16 132

20 115
21 265
28 16
27 139
16 122
19 260
37 152
41 102
37 244
45 279
18 152
32 180
35 47
18 203
30 124
44 112
49 23
15 235
37 265
16 214
48 87

19 22
40 43
41 262
22 60
13 33
44 84
14 128
46 193
36 192
12 218
40 274
21 270
48 184
29 123
19 296
17 214
31 82
37 15
26 282
21 285

10 190
37 98
24 187
37 173
29 278
35 287
33 123
20 134
47 13
50 236
25 104

12 56
14 175
13 135
31 253
13 85
16 53
14 199
13 62
45 48
31 237
50 297
25 138
49 72

26 13
11 178
12 101
21 95
32 93
21 172
39 262
43 28
12 106
11 264
15 105
49 265
25 204
49 141
21 189
50 132
16 74
33 211
30 75
11 215
40 185
43 247
34 23
37 215
15 248
37 126
44 52

29 91
10 292
39 36
39 231
32 109
20 126
12 82
26 136
46 58
49 173
33 98
34 78
30 161
40 245
43 55
10 144
47 136
38 233
46 45
15 143
30 283
14 54
22 36
42 109
20 191
17 296
27 37
23 242
40 216
47 288

24 84
18 95
20 72
20 83
14 123
11 18
43 270
40 203
50 283
36 61
27 65
24 248
21 101
24 89
37 243
33 187
16 300
17 208
46 298
21 79
12 47
15 293
47 251
47 196
46 75

17 114
50 11
41 212
50 75
45 128
12 174
23 193
33 219
24 82
34 226
21 44
22 209
31 267
40 247
25 210
50 287
50 99
47 138

20 162
34 86
41 292
27 273
18 11
21 57
44 61
14 96
20 16
27 24
22 195
31 123
33 246
38 93
14 276
30 227
22 69
48 82
41 99
36 103
16 35

22 39
48 256
41 84
10 222
36 268
44 278
27 251
17 41
29 201
23 243
26 41
23 263
20 11
20 23
11 114
38 11
14 172
33 205
40 39
33 123
12 83
48 142
37 162

29 275
43 151
16 26
43 272
42 205
42 279
43 40
17 166
35 38
21 54
23 15
20 265
47 72
27 178
31 122
13 46
10 56
31 291
14 213
19 164
43 296
46 25
36 289
39 295
20 211
34 299
34 159
34 43
35 214
47 185

21 37
24 281
34 229
44 265
12 96
12 165
47 227
29 201
46 216
33 161
18 285
47 276
46 179
42 140
17 113
48 290
37 22
38 79
17 252
10 283
49 218
18 250

13 253
48 42
16 176
20 66
25 167
45 217
40 162
50 176
16 198
48 95
50 131
49 46
16 174
33 84

18 281
43 236
15 253
40 260
44 231
39 126
21 222
44 196
39 294
36 199
41 284
36 88
37 219
36 55
31 145
29 35
31 189
42 160
19 158

20 119
43 48
10 208
31 16
41 95
18 239
12 217
45 258
35 11
17 113
35 189
47 161
46 138
14 226
47 89
29 52
16 73
45 294
46 43
47 197
12 150

27 264
47 124
20 102
48 12
31 75
43 73
21 225
18 158
34 219
50 280
15 252
12 210
21 166
20 40
17 41
40 115
23 215
39 106
35 118
35 117
23 241
49 89
16 154
21 125
44 239
37 19
39 33
35 205

13 235
20 161
45 61
26 47
17 273
41 208
37 285
17 86
22 20
46 153
30 58
28 135
49 218
47 118

30 83
45 175
27 166
46 277
21 64
50 30
47 213
33 36
16 237
14 194
16 58
29 115
30 285
14 257
11 212
50 285
37 120
43 244
36 193
47 276
26 215
22 197
17 33
11 152
29 202
19 51
32 114
42 261
23 31
11 69
10 286

10 105
33 21
24 194
22 38
33 267
39 210
21 77
46 10
30 214
18 63
46 94

29 51
20 288
27 225
49 231
41 289
33 275
50 220
13 243
34 143
17 292
28 104
11 189
14 222
49 137
17 158
11 256
22 97
25 260
35 74
33 205
29 125
33 125
13 247
49 41
44 85
31 263
25 257
19 115
33 124
10 47

15 247
32 52
31 206
46 239
37 264
42 14
43 106
30 40
32 165
24 27
37 56
28 173
27 221
27 286
10 250
47 239

15 282
10 200
24 81
48 37
21 88
43 49
13 83
43 267
34 128
16 135
47 251
35 177
49 121
40 85
30 88
12 48

27 94
27 272
50 103
25 123
28 140
47 261
19 289
22 53
41 61
32 59
44 263
13 200
26 90
29 246
50 268
29 287
28 158
47 180
43 249
37 121
18 213
19 160
28 249
32 288
48 199
14 164
31 173
43 231

22 278
14 27
32 68
30 53
18 246
45 199
31 45
43 141
45 44
49 243
47 269
17 43
38 250
21 67
47 112
30 227
24 32
41 84
15 286
14 79
44 190
26 180
43 40

11 165
27 59
36 150
24 121
35 51
47 34
18 176
14 147
36 264
49 148
18 146
19 147

24 196
31 156
49 109
50 72
18 150
16 17
21 80
45 108
45 143
42 256
24 82
50 109
10 36
33 91
46 127
43 177
49 54
27 237
10 144
20 247
22 183
44 297
15 190
17 143
18 225

27 173
43 174
35 101
43 105
20 27
25 60
35 228
10 112
34 19
37 214
50 118
46 214
16 230
34 94
49 200
41 29
27 208
23 182
38 150
11 29
28 266
39 222
26 185
31 28
19 79
16 199
40 108
13 277

23 138
30 247
33 148
45 134
38 60
25 171
15 151
36 85
49 151
10 245
23 24
22 99
15 125
38 116
36 60
47 57
45 180
49 19
34 10
10 251
49 287
18 110
14 29
46 155

17 91
37 78
25 156
42 100
35 122
29 269
17 103
47 222
18 276
18 127
41 14
26 67
25 236
44 164
20 175
38 77
12 262
10 134

30 155
43 269
12 131
29 199
14 20
26 265
39 246
25 125
36 73
40 31
44 19
26 64
28 157
18 255
31 240
50 97
18 10
40 64
47 106
48 241
29 187
36 231
49 270
32 259
47 47
16 81
28 30
49 45
39 142
49 80
50 287

11 158
49 206
34 98
41 69
42 67
12 157
10 99
50 227
14 95
29 88
37 271
36 244

29 257
35 81
13 74
24 100
17 19
43 247
33 245
31 170
12 156
21 57
19 70
15 141
15 29
14 264
23 176
30 140
13 41
34 88
31 130
34 101
24 276
13 119
27 113
25 175
19 116
32 104
48 105
43 69
42 87
35 144

21 194
26 222
14 201
46 96
23 234
21 143
21 203
34 128
14 89
41 112
38 152
37 200
48 60
30 100
18 237
34 183
19 155
21 85
47 40
41 266
10 47
50 246

29 186
48 245
12 154
33 270
44 242
31 10
40 247
12 207
15 60
10 234
26 81
34 229
38 234
40 127
21 58
11 203
47 241
49 298
35 229
31 79
25 83
11 239
20 213
49 138
32 177
29 231
37 45
34 224
32 12
36 62

13 206
46 215
14 211
12 268
11 96
12 290
20 122
36 68
38 18
31 156
12 264
44 65
38 39
30 218

15 295
26 195
38 136
34 81
34 130
31 128
39 74
47 183
26 131
37 122
10 286
29 73
34 26
18 47
32 101
31 152

29 73
11 155
10 273
30 70
30 126
10 54
40 98
44 39
18 146
18 21
16 62
45 93
41 142
26 143
27 240
38 154
29 247
23 250
21 270
13 194
19 203
28 133
46 151
44 197
32 161
46 271
22 75
16 174
13 257
42 32

16 188
31 76
40 224
10 184
37 46
15 32
24 203
38 28
46 127
25 148
10 194
37 237
34 209
18 221
31 258
41 143
19 224

11 293
18 293
35 64
30 39
44 66
11 11
49 148
26 10
27 223
11 82
36 109
46 51

10 97
35 39
40 109
48 290
11 22
41 240
41 218
42 50
31 105
22 261
45 234

15 161
25 266
43 255
43 54
39 49
18 241
42 231
35 119
47 48
30 121
39 45
22 50
15 35
27 80
29 184
25 80

25 39
31 174
31 205
33 122
22 117
23 92
45 65
38 50
13 107
33 158
35 255
40 178
42 132
17 282
14 106
17 37
46 199
21 232
28 227
26 233
17 54
45 134
49 153
12 12
49 58
46 185

21 175
24 213
26 69
23 189
22 123
10 139
50 42
14 101
37 248
30 87
23 150
41 162
35 246
34 268
25 48
39 259
27 223
10 256
41 170
49 152
28 34
16 297

10 47
43 249
45 173
50 292
40 70
44 262
36 258
37 31
48 22
43 222
22 148

25 214
18 21
39 111
18 272
27 168
34 78
32 12
33 81
43 116
35 14
36 15
46 20
15 117
11 105
36 86
33 16
34 154
25 15
28 174
23 78
26 35
14 14
43 117
33 235
26 153
44 133

22 108
43 115
16 209
29 168
40 284
25 299
12 173
10 119
19 222
16 296
31 202
48 41
19 285
15 48
21 54
29 155
44 162
16 81
49 148
22 49
34 56
33 58
10 95

12 169
31 26
49 105
13 189
28 31
26 220
13 63
21 64
47 203
21 17
34 51
34 59
21 74

12 276
18 183
36 112
30 110
10 257
20 83
49 266
18 141
48 174
35 21
28 42
13 212
21 79

10 97
19 267
33 110
33 48
32 239
36 179
20 201
28 145
22 54
37 275
20 19

29 90
36 93
14 158
28 261
36 203
21 235
16 18
15 119
16 261
17 169
19 178
42 91
43 43
17 163
24 117
45 162
18 183
23 154
22 125
49 134
24 291
11 68
29 189
45 54
12 130
48 177
15 202
18 89
32 208
10 84

17 132
43 41
34 129
36 190
11 236
41 222
21 192
21 66
41 111
27 19
18 48
47 178
12 122
20 27
27 278
24 50
47 89
43 280

19 85
11 83
12 22
14 47
18 207
33 87
49 169
32 16
36 86
25 167
28 270
15 138
41 85
36 189
14 135
17 190
17 71
10 171
17 269
47 230

27 210
48 162
17 121
14 164
20 242
39 109
45 48
29 73
14 184
36 156
42 31
17 262
47 163
29 256
31 87
38 170
22 183
17 25
38 218
36 160
21 45
16 128
21 89
45 300
20 253
37 165
28 59
42 158

22 88
19 172
13 103
27 218
12 39
49 20
24 182
49 221
20 252
47 276
47 201
36 247
25 253
38 93
18 68
25 200
24 131
13 219
49 200
16 265
12 150
33 12
33 240

