66

16 285
30 49
42 189
34 35
36 283
24 181
12 77
24 185
27 242
23 96
36 61
24 126
48 272
25 75
21 84
24 199
33 106

20 110
43 58
16 299
44 275
27 124
43 24
16 257
18 177
33 194
46 88
39 212
14 167
21 99
26 210
32 45
50 30
12 167
15 19
16 31
42 67
46 78

28 287
30 149
41 157
10 261
30 61
41 205
36 28
10 51
10 247
10 13
24 39
10 148
46 116
14 297
27 17
44 16
21 224
37 85
48 296
11 146
45 122
19 116
11 248
48 115
43 43
31 160
42 288
13 226
32 13

18 248
34 98
41 279
20 187
50 186
22 289
18 268
20 283
23 159
15 158
19 52
21 234
14 155
22 95
29 266
35 149
34 164
36 182
20 147

11 84
10 201
32 271
41 81
47 296
28 288
23 300
12 99
10 160
31 147
39 149
36 54

30 284
12 61
44 15
48 35
32 193
42 94
12 161
33 231
13 92
40 94
17 136
47 240
25 259
41 245
49 180
23 68
42 281
36 61
12 29
11 193
30 294
28 71
15 140
22 35
18 287
21 204
27 197
10 172
13 65
16 202
38 30

24 137
14 176
13 295
43 111
31 261
24 54
48 293
37 64
23 173
48 241
25 269
30 79
46 31
34 240
47 135
29 128
36 206
24 224
19 90
45 116
34 160
31 234
43 290
42 37
32 130

17 285
10 270
43 85
25 120
47 262
43 10
15 45
34 162
37 91
10 106
38 128
37 135
48 242
23 87
14 136
17 118
32 26
42 245

16 273
44 182
15 278
41 126
27 66
33 224
14 98
23 116
12 209
16 196
13 48
38 16
21 251
12 83
31 142
29 146
14 41

23 127
42 203
45 118
22 58
30 80
49 255
38 287
43 99
39 241
12 90
21 126
37 172
49 258
11 126
16 121
33 55
44 124
48 213
40 68
35 166
37 66
30 264
26 86
11 29

30 259
34 218
30 119
42 160
40 82
49 134
21 97
47 142
48 209
11 33
20 276
41 178
13 72
21 241
34 51
26 161
37 164
22 223
32 205
47 154
26 105
24 108
33 285
18 209
31 91
34 32
10 294
49 269
48 276
10 144
34 84

24 151
27 222
50 109
19 243
11 218
37 130
45 190
35 137
36 283
28 226
50 42
31 133
38 36
28 33
39 20
38 232
23 239
46 103
18 135
15 41
49 29
26 161
48 289
45 32
45 234

20 221
34 233
10 235
23 57
44 200
18 28
38 192
22 41
23 183
43 198
39 259
44 272
13 99
20 195
16 269
19 73
50 115
41 261
44 244
49 115
40 132

28 138
16 294
48 261
21 232
28 270
43 253
13 126
15 273
39 75
50 19
11 299
15 49
21 35
49 221
48 177
49 290
20 89
23 278
18 269
32 230
13 126
24 217
35 89
20 285
12 157
40 31
21 21
41 104
45 77

13 168
45 296
25 109
36 110
41 124
12 68
44 116
43 179
10 86
10 264
41 205
29 272
31 223
24 206

29 238
40 283
34 220
43 197
42 79
35 279
39 198
30 82
36 22
11 233
39 16
33 168
33 84
27 31
18 219
48 166
10 16
21 290
28 21
26 140
34 174
30 180
21 251
49 255
20 181
44 31
27 187
30 265
34 195
50 292

21 207
46 282
17 24
17 251
34 293
14 117
42 126
21 204
18 100
39 77
13 278
39 275
33 286
18 35
22 164
11 226
27 11
33 56
15 277
31 299
23 157
34 179

17 171
47 166
50 255
18 73
43 235
37 294
39 58
42 293
45 165
19 95
22 26
30 234
30 166
25 296
29 243
50 77
34 34
44 251

17 164
29 144
22 239
42 239
32 33
47 188
14 215
38 199
45 260
10 51
41 179
23 30
40 42
10 234
10 82
39 211
37 156
37 166

23 135
35 185
17 62
39 157
13 77
38 118
50 71
15 105
47 292
32 272
38 206
27 281
19 13
22 136
21 125
46 212
27 291
45 228
45 210
26 106
27 79
27 206
17 122
12 148

13 272
16 236
11 103
46 185
49 137
14 53
23 234
13 43
36 269
35 175
38 235
12 203
36 203
46 214

27 70
34 217
31 169
27 152
10 112
36 188
27 199
45 246
16 245
34 113
12 125
28 207
43 110
38 111
44 264
37 48
21 120
49 280
19 220
10 96
34 229
49 266
48 65
32 280
33 177
20 298
38 179
23 167

18 70
10 50
26 289
29 170
34 15
20 93
25 134
30 103
41 61
38 56
25 267
40 42
31 215
22 172
10 242
28 92
33 90
47 170
43 110

25 125
28 207
38 133
47 252
23 133
50 46
40 276
22 192
29 209
16 265
35 147
23 22
41 260
45 115
30 219
25 76
42 179
19 264
10 164
12 236
47 237
25 140
17 247
40 52
41 145
11 146

13 169
16 122
46 204
17 178
44 114
11 266
37 74
13 198
46 64
45 291
29 175
32 128
16 240
37 291

19 25
43 63
42 21
25 205
38 299
40 131
42 242
18 41
25 275
32 230
28 286
22 155
40 77
16 48
22 37
14 285
38 279
32 278
23 153
11 231

15 42
18 23
13 285
13 248
35 109
12 24
36 79
35 177
48 135
39 299
25 108
25 266
18 226
27 77
22 192
45 207

25 293
11 254
42 192
16 181
49 97
38 295
45 174
42 35
36 265
30 216
25 128
16 152
32 219
35 200
28 139
37 14
50 85
19 218
45 138
21 230
24 222
12 152
17 124
31 253
45 77
37 154

19 218
46 193
46 143
29 224
37 172
38 152
15 99
22 268
40 61
21 119
12 59
18 152
11 144
23 152
22 45
37 282
20 253
27 200
39 269
49 257

17 129
36 120
43 91
31 113
12 151
14 262
14 48
40 121
31 108
40 277
32 12
32 295
26 243
34 78
21 36
18 294
23 269
47 37

22 109
49 148
43 51
34 13
39 229
40 26
31 196
35 76
29 90
48 195
16 156
48 135
17 10
38 13
46 116
18 112
34 110
35 165
20 153
36 181
30 143
15 195
23 48

27 46
13 193
20 85
32 13
35 33
23 213
17 137
40 151
15 85
45 275
22 118
27 142
35 85
43 79
25 138
49 144
34 48
25 230
50 199
50 14
32 11
39 254
42 260
39 197
43 74
13 252
30 285
26 174

19 206
34 132
13 295
30 83
37 101
44 131
19 14
33 92
33 105
42 141
35 110
25 257
15 262
44 62
48 11
26 104
10 213
36 151
34 291
48 73

21 153
33 248
32 26
11 113
23 54
11 291
15 56
17 81
36 69
28 169
29 297
27 73
14 207
36 125
11 123
14 171
46 207
23 84
43 35
36 187
11 229
29 12

15 273
33 162
41 111
45 232
20 57
19 281
40 248
19 84
43 269
29 217
32 274
37 156
44 245
27 82
33 215
41 297

29 97
12 248
38 139
35 148
22 242
43 295
19 137
16 54
45 40
19 273
20 98
27 85
41 55
18 120
32 71
50 259
29 173
17 267
47 24
47 227
25 251
21 37
10 19
16 118
11 39
25 111
18 132
27 231
38 105
33 203

23 132
29 236
43 181
32 36
46 151
35 296
34 255
36 299
17 199
10 42
41 107
15 241
20 195
31 263
33 38
17 94
31 300
43 27
16 125
42 281
47 281
18 61
44 258
18 111

29 169
26 276
13 102
30 35
27 92
26 195
31 108
36 118
44 274
43 158
18 206
23 141
38 220
14 228
26 276
10 186
13 221
30 99
32 227
50 126
20 84
49 109
17 14
19 173
17 148
38 108
15 274
19 135
27 24
28 73

18 69
43 151
19 242
18 170
29 252
43 57
50 138
48 74
17 124
11 65
45 58
33 242
21 30
24 92
14 21
47 35
24 25
10 96
41 300

14 188
32 214
46 127
42 48
22 291
43 151
30 207
19 253
30 117
38 211
49 62
20 187
43 64
27 226
46 109

13 167
49 163
44 114
22 94
31 119
20 264
39 19
22 54
21 289
13 289
50 262
28 189
34 218
39 242

13 66
30 141
44 287
29 66
47 149
26 29
39 128
27 282
19 270
41 223
17 181
35 115
12 156
35 283

25 131
14 98
14 282
27 204
19 285
22 100
47 153
12 198
24 25
27 271
46 171
23 222
33 194
34 144
38 34
22 233
30 273
13 156
25 111
27 227
25 203
17 34
39 137
14 267
15 78
26 284

26 176
49 28
44 150
38 155
21 204
15 21
43 242
44 130
41 223
46 14
16 221
10 41
28 215
50 133
35 200
24 178
22 136
35 108
39 256
32 18
20 21
14 254
10 266
39 133
17 254
11 31
13 143

15 281
49 119
41 97
23 36
36 195
14 52
33 267
39 30
33 273
26 221
16 259
34 227
24 45
19 126
20 79
43 116

14 86
15 251
46 143
46 86
32 280
30 166
17 70
39 27
34 99
41 75
46 209
31 60
22 277
15 66
41 18

18 104
49 165
39 133
18 243
26 285
37 140
41 165
35 88
20 145
39 283
12 154
14 147
25 150
31 125
26 121
47 177
24 102
12 18
14 114

11 124
28 216
42 48
47 138
26 104
47 200
32 155
20 201
24 57
34 69
30 108
20 106

14 12
25 210
31 179
44 250
23 169
38 166
44 101
20 219
45 170
43 74
45 198
23 47
21 239
17 226
34 119

13 276
16 119
47 297
27 171
43 144
18 49
10 65
19 96
17 223
47 59
16 217
28 172
24 74
47 225

11 198
36 183
41 15
48 171
37 148
37 63
12 160
20 298
12 42
41 290
40 87
18 74

27 163
14 163
29 252
46 248
17 198
13 212
27 18
17 266
32 110
38 131
27 263
21 155
16 26
34 150
46 82
22 273
37 87
26 244
38 298
48 87
33 158
13 247
35 285
18 235
36 273
22 175
23 139
44 118

23 149
20 217
12 182
39 76
25 246
16 141
14 214
37 125
43 128
21 234
13 60
18 203
30 29
42 201
24 250
50 80
25 249
16 254
23 153
34 166
15 262
12 216
14 214
11 280

13 73
23 53
15 97
23 263
10 225
35 103
27 73
21 275
26 259
38 105
11 249
29 70
15 135
33 49

22 18
38 221
35 167
16 209
23 100
27 253
10 246
22 221
43 47
26 237
46 83
22 133
42 225
28 126
19 298
42 129
38 228
39 166
43 281
37 94
47 27
32 15
11 283

14 105
20 173
37 153
29 174
41 61
41 44
31 223
11 88
16 13
45 214
14 252
22 189
10 58
14 45
22 21

22 117
14 115
19 168
31 103
21 128
24 252
49 224
50 122
24 278
19 245
39 293
32 167
10 242
26 254
17 228
48 299
41 22
26 135
10 189
48 207
26 64
26 300
39 203

18 86
35 105
27 77
15 272
33 292
17 97
12 270
45 209
37 122
23 89
17 104
20 299
25 275
31 201
13 144
28 86
21 270
11 81
40 225

17 47
16 41
16 243
35 247
24 118
19 90
25 248
13 213
33 135
45 282
34 113
22 280
43 133
43 132
34 291
27 19
18 63
47 102

23 35
13 261
12 130
39 31
37 115
41 68
41 58
30 42
15 288
23 31
35 239
25 30
30 206
28 294
42 168
12 131
43 89
44 93
12 132
37 70
46 127
26 138
18 233
27 120

18 197
47 257
35 114
38 63
42 164
13 103
32 40
48 277
19 245
20 242
34 139
43 225
29 115
40 34
36 161
25 285
40 275
17 163
16 71

26 56
33 286
24 15
48 286
15 266
29 246
12 23
48 103
13 147
47 50
10 18
14 230
49 297
48 49
16 120
48 199
18 227
41 174
47 247
30 103
45 56
27 15
25 148
43 76
24 97
25 268
29 291

26 194
18 38
27 191
41 119
31 117
45 253
45 156
46 39
42 38
29 254
46 92
50 159
13 187
11 284
40 294
30 68
43 184
35 293
10 38
20 180
40 25
48 215
49 152
15 253
18 53
34 92
34 261

20 88
17 46
27 280
42 117
23 102
41 15
39 153
14 272
39 92
36 50
14 152
35 253
27 234
33 23
43 85
12 92
30 18
18 149
46 159
26 34
20 123

13 29
23 117
46 257
47 298
33 146
29 211
42 272
35 32
38 78
10 161
38 110
41 179
28 227
48 48

21 70
31 284
42 170
42 214
28 81
14 125
15 294
17 76
47 167
36 297
49 82
15 29
23 88
22 237
13 56
37 65
40 265
46 273
48 39
50 66
40 238
34 44

