63

28 290
22 232
25 99
45 273
47 30
25 195
12 283
39 199
30 237
49 91
31 32
21 251
15 271
33 200
20 55
14 170
46 125
25 199
46 48
16 108
13 246
41 117
26 49
13 245
38 183
13 212
29 19
41 148
10 24

20 125
30 231
50 118
35 265
39 112
36 290
31 249
38 227
30 66
16 120
17 259
15 121
37 52
22 128
37 28
15 130
18 215
28 212
47 134
10 121
15 13

10 46
42 148
24 192
27 120
44 107
41 222
22 110
17 171
32 262
41 29
20 295

12 156
26 287
14 96
27 148
39 128
11 110
26 64
48 58
46 166
41 101
27 230
49 233
47 186

27 266
19 99
22 91
46 240
49 88
40 201
15 32
13 179
32 160
41 149
15 21
34 173
31 53
40 273
17 106
16 39
16 256
48 210
37 251
43 234
23 294
13 163
37 109
29 282
35 226
15 225
23 175
13 99

17 276
49 131
19 244
23 178
34 172
46 148
17 257
41 19
40 58
22 247
27 218
38 237
41 247
40 143
38 151
14 227
35 67
16 103

10 184
20 26
15 165
29 237
44 39
39 69
31 45
10 244
33 62
41 143
21 87

23 300
11 66
49 177
30 33
14 172
49 39
13 177
23 78
50 233
39 27
48 155
15 110
21 212
42 204
21 268
38 246
39 72
28 54
39 42
38 150
13 202
27 212
26 230
26 120

14 33
40 233
36 23
16 163
26 34
40 186
18 217
38 281
14 137
43 160
23 267
17 293
38 156
50 94
44 284

21 187
21 252
34 206
34 47
19 272
34 156
14 121
25 75
44 225
15 288
24 195
44 78
28 127
20 164
28 241
13 199
49 145
24 163
25 299
40 269
37 298
17 201

20 31
47 115
10 64
48 270
44 216
25 47
13 210
36 100
50 292
39 101
27 167
41 251
45 149
21 283
17 61
29 251
35 85
24 195
17 263
21 58
43 217

13 114
15 253
27 15
35 179
27 96
26 102
32 73
44 93
16 26
27 165
38 253
45 45
37 37
28 246

15 59
34 298
12 161
31 71
21 233
32 247
14 123
36 115
35 52
28 274
40 162
14 269
49 293
31 239
33 177
49 292

11 90
23 72
17 61
10 122
44 149
29 59
40 19
32 275
39 274
36 291
39 69
22 61

19 254
30 244
24 153
32 56
30 201
14 46
46 179
23 148
31 283
25 54
32 243
48 79
43 214
12 107
29 279
13 230
31 71
49 300
16 131
42 31

22 148
31 180
36 292
24 242
43 264
10 121
41 13
49 252
16 210
41 94
27 68
30 178
28 78
25 262
11 29
18 96
36 72
29 73
13 210
13 203
35 156
18 66
28 255

18 268
31 21
10 224
50 29
18 218
40 45
36 280
35 32
18 70
38 29
21 234
49 105
30 179
11 267
25 219
13 204
24 91
48 208
44 123

16 36
45 39
45 277
41 218
45 59
18 101
30 142
16 161
42 269
36 229
32 214
29 155
16 30
32 18
45 41
25 299
14 40

30 239
17 129
47 271
21 78
50 174
50 146
45 79
45 94
15 101
39 141
35 295
23 39
21 242
31 34
27 13
49 105
47 269
48 67
50 47
31 291
35 185
29 117
47 139
46 46
25 121
33 274
40 125
34 233
39 46
30 282
37 147

10 275
14 156
26 45
40 159
19 249
22 220
50 73
36 251
24 137
14 260
33 173

16 96
27 271
45 62
36 191
47 228
20 291
40 135
50 47
43 84
27 297
50 48
22 148
37 18
46 198
13 231
37 281
41 295

19 138
27 227
35 299
33 172
13 209
46 95
20 256
47 83
37 144
20 246
35 109
15 33
40 151
39 193
16 93
49 288
35 218
11 32
43 262
37 270

15 171
11 111
22 177
49 14
24 23
17 210
31 75
28 10
16 67
40 200
26 216
19 122
50 154
44 164
15 153
20 262

11 148
24 27
45 204
10 77
26 25
50 272
37 175
45 30
15 54
26 300
38 297
25 166

10 60
36 157
34 268
31 235
48 263
14 78
33 145
40 101
13 253
16 234
49 79

13 102
24 221
10 157
22 124
18 96
37 69
34 72
15 15
35 122
27 130
49 211
13 114
40 185
34 56

16 299
10 262
18 246
33 207
13 282
35 50
36 124
48 163
33 21
44 282
39 300
20 138
11 169
32 130
28 208
39 254
19 104

23 286
22 176
50 106
36 96
33 121
42 248
15 272
21 47
44 147
46 106
44 46
19 284
48 18
39 104
31 49
47 135
28 279
22 98
46 25
27 235
42 67
30 129
42 39
21 23

19 209
25 107
49 79
12 41
13 60
19 48
46 287
11 223
12 30
39 289
49 113
19 283
39 100
25 249
45 299
37 53
42 29
27 125
27 191
13 227

12 134
13 190
37 143
42 51
40 97
31 242
40 29
10 297
16 223
40 56
35 123
17 82
44 262

28 279
38 134
21 115
36 168
11 201
28 58
50 283
33 105
27 297
28 64
44 92
38 117
39 115
17 162
19 54
25 247
15 41
13 248
42 62
50 54
29 165
39 171
22 255
12 294
19 189
20 284
18 40
16 115
14 26

13 38
30 122
34 32
12 39
30 189
41 95
41 223
22 49
13 251
40 261
33 213
22 255
49 245
38 276

22 192
40 227
27 249
21 232
49 14
33 102
23 65
34 57
31 129
24 243
19 164
49 160
25 210
28 67
45 296
12 94
42 196
18 228
37 12
27 81
47 32
15 283
20 273

11 255
41 11
40 178
45 163
21 14
34 263
10 39
39 259
25 217
29 295
19 109
20 54

12 126
42 82
16 288
29 10
30 165
20 229
14 97
48 58
32 225
15 100
42 292
13 41
28 189

28 201
25 34
31 87
36 211
35 246
14 186
26 163
50 251
36 262
43 64
43 78
22 194
44 200
49 104
13 90
12 45
21 105
42 120
17 155
43 218
17 216
48 143
41 273
22 257
16 139
41 25
11 236
24 76
38 243

13 262
10 82
29 194
16 13
26 34
34 229
50 177
12 158
17 120
26 202
48 67
30 32
27 264
21 193

17 194
22 150
20 87
16 147
44 158
45 21
20 71
35 78
19 32
20 239
39 195
45 285
29 293
32 223
38 19
16 133
24 79
10 268

28 237
25 216
34 180
20 114
40 145
21 275
10 250
24 206
48 268
17 122
18 186
32 260
47 63
30 126
27 22
43 147
22 156
40 252
40 31
46 115
38 70
33 136
34 77
24 12
41 271
42 201
31 99
42 51
15 185

19 252
17 154
18 17
26 270
10 30
39 20
30 238
46 295
35 215
42 107
39 134
46 131
20 44
13 29
46 264
15 132
16 128
38 221
19 241
10 298

17 42
50 46
15 129
44 186
31 90
24 149
16 280
49 59
31 18
34 27
47 121
40 102
15 164
35 230
48 255
18 25
11 145
12 113

13 93
18 59
26 59
21 167
14 43
49 248
45 286
28 251
12 145
20 45
17 44
21 246
35 182
48 14

23 206
16 279
18 84
42 10
32 169
16 108
50 135
21 169
46 145
34 163
48 257
33 41
27 198
48 297
46 34
23 184
33 226
14 26
23 234
37 183
47 261
24 223
32 96
16 282

29 153
16 86
28 230
47 152
43 120
21 52
34 115
37 11
38 140
30 95
46 197
24 157
19 32
33 153
30 204
31 144
15 48
30 214
42 125
24 52
46 258
14 189
34 249
47 121
34 100
33 262
30 82
50 291
10 210
46 76

15 278
21 231
44 203
35 130
44 244
38 98
12 110
34 294
10 271
45 207
45 201
19 220
37 121
42 21
47 89
23 189

26 55
37 209
17 121
46 85
30 142
11 40
42 280
41 147
44 19
13 139
48 163
42 70
48 62
44 293
49 54
42 116
50 116
20 240
20 289
34 129
35 241
14 230
50 128
16 143
36 153
45 270
28 272

28 143
33 130
39 269
34 241
10 165
35 21
25 272
45 145
50 150
48 178
14 26
39 231
16 287
22 164
12 237
10 201
21 258
40 242
34 99
46 298
43 104
10 45
43 180
21 133
11 106
35 116
34 50
20 114
33 182

18 121
42 35
24 265
23 299
28 126
30 253
27 17
10 261
40 172
26 251
44 299
36 274
18 158
38 99
45 166
47 127
24 238
48 60
46 146

24 53
10 137
39 27
46 58
39 14
10 228
13 28
43 165
30 84
38 193
18 82
15 183
36 39
41 300
19 95
34 159
35 286
24 49
19 83
41 148
12 63
19 294
14 150
33 246
40 118

24 46
23 14
46 124
40 88
29 210
43 145
12 53
12 161
11 136
10 35
20 223
17 300
33 196
41 278
27 155
26 215
25 151
15 260
46 209
28 108
33 109
21 71
14 166
13 14
16 80

29 270
41 237
34 299
16 255
38 51
39 206
18 136
46 133
49 258
28 109
40 57
46 138
46 100
42 166
44 114
40 256
12 142
25 94
32 229
23 280
42 199
46 133
35 237
27 135
14 228
12 145
47 97
36 40
46 182
48 83

14 203
18 250
26 235
43 269
45 274
36 142
14 215
35 287
26 54
34 140
28 191
32 276
27 201
14 300
47 159

22 217
43 293
30 155
25 166
37 86
16 275
24 43
44 227
40 237
31 194
28 85
35 32
38 21
20 21
26 91
22 81
28 207
17 228
36 260
47 104
16 233
25 203
11 182

22 175
44 104
30 183
13 10
26 258
48 98
20 112
13 159
21 158
49 92
46 21
31 31
37 47
16 51
32 200
12 247
19 15
18 102
20 33
24 89
13 270
48 34
20 49

24 159
33 295
37 79
36 63
43 153
38 11
49 213
46 129
41 86
27 124
39 291
47 181
39 242
27 96
37 130
29 262
46 263
25 226
25 217
36 107
13 42
24 296
44 172
39 287
12 132

26 87
22 26
38 112
13 45
14 37
39 166
43 42
31 223
38 198
41 236
39 265
27 253
35 58
33 16
34 154
28 47
19 145
22 100
17 221
33 169
23 293
27 138
32 205
27 257
19 115
11 282
21 119

27 182
22 27
35 198
32 211
35 136
13 244
31 272
17 263
13 37
24 129
27 262
30 20
26 296
34 203
41 14
20 200
46 171
15 58
19 190
20 257
16 216
33 21
27 74
17 193
11 17
25 138
20 156
10 69

17 176
15 95
24 41
46 141
18 167
25 59
30 299
30 285
10 241
37 106
48 191
30 121
18 161
37 82
10 172
25 53
27 285
25 86

19 288
39 195
32 15
25 260
16 33
26 116
17 152
26 216
50 263
11 143
14 123
43 258
26 222
37 275
19 86
50 98
10 283
24 206
25 152
48 292

15 218
31 18
24 90
20 37
36 40
19 14
43 190
33 205
36 28
45 124
27 89
10 112
47 275
13 272
34 281
45 90

26 255
37 152
31 263
48 289
24 60
13 251
48 224
22 246
21 33
24 226
24 280
31 62
47 95
28 40
33 89
22 110
35 209
12 288
37 157
24 111
10 278
33 278
28 158
39 36
26 277
30 163
40 232

15 132
34 94
22 148
35 21
44 258
15 63
45 102
50 271
15 87
27 104
49 162
42 198
42 222
18 144
44 145
39 46

28 42
42 26
50 246
24 224
13 87
33 285
43 84
21 60
49 167
38 113
23 222
38 217
40 116
30 14
33 45
16 14
19 179
30 241
40 16
37 252
35 247
23 256
40 50
34 88
37 205
30 42
31 203
18 152
14 194

