94

17 38
10 135
22 86
41 26
46 228
17 221
40 276
17 64
43 77
24 241
32 18
23 56
50 41
38 164
37 211
11 276
45 272
13 189

21 45
39 288
45 216
28 142
38 102
17 156
27 179
28 178
47 46
31 191
38 298
36 185
38 161
32 86
43 56
24 28
10 162
12 130
43 88
20 119
41 176
36 80

25 164
49 96
11 13
30 187
24 202
44 244
36 106
48 290
31 204
48 180
43 49
29 200
22 197
31 32
49 141
23 288
50 247
12 235
46 293
37 168
18 96
25 41
32 103
27 183
19 234
16 81

14 87
23 88
46 89
32 81
30 144
11 244
48 265
28 215
29 60
31 298
23 139
42 71
16 246
10 99
46 102

24 50
46 65
29 266
50 24
11 174
38 188
32 218
11 175
16 138
43 240
21 230
43 36
43 217
28 185
34 42
35 162
50 84
21 236
45 259
17 64
25 211
39 82
42 225
19 152
22 154

28 16
15 26
10 12
21 14
10 97
17 213
45 140
37 89
46 51
33 87
29 210
21 267
13 130
26 54
44 256
44 125
12 135
25 297
25 240
24 201
36 119
50 28
25 180
31 197
35 179
43 251
49 62
50 134
35 74

15 83
47 12
27 199
23 219
49 188
43 102
31 160
39 102
10 290
35 160
13 53
29 269
40 58
41 127
23 58
46 60

26 189
16 90
21 69
15 144
12 105
11 118
14 115
20 77
16 11
34 294
43 61
16 237
15 114
28 181
26 252
27 135
35 81
44 36
23 101
50 168
42 18
25 67
32 202
40 243
18 13
18 35
30 222

17 240
47 142
37 83
37 172
37 121
11 284
29 233
34 50
49 76
10 235
21 96
35 237
50 84
11 263
50 289
12 283
19 187
26 206

30 63
22 275
41 85
37 169
35 194
33 242
24 159
30 93
40 114
36 87
46 219
29 192
19 224
28 19
19 191
40 293
18 60
30 248
46 277
11 79
26 103
20 131
20 87
45 247
50 134
31 251
14 219
40 137
31 115
19 251
14 256

30 148
13 143
39 62
24 279
13 123
11 164
22 100
36 86
38 115
25 194
10 43
20 66
10 33
13 31
47 283
25 200
27 230
25 35
46 244
50 268
45 213
32 252
17 103
26 191
32 205
42 154
30 96
39 232
40 236
16 14
26 190

12 243
12 244
22 25
39 189
24 51
40 33
38 265
20 274
36 157
11 261
32 215
12 269
15 169

22 127
31 244
49 20
33 227
45 263
13 23
33 179
35 242
10 265
43 219
35 292
35 257
31 277
24 185
17 117
34 54
27 231
49 20
28 212
44 260
28 256
40 65
31 135

18 107
45 130
49 235
22 267
48 76
30 21
31 148
15 92
36 137
28 190
47 148
12 95
48 192
50 210
40 166
13 261
33 117
44 245
42 274

18 20
46 221
50 227
11 237
20 169
16 238
26 127
18 234
39 273
34 190
36 148
15 49
49 244
28 117
22 130
42 174
16 209
13 66
37 130

29 270
43 132
17 81
39 148
45 36
18 87
45 150
12 103
18 39
38 233
23 27
44 252
50 297
18 286
27 27
11 154
47 298
20 225
11 240
21 107
42 76
33 108
45 256
30 86
15 277
41 202
22 258
43 136
26 196
48 25

20 82
12 243
10 153
36 108
22 146
28 116
47 204
33 64
13 104
36 201
49 194
19 99
46 25
26 202
22 23
10 147
48 267
18 204
14 69
33 228
15 105

22 179
38 110
20 209
35 265
43 205
14 52
28 39
33 88
50 203
46 142
46 217
40 19
19 42
38 287
33 221
48 168
26 116
36 166
39 187
24 102
31 167
46 150
33 24

13 274
20 239
17 38
16 103
11 244
17 222
32 170
38 100
30 170
40 268
41 36
13 286
42 220
45 248

19 80
47 123
31 56
43 217
38 130
45 127
49 281
12 82
40 258
47 133
39 190
22 47
40 203
33 260
46 185
28 140
27 61
31 239
21 160
23 27

22 222
48 292
10 91
26 131
31 14
30 173
35 24
43 34
16 225
38 32
47 188
11 206
20 259
28 246
26 300
34 18
49 212
15 53
15 153
36 118
47 111
42 291
38 199

11 78
47 82
31 210
37 293
32 61
21 161
33 233
24 11
28 142
48 45
46 169
16 230

14 135
41 43
35 243
15 204
21 148
37 96
15 156
48 50
43 261
43 51
40 71
32 40
24 101
44 62
46 152

29 114
20 244
50 73
47 178
33 65
33 252
18 278
40 142
19 71
49 134
13 38
20 101
31 130
41 13
49 99
48 59
44 160
18 92
22 120
13 29
13 111
28 282
37 202
21 46
28 27
33 138
36 16
32 11
43 115
41 300

29 16
35 97
10 119
22 124
22 190
38 224
32 132
40 147
24 247
46 99
15 38
46 83
19 49
18 174
13 288
34 153
33 279
22 249
26 66
37 164
25 275
33 269
40 277
26 285
23 118
44 71
44 230
27 121
17 284
32 195

14 89
30 65
12 79
14 262
33 12
38 59
49 68
22 124
43 256
31 98
25 260
25 295
28 271
22 164
21 218

26 169
36 295
43 239
10 123
30 241
45 190
19 10
12 87
45 25
27 207
45 217
49 179
22 160
19 174
31 200
19 295
41 121
24 217
12 45
48 258
22 124
46 217
24 54
20 279
28 192
50 104
14 135

11 247
33 296
50 157
12 152
19 71
42 206
31 187
46 226
37 280
49 198
26 252
21 258

10 69
25 16
15 46
37 172
14 64
45 191
30 58
24 256
10 139
22 186
39 155

21 104
35 104
45 87
46 176
44 282
27 286
10 73
32 62
10 268
50 236
47 227
35 177
47 257
46 86
31 15
21 33
22 82
23 131
25 192
28 189
49 186
39 70

30 72
11 192
35 237
24 66
46 155
22 283
13 43
14 264
19 60
22 139
34 43
39 126
34 33
47 111
45 270
36 69
40 210
33 172
47 128
13 252
13 53
15 108
40 253
32 14
46 218
28 176
18 293
40 96
23 255
26 98
42 194

27 194
21 164
50 226
49 217
40 168
12 240
33 232
13 171
12 100
15 84
46 59
11 49
45 15
17 161
43 225
16 37
45 87
15 249
19 116
13 266
21 240
15 279
26 285
29 104
21 83
39 283
11 73
36 80

10 256
19 276
33 290
13 297
33 19
34 102
32 77
21 168
49 171
42 238
35 87

12 296
38 28
30 54
36 74
27 223
46 279
42 10
44 277
39 281
14 233
19 208
15 233
27 214

27 25
10 171
43 135
24 256
50 139
43 164
45 129
20 80
35 144
50 270
23 133
44 118
28 268
21 152
42 227
46 278
29 139
10 134
31 22
37 275
21 272
14 297
27 106
15 273
27 14
12 152
12 92
46 271

12 87
39 186
19 133
28 16
28 227
35 146
15 197
32 76
44 144
26 47
43 67
23 112
38 192

12 167
13 214
39 261
11 61
28 41
14 123
43 217
28 279
46 150
32 273
38 14
49 74
38 278

23 253
47 170
42 81
43 104
43 101
19 174
17 86
44 59
49 288
12 238
36 143
31 134
15 51
18 161
25 151
25 250
48 57
19 229
48 36
16 54
10 187
50 230
36 154
40 170

28 77
21 222
13 255
22 220
33 174
45 128
40 210
27 229
48 197
19 30
28 126
44 63
44 291
27 198
15 79
11 19
26 44
45 291
10 182
47 186
26 292
11 166
27 221
30 79
11 55
45 91
19 215
35 202
16 74

12 53
27 240
44 282
24 271
31 240
35 286
47 188
26 156
13 110
35 234
49 222
28 194
22 272

12 299
27 229
47 180
28 178
11 158
13 110
43 82
38 150
49 95
30 173
42 85
12 45
48 262

24 78
49 237
27 151
10 41
39 51
45 254
16 21
20 156
16 129
27 188
13 191
23 58
18 185
11 97
26 39
49 188
37 141
13 259
49 104
44 277
25 81
31 60
25 184
28 25
49 152

19 212
40 215
27 32
25 82
18 45
16 83
28 10
10 278
47 264
33 243
47 38
28 216
34 169
43 155
45 147
45 265
11 78
42 232
50 170
39 132

13 165
10 47
29 272
42 226
42 235
32 60
30 32
26 207
48 289
47 226
40 267
26 113
48 196
45 109

27 227
33 181
25 246
25 149
38 18
33 135
17 70
17 145
48 287
38 180
35 216
31 38
49 11
46 194
31 272
20 58
25 63
11 283
18 250
45 201
17 85
24 138
13 145
12 157
24 231
13 237
34 288
10 206

21 48
30 282
25 147
33 245
18 184
36 103
46 47
37 276
48 203
26 140
50 286
32 256
26 182
44 236
16 100
50 175
32 202
23 135
16 36
12 209
23 18
34 124

17 48
34 140
28 83
24 291
47 120
25 274
33 290
13 133
19 37
19 44
15 250
29 300
23 202
19 285
42 167
42 278
22 262
45 203

18 66
24 196
18 196
30 293
38 171
15 276
12 274
16 292
45 168
50 181
35 155
13 108
18 239
46 206
38 76
39 192
49 290
34 274
15 214

27 281
18 278
21 121
37 206
33 69
43 12
22 49
30 37
37 250
37 10
17 78
48 76
46 270
16 144
37 285
17 256
21 47
18 294
13 32
17 236
34 11
44 65
14 205
44 288
19 46
34 149
13 218
50 57

25 248
37 197
14 208
26 135
49 294
11 39
39 80
35 93
28 161
31 124
44 207
43 30
14 45
11 60
27 88
47 140
24 30
45 102
47 150
14 140
32 43
33 156
16 43
37 112
20 169
37 23

28 41
12 38
40 277
38 234
45 150
37 195
13 169
39 138
42 85
13 104
35 263
30 244
33 66
30 116
30 71
39 57
31 100
43 170
24 208
34 212
21 300
31 116
27 256
38 229
22 126
21 154
39 196
35 174
27 246

11 238
29 82
26 269
14 83
42 104
11 30
49 215
25 297
13 295
40 137
21 38
24 153

12 122
45 96
48 111
46 149
32 178
12 181
26 21
47 144
33 261
39 190
35 136
27 21
13 60

14 28
20 186
28 86
35 288
13 240
19 294
29 121
44 92
38 124
23 238
17 254
13 208
34 127
46 10
13 198

12 154
18 128
31 20
12 135
49 63
12 135
41 141
35 76
35 34
47 259
27 149
43 244
42 238

11 288
41 118
37 213
41 129
31 214
49 82
16 241
43 253
47 242
23 94
13 151
30 226

10 257
21 256
20 17
22 285
12 71
50 135
36 271
27 188
33 76
23 233
46 55

25 65
38 222
11 93
42 287
47 105
15 68
13 33
23 146
33 233
50 77
36 106
50 184
29 145
27 98
20 101
22 212
29 215
16 105
30 291
47 220
16 249
47 144
11 65
23 101
17 166
37 199

14 18
34 86
29 228
11 58
24 230
29 117
14 135
23 165
42 300
24 279
20 247
10 154
14 123
10 237
38 30

11 56
11 100
25 289
43 142
46 279
18 159
44 185
33 151
27 108
49 264
38 25
41 136

19 253
10 211
46 127
11 13
18 172
45 41
33 42
43 191
16 66
31 187
24 39
24 178
37 286
24 83
15 160
22 18
49 287
38 79
15 267
13 116

25 54
28 237
28 165
35 43
35 17
43 178
27 37
40 51
29 287
39 253
35 25
23 137
31 292
48 113
48 118
32 251
39 285
41 26
40 238
38 197
18 190
46 44
29 196
43 179
17 167
18 266

29 208
22 85
50 88
28 238
44 67
13 79
11 196
23 294
15 28
46 65
10 75
17 256
27 289
23 157
13 13
18 170
39 83
38 51
20 178
24 92
50 250
46 114
49 276
43 200
30 21
35 13
46 132
22 158
33 171
21 190

15 212
44 260
33 80
48 68
17 227
26 237
49 17
34 189
36 275
37 267
23 117
39 126
12 222
30 175
20 287
43 146

26 15
41 144
18 209
20 230
24 186
29 201
26 227
48 16
41 75
33 12
45 29
22 113
28 282
42 94
13 184
18 279
45 156
29 68
36 283
37 179
34 86
33 277
43 118
32 36
43 43
13 97
48 96

10 258
50 118
40 168
43 209
34 194
41 91
28 134
36 32
35 161
38 53
22 243

21 259
10 295
30 238
17 51
23 211
41 264
34 27
47 18
30 15
46 122
30 47
45 228
36 239
23 134
15 264
38 20
41 284
48 141
19 261
33 189
24 224
48 242

11 134
43 242
22 242
48 21
36 127
24 168
24 196
45 227
20 127
47 198
34 28
31 277

10 46
21 256
20 62
28 166
34 83
35 87
28 259
16 207
44 263
48 165
49 165

19 259
12 289
29 83
41 41
32 282
19 172
33 216
27 48
20 240
16 186
49 21
38 247
28 52
46 277
21 218
46 10
21 92
34 174
13 43
13 80

28 248
49 129
17 159
34 203
22 11
15 223
28 211
28 198
25 85
27 52
46 66
22 137
27 200
38 27
17 224
25 259
10 54
41 112
30 224
13 174
29 112
14 199
42 10
42 48
18 252
25 220
49 74
21 69
26 120

23 121
33 171
21 142
33 136
47 97
25 181
18 214
11 151
50 159
21 173
49 128
32 32
34 186
12 246
37 155
27 218
14 31
16 180
50 29
14 138
23 73
23 248
12 158
33 76

27 102
44 262
46 88
19 281
14 107
12 202
32 71
41 105
43 23
30 268
46 129
41 113
15 179
22 208
24 235
35 108
11 132
46 61
22 248
10 297
25 289
30 195
39 17
14 84
20 24
37 215
48 123
19 10

18 50
32 155
43 29
13 206
46 171
14 51
32 268
46 154
10 122
22 190
26 288
43 90
21 226
42 226
22 62
13 261
31 273
16 209
36 131

14 210
35 51
21 162
16 70
49 31
23 74
20 291
40 280
27 16
43 174
16 253
10 40
13 60
34 236
42 270

23 50
48 125
24 11
19 194
24 133
24 218
21 272
49 179
27 89
10 271
19 257
34 297
39 86
25 193
23 141
25 257
37 171
24 241
13 107
23 270
16 151
47 85
38 18
49 235

27 39
33 96
20 143
11 133
44 111
23 265
47 99
38 140
29 147
45 44
44 42
13 31
11 116
40 88
14 15
24 23
48 61
32 42
36 79
25 78
21 65
19 135
11 260
44 247
45 18
24 69
11 210
42 216

28 259
43 241
34 224
17 263
49 123
48 281
27 135
22 17
42 67
29 206
43 282
18 112
19 145
37 283
40 86
46 290
32 163
17 214
49 71
37 90
11 15
18 123
30 153
11 238
40 126
12 140
36 296
50 206
17 59

30 203
34 217
50 146
40 196
11 59
46 255
37 41
25 254
16 44
12 145
37 65
24 65
13 119
17 287
11 81
25 249
33 134
19 291
11 78
40 35
17 54
21 36
18 65
10 137
11 158
46 30
19 114
49 85
44 74
11 62
49 220

11 107
17 249
39 266
39 62
23 81
40 134
50 264
30 151
26 150
20 25
15 172
26 75

16 295
11 211
20 213
44 231
16 264
50 21
27 154
27 163
24 125
47 112
23 90
14 98
25 242
48 43
25 186
17 101
50 238

25 104
38 247
13 192
33 132
17 113
17 133
11 173
29 122
30 21
19 271
18 197
40 31
18 32
34 124
17 282
45 280
22 139
33 89
34 88
33 273
41 256
23 19
25 233
10 177
25 297
16 20

29 246
46 36
48 168
32 52
41 230
36 274
13 237
16 152
16 81
46 260
23 227
41 267
12 173
28 135
22 283
49 128
12 111
11 23
11 71
41 114
24 220
23 113
25 15
42 11
37 13
36 148
42 88
42 190
16 106
15 268

30 123
46 45
32 180
24 161
36 130
46 245
23 164
29 271
14 213
30 50
43 298
37 52
30 131
46 152
18 118
19 276
13 46
11 132
22 11
13 252
23 241
49 164
23 251
33 36
15 72
15 221
48 133
12 242
35 94
22 163
31 104

28 263
24 116
12 270
32 198
15 126
19 281
23 284
43 73
39 272
27 206
29 191
20 43
47 288
22 209
36 50
32 15
35 50
30 143
41 233
43 102
10 89
39 75
18 51
48 33
34 165
24 63
23 61
26 144
20 152

17 274
26 32
19 240
28 127
38 102
15 243
14 224
42 210
39 219
19 145
33 14
36 10
25 32
30 140
14 68
19 50
37 294
25 300

23 192
24 73
37 126
26 47
13 270
45 21
24 84
13 28
35 10
18 132
15 22
19 112
18 126
12 206
50 209
26 86
28 19
36 125
23 190
28 281
21 162
46 274
23 136
20 257

20 156
25 226
40 255
16 141
16 201
27 150
20 212
22 127
10 241
27 70
18 252
35 109
34 103
32 248
40 111
38 177
35 130
14 92
48 88
41 107
26 155

26 125
33 29
17 226
14 90
43 152
49 203
17 237
21 270
30 145
43 158
35 17
49 197
27 233
34 251
47 178
42 133
42 259
24 153
23 64
38 128
43 15
43 194
14 110
37 144
46 274
29 104
42 196

14 274
31 97
45 85
21 161
36 270
32 98
38 300
16 211
13 239
11 253
44 77
32 147
23 160
44 113
47 154

30 81
32 107
20 187
30 179
46 109
45 96
41 246
35 281
26 250
11 39
45 265
17 279
37 187
42 287
36 290
36 138
19 81
43 186
47 85
14 162
48 42
33 68
35 286
49 214
45 56
40 101
36 42
44 31
33 127
40 73
28 140

25 253
49 270
24 227
42 74
31 28
10 135
20 23
16 184
30 88
22 87
23 269
41 185
17 179
26 123
32 227
44 50
32 101
37 263
34 171
16 203
17 125
26 246
49 43
23 138
26 140
47 188

18 97
34 228
39 19
42 42
37 24
14 242
10 57
40 36
32 89
42 146
17 237
23 234
42 212
46 172
29 133
42 188
30 297
12 210
10 92

24 197
21 258
25 84
24 266
12 258
13 98
48 170
42 52
21 158
49 253
13 136
17 12
23 269
12 92
14 225
10 53
32 284
35 273
50 98
27 138
11 283
33 36
14 184
12 267
50 50

