61

19 222
44 242
39 86
13 21
32 195
44 231
46 259
43 273
29 159
39 126
45 108
47 261
23 167
48 135
47 198
33 299
33 190
17 195
34 251
17 243

29 270
11 181
34 65
42 128
25 100
23 11
49 236
34 75
16 77
46 156
13 267
15 238
16 115
35 170
35 166
24 283
20 278
33 108
29 99
31 295
34 14
43 89
48 207
19 229
15 104
42 293
27 214
47 154
31 156
43 156

24 233
30 283
40 158
35 66
47 259
18 132
43 150
30 22
33 88
33 57
45 287
17 219
41 141
33 115
29 97
35 130
10 106
22 80
39 26
14 76
28 148
35 127
38 97
45 188
33 50

16 66
24 70
25 223
33 33
46 293
18 126
49 53
35 277
13 45
11 209
15 30
10 288
16 140
15 164
44 144
50 84
39 278

24 24
20 251
43 251
10 39
36 234
39 275
12 198
50 250
17 230
32 210
21 289
22 264
29 184
49 65
13 128
37 19
12 48
30 208
31 167
13 99
31 84
43 239
25 16
40 178
22 202

14 236
38 52
36 64
45 256
10 126
33 117
18 230
27 215
13 215
21 113
28 33
16 294
36 210
47 68
23 90

23 280
45 91
36 252
27 102
14 148
44 164
33 216
18 231
49 269
26 163
11 71
45 24
23 103
45 269
31 171
46 293
50 291
45 267
46 87
35 185
24 269
47 24
11 44
33 203

25 91
22 139
23 174
22 23
50 98
50 197
35 85
17 34
11 135
20 90
26 142
24 281
33 24
26 238
48 255
20 264
49 61
48 92
14 35
26 31
23 192
23 222
41 289
43 205
23 23
18 160

10 268
17 124
24 41
28 261
19 202
34 239
18 244
33 215
20 51
10 273
20 97

11 126
41 162
38 53
14 271
44 98
15 147
18 93
34 164
14 271
29 40
46 116
17 200

22 214
48 292
18 171
47 291
12 158
36 12
32 62
22 67
34 67
29 143
36 282
37 24
34 47
21 211
40 159
29 34
36 247
46 73
20 277
35 62
14 273
32 257
41 35

22 296
29 199
37 82
28 253
11 289
21 101
41 249
27 203
50 44
46 151
47 197
11 195
14 77
20 99
22 170
13 73
49 84
21 287
43 69
23 202
14 171
29 13
48 215

15 219
47 156
31 236
44 169
10 261
33 296
36 15
22 179
18 254
20 76
22 83
41 65
47 152
36 166
17 294
20 37

21 63
20 194
49 278
44 221
22 268
49 85
45 117
47 29
14 66
17 251
35 193
35 214
36 230
23 246
33 179
47 103
32 219
29 229
15 88
33 229
26 70
27 47

30 118
28 10
46 129
18 155
29 119
43 239
43 197
39 43
46 250
35 295
38 87
15 18
37 268
48 60
12 153
15 35
29 285
45 78
29 206
21 56
49 122
12 173
23 239
43 15
20 71
45 15
11 255
30 69
50 34
39 17
31 279

19 172
42 215
22 256
35 161
32 91
32 31
36 31
27 195
32 11
26 42
24 75
12 237
21 116
22 264
47 253
50 294
10 256
30 67
26 27
19 59

16 51
29 181
15 57
43 94
47 243
10 266
35 97
13 281
15 61
28 226
16 166
15 208
47 86
25 153
47 31
28 97
39 11

21 288
22 297
45 149
26 228
23 149
32 182
26 20
42 21
41 19
13 80
28 32
50 227
12 92
32 169
33 38
12 64
33 134
50 82
40 93
41 12
41 249
40 195

29 128
48 31
33 198
50 270
32 141
48 99
14 246
20 77
34 116
38 217
49 196
30 143
13 129
24 152
41 275
33 149
12 210
11 222
17 59
40 138
34 75
15 213
20 164
16 194
50 273
46 234
39 171
10 29
25 36
12 68

18 139
33 293
38 147
42 74
16 16
28 247
21 52
18 204
31 299
34 83
23 126
34 150
26 147
39 227
33 101
28 18
15 64
21 39
43 176

27 105
44 23
22 163
24 206
25 264
24 51
12 273
43 99
13 112
41 16
33 40
19 128
14 74
20 122
46 24
16 261
17 187
48 87
36 17
29 175
45 151
17 288
40 90
18 39
28 160
18 267
30 153
25 186

18 208
14 15
23 202
46 187
46 127
20 248
22 285
39 82
25 190
18 30
11 140
23 94
35 17
30 43
15 246
44 148
50 105
22 127
12 88

11 189
10 239
29 292
47 43
31 155
48 60
50 99
17 69
19 203
46 299
41 185
50 122

19 25
43 276
25 69
49 135
24 197
21 19
34 221
42 11
23 200
47 133
29 42
14 45
15 130
46 45
46 297
12 173
10 177
11 199
50 70
21 155

14 22
30 267
11 117
16 172
12 237
24 295
39 180
12 37
13 250
36 284
20 297
45 63
10 264
37 133
30 35

30 23
14 161
40 203
41 206
45 87
27 119
37 30
24 175
41 197
44 227
50 14
31 48
25 257
35 71
16 245
18 151
49 177
18 69
10 78
35 13
44 164
12 141
35 179
50 64
31 163
23 273
47 223
38 291
22 294
31 145
46 127

14 251
28 236
30 281
30 268
38 228
49 29
44 183
37 19
24 174
41 179
21 170
24 222
19 211
21 288
12 221

14 144
19 242
32 196
40 137
48 95
35 182
48 11
28 166
24 80
36 178
30 252
26 281
13 218
37 74
43 144

17 65
35 242
10 120
47 42
33 200
18 64
22 45
48 229
10 42
50 45
34 93
44 54
46 35
15 201
26 154
46 14
32 220
12 138

16 271
35 146
10 297
13 260
47 224
37 151
36 38
32 169
11 67
41 244
20 114
37 296
34 131
15 134
13 274
41 160
48 80

16 228
27 102
26 278
12 114
35 57
31 90
30 102
26 62
45 92
23 28
47 215
17 285
16 298
49 11
18 298
16 202
34 221

30 210
18 262
17 70
45 294
12 11
47 257
17 138
46 224
12 168
24 157
32 130
24 201
31 208
10 115
41 79
40 124
24 215
44 87
46 269
49 182
46 248
14 221
29 247
31 168
50 159
32 35
32 23
21 199
41 212
24 193
44 248

21 160
50 61
38 295
46 272
37 53
50 136
29 40
24 274
20 38
35 148
34 90
33 122
38 254
49 271
22 227
15 262
46 272
37 66
50 96
44 269
45 189
40 170

25 250
32 196
30 174
40 294
12 74
47 288
46 111
14 229
28 273
19 225
15 152
42 30
22 12
18 229
43 224
31 246
38 241
37 107
27 172
17 181
13 214
48 53
50 102
21 239
15 29
12 275

20 19
50 80
25 200
36 281
26 233
14 257
19 175
40 217
49 57
24 255
36 10
34 44
43 52
46 108
21 157
21 213
32 274
22 212
31 267
46 201
42 159

25 191
26 273
48 49
39 134
30 260
49 59
29 12
21 43
23 280
34 173
23 258
23 299
15 165
49 16
31 69
23 225
32 206
12 220
23 185
33 97
43 20
50 114
29 179
46 183
25 162
26 54

14 25
21 92
31 97
29 199
31 26
14 196
19 27
47 61
40 76
21 40
40 36
22 290
27 32
32 286
43 199

25 141
25 291
11 223
12 218
48 122
22 205
40 11
19 132
32 77
42 39
33 66
17 184
30 137
23 231
49 100
31 153
27 255
16 226
33 55
26 151
40 287
14 107
21 27
21 248
48 67
25 94

19 45
30 240
40 131
49 188
44 56
29 272
15 195
46 56
11 74
37 108
12 286
36 32
50 233
20 20
28 21
11 39
37 112
10 297
25 121
10 104

12 84
24 166
47 12
36 184
17 228
15 58
46 178
50 221
32 227
43 117
30 180
35 165
35 241

23 227
38 263
46 108
18 13
22 70
42 47
44 196
17 263
46 257
32 30
43 200
13 157
40 219
35 267
23 147
47 93
28 154
31 71
26 132
31 67
31 74
21 186
30 290
34 155

25 173
29 86
35 167
47 103
41 44
29 43
20 223
41 52
34 296
11 51
37 290
41 12
24 226
41 171
26 40
11 176
35 129
45 139
48 81
28 85
28 56
22 186
43 195
35 26
40 144
43 30

13 243
39 182
27 105
15 19
28 144
20 143
26 211
24 274
18 172
17 98
16 70
18 230
18 90
20 201

23 250
34 169
28 195
45 228
34 298
32 276
49 155
27 229
27 136
39 205
27 141
33 87
13 185
38 244
21 177
13 69
46 21
49 133
18 266
35 43
31 15
36 276
17 208
38 37

30 63
45 46
31 148
24 98
34 221
38 75
34 64
37 138
39 238
31 242
27 45
11 120
47 32
38 132
44 181
43 233
50 161
47 162
27 161
45 72
48 23
23 112
15 152
13 212
42 274
11 60
38 63
30 235
33 234
44 88
14 103

26 168
27 189
36 202
31 130
30 223
13 170
29 32
14 152
17 35
17 93
21 47
22 145
11 138
15 90
43 230
13 47
15 142
33 148
41 184
29 135
17 74
38 22
28 91
34 183
30 148
13 126
36 212

19 46
22 57
38 243
41 180
39 194
22 121
43 84
44 57
30 148
13 108
18 263
19 278
16 24
48 129
40 41
28 52
13 231
36 218
47 210
48 124

20 55
26 217
13 293
29 186
18 71
42 148
20 225
37 262
38 251
21 289
27 100
39 235
12 42
48 266
11 73
36 17
24 92
19 187
28 270
32 49
38 203

30 50
15 234
36 145
36 124
36 230
41 75
11 56
14 54
15 168
32 44
27 220
34 164
17 169
49 57
10 37
12 97
14 143
49 105
32 174
32 134
25 186
11 70
34 293
25 206
17 217
10 14
39 32
20 33
43 292
22 138
37 52

23 24
33 215
29 76
36 78
10 99
42 171
41 300
36 174
25 211
49 243
15 136
17 112
47 132
39 57
30 252
20 27
23 70
16 221
17 270
50 101
41 107
43 26
26 86
27 34

11 85
32 16
24 40
42 263
23 181
35 203
30 56
36 225
32 126
15 149
25 203
37 38

28 235
23 275
25 259
40 230
14 164
45 55
48 60
14 137
16 97
19 94
21 198
20 27
41 253
47 205
49 74
39 84
47 161
34 290
31 275
21 98
33 278
41 250
25 151
31 53
26 95
46 292
11 152
15 115
32 207

13 128
28 112
50 73
15 76
27 271
20 211
19 102
34 146
24 254
47 148
28 184
38 276
40 236
45 33

18 87
11 286
48 184
21 34
24 285
20 210
44 275
11 61
49 248
41 82
34 40
40 58
48 147
28 70
42 90
37 187
28 286
33 257
27 238

21 139
37 288
17 196
23 67
39 127
18 57
29 221
11 49
40 235
35 172
43 281
45 109
32 38
32 101
38 178
11 116
42 162
49 91
32 72
12 115
19 198
18 153

10 75
28 243
23 24
45 267
40 273
23 68
31 55
17 108
17 158
46 240
37 105

10 75
13 169
43 106
23 102
25 271
39 86
27 293
27 141
16 300
42 40
19 92

18 268
37 175
37 11
12 291
11 170
46 264
44 214
43 232
18 46
18 29
32 197
34 174
30 27
45 104
43 265
10 123
45 219
24 127
23 122

20 140
36 75
35 16
20 22
26 160
25 211
27 224
36 257
26 234
48 223
48 90
39 122
11 85
49 79
46 279
35 110
42 292
28 146
28 12
16 104
37 71

28 50
33 267
13 66
46 171
37 199
40 51
34 223
44 119
32 69
17 86
46 114
25 25
11 165
48 18
41 52
23 80
16 167
35 97
18 52
47 29
30 199
43 101
35 271
24 277
26 217
35 287
11 300
50 132
37 218

27 143
38 219
36 33
17 88
19 15
19 28
15 58
34 105
40 18
41 139
30 292
20 258
10 121
22 109
27 211
27 158
47 295
28 94
16 258
21 226
20 227
12 66
25 127
16 127
32 76
18 275
24 214
47 90

