57

26 66
16 141
33 180
38 61
40 64
39 243
22 44
31 71
17 45
16 192
42 89
46 132
14 225
29 190
41 183
38 98
34 194
38 112
20 128
24 272
12 195
15 65
28 114
24 130
16 282
19 186
20 290

14 23
22 116
19 188
49 103
42 277
32 266
10 212
37 31
14 194
30 61
41 118
10 174
24 291
31 49
31 65

26 198
47 262
18 98
48 170
48 229
36 242
24 35
41 186
38 129
36 290
42 57
42 53
42 238
48 288
17 57
23 208
30 250
49 194
31 196
27 75
33 178
47 197
14 236
10 208
29 87
45 94
42 250

28 29
33 194
47 266
49 131
26 143
19 157
44 118
26 159
46 29
33 273
50 19
45 248
40 19
13 162
37 56
16 33
25 290
21 118
44 46
13 139
19 28
24 93
47 291
40 243
42 248
43 227
29 80
33 103
39 112

26 198
10 30
30 297
48 195
17 65
11 300
15 130
18 66
34 254
11 19
11 159
19 145
47 53
28 66
31 123
39 121
28 277
28 24
17 31
29 33
23 187
37 89
21 161
49 21
45 175
25 149
48 177

21 74
47 105
31 188
38 209
42 49
17 201
27 118
13 217
47 281
13 148
10 146
26 175
29 215
20 160
34 244
39 141
13 225
41 100
17 220
31 129
46 164
29 275

13 205
33 163
32 291
35 162
23 214
32 221
46 104
25 59
43 183
21 112
19 15
11 246
33 249
39 143

15 229
46 61
34 162
34 287
36 85
24 106
13 12
29 241
13 179
22 105
12 157
44 293
19 111
50 189
16 61
26 161

23 231
12 85
24 167
22 249
41 290
41 78
32 274
18 66
12 126
25 131
42 16
37 40
16 88
22 27
38 272
39 81
25 57
44 220
31 180
34 231
47 42
18 204
40 165
36 166

27 179
37 37
22 268
32 91
11 216
14 14
19 62
42 128
31 292
45 207
22 15
32 242
42 181
42 293
17 261
10 153
28 167
42 133
24 227
31 212
12 144
30 72
49 172
33 299
27 44
33 145
45 213
10 98

10 178
50 135
32 41
47 40
28 201
30 78
13 260
33 35
23 156
19 233
23 137

10 168
17 20
17 99
35 190
17 261
21 214
49 44
23 228
34 204
44 19
29 202

22 19
24 196
10 255
48 164
46 125
24 251
14 55
43 243
11 150
50 293
36 152
46 278
46 120
25 89
50 136
24 63
22 282
37 225
27 82
34 146
41 120
18 239
22 168

10 263
34 98
11 212
16 157
23 132
44 22
40 265
14 151
40 141
44 153
44 58

21 203
45 181
22 268
17 28
35 259
43 251
40 37
20 134
44 274
47 89
39 167
37 103
40 166
37 261
49 56
21 178
38 184
44 212
18 233
50 210
12 207
47 272

13 55
43 114
18 37
30 61
10 163
15 136
12 210
46 22
27 257
25 28
18 183
21 111
14 56
39 279

18 39
17 290
17 39
35 151
17 130
49 297
10 123
46 198
41 122
29 167
18 288
11 20
15 14
21 58
13 299
39 268
14 101
34 262
25 26

29 251
31 77
39 193
31 33
10 90
10 16
13 59
15 244
36 181
30 41
45 218
13 219
26 88
43 13
17 269
34 140
36 97
47 205
43 48
17 41
20 72
10 208
40 71
30 32
32 62
16 176
29 140
41 182
17 141
43 65

21 224
44 25
43 279
28 121
25 272
32 104
19 283
11 221
48 200
46 120
36 106
31 146
35 84
48 157
23 198
39 196
10 146
23 83
31 294
32 219
48 151
10 199

25 250
17 173
19 176
30 55
44 256
18 21
15 200
30 26
47 41
43 141
50 61
41 107
46 158
33 56
43 108
43 220
47 108
38 49
18 265
43 118
13 11
50 185
19 176
21 102
40 71
10 164

21 186
19 65
11 172
19 89
17 275
25 248
10 202
12 289
21 152
44 191
41 148
48 28
16 61
31 260
34 21
13 275
13 133
21 61
46 95
18 113
49 296
36 161

12 128
19 28
19 300
46 26
32 178
38 210
44 206
38 210
46 202
32 275
35 221
12 95
45 33

21 157
14 241
25 258
15 105
13 56
11 24
31 42
14 54
22 126
24 295
14 185
41 212
33 251
30 27
23 154
32 106
45 274
16 288
39 85
46 243
18 44
12 196

16 50
25 210
42 60
17 11
36 284
16 41
11 251
16 122
12 194
14 154
34 57
19 144
41 179
30 286
20 150
39 214
15 199

14 251
18 59
12 88
28 249
18 250
17 11
22 283
29 169
14 91
29 33
27 254
29 78
32 79
34 64
30 135

26 30
42 135
36 217
50 219
23 16
29 251
30 93
25 63
28 127
12 267
18 63
13 69
33 100
36 222
43 227
42 96
39 70
33 157
26 274
32 47
12 196
25 103
29 243
23 22
22 40
29 68
36 284

27 152
48 93
41 189
45 57
38 43
35 85
14 148
28 241
18 34
42 278
16 254
31 285
33 95
17 54
38 131
43 85
49 13
27 177
42 172
38 71
22 253
44 19
35 140
23 179
26 72
37 109
41 271
24 262

18 211
43 97
43 244
32 124
39 30
15 157
45 38
27 252
24 234
10 135
36 292
16 214
33 228
46 237
13 99
33 196
41 238
12 245
11 80

18 28
37 57
21 256
42 196
46 72
48 168
30 293
23 73
37 257
22 104
49 256
31 155
43 262
34 178
22 237
15 212
28 33
28 114
49 291

19 214
36 118
19 148
35 286
34 265
37 187
38 230
46 71
10 216
19 195
26 261
27 43
35 264
49 176
12 250
43 238
17 81
39 34
31 69
42 244

23 171
48 39
46 171
22 39
50 228
21 35
46 11
11 110
22 90
23 200
34 286
14 257
42 261
45 212
12 139
45 26
16 239
27 92
26 74
42 180
32 50
46 153
31 200
48 90

26 13
41 236
26 275
35 45
39 244
40 85
47 218
42 131
23 113
27 216
17 28
33 262
41 293
19 128
25 22
23 45
16 286
10 204
21 87
39 289
29 89
15 206
21 70
46 273
35 279
15 196
24 147

30 205
16 120
31 248
36 206
11 190
42 26
28 163
12 155
47 118
48 24
49 133
26 10
32 23
35 54
50 206
45 214
23 232
12 78
32 120
23 46
30 291
20 123
18 111
21 258
35 61
50 214
23 221
12 291
29 148
14 151
33 106

12 26
44 58
30 114
14 137
20 96
40 195
26 256
40 125
23 184
40 153
21 215
20 226
47 130

13 48
15 221
14 36
36 224
46 116
29 110
31 262
26 280
30 68
10 274
15 154
23 72
18 227
21 197

29 288
46 69
13 95
45 208
23 176
20 12
16 178
13 163
24 46
26 46
45 181
10 142
27 15
14 220
11 91
34 219
28 90
38 193
48 181
32 20
36 174
11 170
42 139
23 230
33 25
14 256
20 32
27 254
46 54
36 246

11 196
28 219
19 31
16 56
25 71
47 60
24 11
31 262
45 142
19 52
38 225
49 52

23 187
15 242
48 90
21 117
44 97
12 194
14 159
22 215
23 240
12 170
42 268
18 149
20 240
48 46
19 231
36 267
40 77
13 42
37 174
44 159
49 232
19 245
23 102
33 117

10 74
31 247
14 294
23 71
40 141
20 188
42 224
27 180
30 166
12 242
31 189

18 99
25 18
27 273
46 128
21 235
38 105
42 174
30 255
27 102
47 206
17 132
10 146
29 35
50 258
39 291
34 190
16 85
36 215
40 32

25 101
31 173
30 24
49 36
14 230
43 103
16 54
36 294
32 47
42 246
30 23
26 172
35 270
30 113
32 136
37 37
29 141
25 225
46 263
42 282
26 56
35 41
50 238
25 26
19 11
41 204

14 158
18 112
23 81
23 61
16 219
47 236
40 233
24 181
16 264
10 121
27 300
26 98
32 267
19 236
22 127

26 14
33 21
13 264
49 178
30 81
11 173
44 175
15 95
13 140
21 242
38 143
26 261
24 140
35 171
26 84
37 216
44 191
21 97
30 252
18 161
50 93
30 147
16 260
37 252
46 97
41 133
18 172

28 102
27 66
29 228
42 155
43 197
40 87
49 258
48 282
21 176
30 22
33 94
26 56
14 178
26 77
50 222
18 246
41 214
45 291
28 73
41 118
48 121
19 128
45 141
13 116
33 219
42 98
13 70
18 95
38 67

18 96
48 84
50 169
30 237
17 157
13 241
43 193
37 190
31 143
50 198
42 260
47 110
23 101
21 224
39 99
26 238
29 248
22 80
23 144

12 177
13 259
50 94
40 72
37 82
43 235
48 65
50 235
30 47
21 42
45 41
22 121
28 188

17 213
40 134
28 109
45 39
36 57
38 71
44 62
25 245
37 231
30 225
48 44
31 262
47 241
37 92
34 203
19 56
16 148
22 218

20 119
18 42
29 29
26 274
44 232
28 151
12 286
14 127
20 251
22 263
29 180
24 40
49 72
42 137
29 12
11 192
24 208
34 56
33 133
28 238
20 277

21 27
42 30
47 189
19 207
18 25
23 91
45 41
25 245
21 248
25 71
43 299
18 95
16 53
49 26
42 223
48 275
48 195
30 28
48 101
11 289
41 188
47 243

17 172
47 206
39 142
40 209
35 105
22 191
28 283
31 133
28 47
48 190
46 279
47 211
11 64
38 62
50 128
26 103
20 290
38 264

16 17
44 42
29 37
31 173
10 261
38 18
41 85
38 256
20 87
38 153
16 229
48 251
25 78
12 42
22 134
26 169
29 24

23 193
11 138
43 10
31 279
44 213
20 181
48 105
20 214
24 288
27 201
26 113
13 202
24 281
33 229
23 157
21 145
48 292
37 169
18 164
36 261
22 40
37 198
16 217
28 135

17 27
42 286
12 173
29 118
15 290
29 106
30 184
50 125
11 117
25 139
15 239
44 94
14 112
23 191
48 234
44 266
49 107
41 277

29 174
34 125
23 266
38 300
29 214
33 282
40 298
13 61
14 91
33 52
47 184
16 192
47 97
27 149
44 44
17 274
38 191
26 240
33 180
46 286
38 285
46 99
26 264
29 218
48 205
30 62
48 99
42 282
38 124
38 138

23 10
46 215
23 53
43 258
42 221
42 39
35 69
47 280
15 105
23 53
11 273
10 90
47 156
13 189
37 200
33 29
47 121
22 159
39 78
17 19
35 101
10 265
42 110
20 95

18 151
37 250
13 120
16 79
26 113
27 249
29 41
40 230
48 80
48 157
33 289
34 71
50 56
41 66
36 70
30 283
21 133
50 26
23 292

27 295
43 232
42 97
15 252
24 160
37 45
29 211
29 157
10 30
14 239
12 99
49 182
50 256
27 59
25 259
38 69
19 147
50 90
36 272
25 146
17 23
33 16
17 81
18 195
23 287
27 41
45 189
28 253

