72

30 92
26 240
28 266
36 291
27 204
29 69
34 271
36 61
14 159
39 215
19 118
26 300
15 206
36 52
48 278
48 209
41 148
25 151
40 36
43 111
37 58
17 163
27 67
35 223
26 113
28 106
12 199
19 41
43 125
20 79
10 130

29 260
40 245
29 77
23 196
46 296
27 267
23 19
25 134
42 53
42 112
50 64
30 35
10 91
35 191
16 235
21 245
44 131
48 74
10 115
19 218
36 71
34 211
43 82
27 230
33 20
48 141
48 201
45 19
44 215
12 279

25 15
14 105
27 103
49 121
13 261
33 71
27 157
31 264
40 202
40 64
50 190
33 142
19 210
17 74
50 290
39 87
31 201
41 113
15 70
40 60
12 48
37 125
49 290
50 182
12 64
12 225

14 147
13 196
34 220
29 98
13 184
22 220
34 213
43 170
13 273
17 285
20 113
25 233
39 265
42 190
17 62

28 258
36 210
42 38
11 144
46 271
27 128
11 163
39 296
32 65
11 228
35 112
25 268
41 218
30 256
20 21
48 150
40 84
41 10
16 160
17 123
17 47
19 251
42 21
41 76
37 139
27 116
29 159
50 50
34 232

20 50
15 62
16 110
21 237
13 259
47 81
19 260
50 228
18 140
22 195
22 92
10 169
45 258
40 140
12 283
33 95
23 295
24 133
27 233
37 186
36 26

11 73
32 151
20 167
25 99
30 149
39 105
47 122
13 21
31 155
38 52
15 77
36 233

27 54
11 153
46 290
42 107
38 117
35 83
23 100
11 159
37 116
19 81
23 35
42 282
34 35
11 288
31 48
36 166
28 93
39 81
26 141
23 210
38 206
21 226
43 210
42 23
32 191
10 121
18 63
37 51

16 45
25 127
15 241
33 44
39 186
32 215
35 232
31 192
10 110
41 132
42 282
30 207
32 157
50 101
45 155
36 253
31 75

22 175
30 163
30 205
17 206
18 28
13 239
27 43
32 207
50 290
12 168
20 241
45 290
21 38
33 298
40 48
28 263
40 79
39 158
49 225
38 206
47 80
40 14
29 88

12 288
22 133
46 54
33 77
25 104
29 289
35 242
41 227
11 168
42 97
47 143
29 143
22 26

26 167
43 36
25 241
37 35
37 45
16 115
28 272
35 213
24 281
14 283
47 248
23 173
19 280
45 207
10 190
20 182
17 105
45 221
47 292
38 125
43 112
18 133
20 290
35 114
46 144
33 29
23 127

19 185
21 285
32 54
39 80
40 100
26 276
35 187
50 225
27 71
35 36
38 127
22 252
22 187
47 97
12 65
46 206
16 65
41 277
15 87
48 202

27 93
24 214
44 147
24 218
33 210
17 170
39 238
16 110
38 271
10 245
18 261
10 80
12 23
23 137
27 87
39 72
49 271
45 299
26 12
50 161
26 283
22 290
33 194
32 65
11 83
27 100
42 203
44 72

15 43
46 123
10 136
44 31
33 85
40 56
33 45
39 21
21 80
26 275
10 293
20 243
22 59
48 225
13 86
48 137

22 159
48 136
25 129
20 176
49 153
29 184
38 241
11 47
41 259
24 240
36 89
21 29
10 44
20 277
28 42
49 18
18 140
34 82
37 16
12 96
19 85
45 195
29 190

10 221
18 189
23 76
20 272
47 270
13 36
25 45
19 167
29 65
37 140
11 126

16 264
19 192
25 145
21 297
20 238
31 11
44 85
38 30
24 288
32 167
20 19
33 258
11 104
33 252
34 117
35 105
34 208

16 183
47 293
39 284
40 168
27 90
12 185
42 84
36 261
43 141
35 177
27 108
30 221
32 36
31 105
25 100
18 203
29 122

21 277
42 208
25 237
36 223
12 95
45 266
28 75
43 179
11 180
21 103
13 207
46 198
28 295
14 158
35 78
36 105
34 76
49 49
42 130
36 147
39 115
32 131

11 284
29 175
33 116
26 191
50 130
38 227
22 166
48 273
46 103
24 70
11 176
27 169

27 255
23 278
10 229
50 64
48 263
13 44
29 223
11 157
12 87
15 163
38 162
42 29
39 225
11 236
35 17
45 290
44 34
11 288
44 263
12 60
29 247
15 93
35 224
13 224
33 109
18 291
29 56
45 139

12 246
36 124
10 62
47 251
45 279
19 172
43 94
11 226
17 92
45 98
16 236
21 150
29 161

15 223
25 219
50 31
33 178
25 214
28 29
40 258
19 56
45 123
35 245
14 260
48 147
28 207
30 291
13 28
34 242

25 140
29 234
43 298
41 278
24 139
43 150
44 107
39 296
38 15
24 85
21 209
23 75
28 55
10 114
30 51
40 183
40 75
18 217
28 87
31 299
46 107
48 223
15 96
35 63
35 177
10 245

11 108
28 142
44 95
11 79
13 176
10 179
21 251
19 251
28 229
29 48
10 276
27 215

24 96
21 107
46 49
50 225
48 93
40 119
26 159
40 57
50 285
41 13
15 79
30 251
48 186
21 102
46 82
41 151
34 104
50 160
19 133
47 64
12 248
45 164
12 232
47 95
25 125

20 224
15 36
21 208
42 168
41 245
24 20
23 267
19 136
20 260
11 86
29 204
30 290
27 219
23 293
43 14
14 46
24 171
19 213
32 73
25 152
19 16

29 264
42 28
20 134
10 125
27 164
44 274
11 258
37 55
40 66
14 208
18 227
43 95
23 284
19 165
47 226
33 272
50 135
39 105
36 67
17 236
38 172
43 37
24 120
31 189
16 248
47 253
46 92
36 147
22 220
28 206

21 87
30 152
40 216
19 198
41 145
29 171
44 289
45 130
46 203
33 293
48 233
36 221
39 279
18 272
34 134
40 188
16 161
27 206
26 153
37 299
39 244
43 242

15 190
40 68
31 167
24 276
25 194
25 189
10 128
27 254
25 23
23 58
19 298
34 134
45 191
39 280
44 195
21 69

16 168
42 168
39 203
40 205
24 241
18 281
31 52
15 219
12 23
43 229
40 215
34 69
46 264
24 25
36 202
37 297
27 83

22 213
41 95
43 196
33 33
13 294
44 292
16 109
13 206
19 222
20 243
27 152
15 61
25 262
11 206
32 221
37 65
45 216
13 187
40 28
37 79
38 71
37 82
48 111

22 79
35 153
11 35
11 99
23 151
38 297
12 226
45 103
42 191
12 132
21 74
15 286
25 41
37 31
14 232
41 241
25 272
15 206
38 263
42 177
35 19
37 231
32 265

24 200
38 296
21 138
17 21
50 133
41 225
21 270
41 149
11 55
11 77
48 15
45 60
48 231
32 168
33 76
37 236
28 111
37 48
43 124
32 27
19 131
24 47
24 216
29 286
25 253

28 12
16 120
15 103
29 60
19 238
49 295
42 246
13 87
12 157
11 248
35 21
48 139
43 106
42 281
37 221
34 83
25 148
29 179
34 270
33 147
16 134
36 219
11 204
41 56
18 205
37 211
20 297
13 185
22 86

19 173
50 242
40 291
10 171
23 139
22 40
48 230
28 162
20 209
37 37
11 272
18 13
27 198
21 296
35 180
49 170
32 160
45 281
25 249
10 263

17 169
15 186
29 42
21 284
13 20
10 46
35 92
50 62
18 228
12 226
21 231
48 87
25 252
34 260
16 143
15 10
22 186
19 276

28 274
29 98
50 296
45 132
35 87
39 246
50 115
38 130
32 77
39 194
18 234
16 253
18 163
20 162
41 47
26 173
48 68
28 289
17 257
34 232
11 93
43 202
14 222
36 33
42 78
49 155
39 105
32 243
15 295

24 84
21 147
44 261
36 80
49 111
19 84
30 269
43 245
44 53
31 245
31 237
49 151
46 134
36 224
20 225
48 149
33 260
42 208
12 35
17 230
43 225
46 113
38 65
23 65
33 88

30 110
18 85
23 109
23 242
23 204
19 35
23 235
29 288
43 92
46 250
26 237
26 17
37 24
23 72
11 82
48 272
25 200
43 299
22 150
30 169
48 55
48 61
22 159
20 282
36 232
43 13
28 216
46 223
41 98
32 114
26 100

24 64
36 121
27 67
28 197
27 29
31 42
24 57
29 146
27 158
10 119
18 250
46 296
45 21
29 218
31 219
32 284
13 150
15 99
13 159
19 129
49 254
16 79
17 108
32 84
45 143

26 79
49 139
10 196
15 88
45 201
44 196
35 97
19 156
28 271
43 238
19 272
19 60
23 282
42 99
34 162
41 225
11 43
48 269
14 52
26 259
50 225
21 294
27 50
33 38
40 258
40 101
49 263

29 161
25 295
47 300
19 235
15 31
46 199
22 66
40 38
13 134
41 26
45 109
27 99
14 48
46 189
35 281
27 206
47 280
49 41
26 54
49 80
19 189
29 172
44 90
48 58
17 255
48 17
34 250
23 67
48 91
27 60

26 186
39 35
35 277
33 196
21 135
44 45
34 21
44 141
38 167
37 87
12 266
49 186
29 30
11 13
45 144
46 92
43 11
29 242
12 55
21 37
35 264
38 102
41 241
14 172
10 144
19 205
10 235

29 32
32 23
25 69
50 185
27 159
32 188
16 67
17 104
43 287
40 119
20 177
33 17
48 161
25 219
11 89
33 31
20 63
13 194
12 228
39 159
45 138
43 51
25 177
21 254
25 140
50 237
29 251
15 167
37 115
18 197

11 268
45 231
26 180
48 287
22 284
30 124
42 190
21 295
33 249
35 137
24 249
25 113

28 83
35 21
25 12
12 292
48 216
27 168
38 87
34 169
46 249
18 266
47 94
25 68
25 218
16 122
19 270
45 48
47 292
21 49
33 97
42 45
31 280
35 204
39 244
15 292
31 214
16 219
36 88
26 266
15 142

29 155
47 154
41 181
48 273
47 281
48 279
39 63
26 90
41 44
46 56
35 36
13 58
32 227
21 78
24 182
39 247
37 240
22 37
35 76
29 204
45 62
30 27
12 262
43 113
47 67
36 21
42 97
47 223
43 153
48 129

21 73
13 263
38 73
37 131
24 193
41 46
38 97
33 208
50 85
31 237
11 48
12 226
47 189
30 188
25 173
49 72
31 210
22 265
37 13
34 237
10 94
19 103

19 88
45 22
34 71
20 250
43 31
39 248
13 150
13 186
14 275
27 282
11 125
41 41
27 123
31 52
21 139
14 105
17 212
22 19
42 203
24 265

26 137
19 212
50 209
36 78
31 173
22 280
24 119
41 45
14 271
22 96
35 159
27 281
32 144
30 240
12 263
32 158
35 24
36 62
27 131
49 200
31 277
15 284
19 232
41 267
13 187
44 201
18 21

10 118
27 199
39 133
38 193
46 171
26 219
17 115
19 290
34 291
46 73
19 129

20 214
36 232
27 257
23 213
29 210
31 282
40 177
26 291
37 149
23 36
25 284
44 51
10 253
18 282
44 267
48 231
29 131
23 97
46 78
12 291
14 165

14 44
31 264
29 263
31 32
30 195
26 72
44 29
37 56
46 49
41 119
48 232
39 117
14 171
16 52
39 67

12 227
30 145
46 28
43 97
26 219
24 264
33 155
50 20
44 179
48 85
50 98
26 285
15 172

23 116
30 47
46 164
15 114
29 78
41 43
38 215
40 233
37 71
22 276
18 212
30 199
10 142
23 143
35 206
42 40
35 100
43 109
46 31
38 225
30 251
10 272
42 261
42 175

10 158
50 68
37 132
41 163
11 106
40 296
42 203
25 63
32 257
30 121
29 124

15 193
43 172
42 199
22 297
24 291
30 24
22 18
37 236
46 250
43 68
31 103
21 93
22 77
26 191
41 149
17 57

18 177
22 218
48 192
19 93
47 74
49 245
49 246
18 29
13 185
44 239
49 223
44 253
10 269
16 163
28 145
46 182
13 20
48 204
12 151

14 51
21 187
45 162
31 44
45 159
35 142
48 132
30 126
48 205
15 13
26 72
16 276
40 204
31 22
28 290

25 56
49 166
14 158
39 130
10 171
45 255
11 118
30 189
39 138
17 198
43 239
43 285
32 204
24 87
27 253
50 46
49 150
44 87
40 115
32 12
15 239
28 236
49 129
11 179
48 204
11 67

11 50
18 52
38 48
17 162
42 193
26 201
14 21
30 174
42 165
46 154
35 172
19 186

15 149
43 93
31 297
10 242
44 154
24 88
41 66
29 175
20 98
49 278
36 265
17 130
44 180
14 131
38 158
19 269

13 248
24 148
31 296
30 281
13 33
46 107
42 234
28 204
18 124
32 165
34 42
10 193
11 59
26 66

26 189
18 76
10 154
40 222
23 181
39 159
28 293
13 230
23 198
10 37
47 256
43 270
15 64
41 180
17 55
33 238
21 197
39 177
25 116
46 155
50 127
48 275
20 31
47 171
43 287
12 298
19 241

20 107
34 178
20 51
46 205
30 15
40 282
28 105
31 128
30 25
28 228
14 233
17 70
21 160
42 26
18 253
46 92
49 162
48 223
32 97
12 202
12 198

23 169
48 237
18 164
30 252
14 294
14 80
41 194
45 229
44 65
23 224
16 207
12 131
27 256
39 101
12 288
49 117
50 150
46 177
11 189
30 283
32 118
27 48
21 265
31 236

18 171
24 281
18 132
45 62
12 50
25 198
11 192
11 247
43 135
41 12
31 190
41 110
44 279
34 241
25 137
16 63
37 30
18 152
48 267

22 54
37 150
48 125
14 154
23 47
50 90
47 50
34 299
12 240
22 166
39 37
19 104
17 63
11 120
39 53
16 96
49 31
37 114
30 234
39 107
34 221
23 166
21 101

29 268
31 265
15 110
27 76
37 125
12 82
14 102
35 103
46 31
13 49
42 71
16 226
26 227
24 197
26 31
18 248
26 74
19 252
25 29
34 224
39 87
43 212
23 115
34 54
47 145
41 104
29 56
10 111
49 264
25 145

18 47
35 48
40 263
32 234
10 139
22 118
28 184
17 73
16 76
50 82
42 135
16 102
35 13
18 83
17 101
26 234
18 76
36 131
18 206

