92

28 287
34 31
28 179
17 40
38 37
37 60
33 93
34 40
20 298
15 110
38 110
42 177
32 138
38 295
47 277
38 208
48 97
30 124
34 225
44 86
18 288
12 189
37 149
41 160
47 275
36 147
11 103
13 169
46 168

24 69
18 171
30 45
45 243
40 117
20 279
15 71
10 116
49 207
39 155
17 126
36 290
16 120
14 72
16 41
25 145
39 61
35 109
22 131
23 296
21 246
35 76
16 156
19 213
21 243

22 232
17 157
28 71
28 125
49 23
34 83
29 153
47 176
28 245
28 37
20 115
45 34
17 48
37 176
41 235
20 140
30 47
49 266
44 36
15 281
17 136
26 198
40 258

15 26
40 86
34 268
23 215
24 188
22 285
31 69
14 144
23 291
19 95
40 217
38 271
23 127
14 74
50 224
26 204

14 165
37 188
23 47
14 55
34 156
21 44
38 245
42 115
11 200
33 56
10 209
24 63
48 221
37 298
32 268

18 157
18 156
29 122
22 268
14 207
40 21
32 189
25 205
29 122
23 218
47 130
47 78
26 178
49 126
48 79
47 224
26 127
17 130
26 113

19 145
31 134
31 26
30 78
15 247
18 13
32 47
15 158
22 108
45 215
25 223
37 151
15 260
12 284
43 21
48 188
23 65
30 77
43 265
10 285

30 126
30 207
40 89
45 157
40 249
46 253
43 144
40 250
22 99
48 157
39 244
50 228
10 289
45 206
34 120
47 293
28 296
32 62
11 27
19 215
39 274
46 294
32 143
13 263
36 170
41 46
45 115
21 65
30 83
31 10
39 108

13 69
38 246
41 242
39 174
21 86
42 51
25 13
34 162
29 57
47 293
27 100
12 121
26 19
33 252

19 133
21 86
44 212
14 174
15 191
35 58
13 99
46 86
20 140
20 81
36 184
34 95
34 98
21 268
46 20
45 269
23 120
35 279
11 61
28 46

28 276
13 32
19 281
41 299
32 245
24 287
47 186
38 112
42 61
15 264
27 139
32 53
41 193
12 263
14 160
46 83
10 200
47 114
42 37
20 177
23 253
17 197
41 74
40 33
10 24
17 46
26 49
48 211
18 106

30 153
38 48
30 211
36 221
27 33
32 47
24 266
41 183
25 130
37 256
20 134
30 15
19 247
44 294
35 43
37 200
47 267
37 116
25 161
21 218
12 43
20 40
46 256
45 122
22 268
30 208
40 162
16 24
36 116
42 190
10 224

25 181
31 161
49 104
42 222
31 111
11 197
33 38
28 232
21 259
22 192
45 225
10 38
44 182
29 177
22 272
38 253
37 150
16 284
13 31
23 59
35 106
24 173
13 150
10 223
10 105
11 161

12 209
41 95
35 242
16 212
24 254
20 127
46 19
21 289
13 132
35 264
22 195
16 138
27 214

22 299
32 38
42 106
45 286
10 17
30 266
19 295
12 49
42 49
28 11
48 25
41 202
40 53
45 30
42 48
46 67
13 21
36 245
16 92
27 272
50 48
13 179
20 134

20 286
28 271
26 82
31 34
39 234
46 266
41 236
28 87
16 151
23 204
37 172
26 219
10 280
10 144
21 175
18 75
24 213
25 23
23 274
35 269
38 100

26 92
39 245
49 169
29 285
46 218
22 268
48 265
27 29
50 65
19 42
47 80
46 203
45 297
33 209
33 248
18 130
50 204
23 128
31 122
42 21
41 15
49 197
28 42
28 51
12 244
32 159
13 35

10 222
15 71
26 51
37 45
26 120
14 134
16 215
21 99
19 211
22 279
38 20

18 14
27 85
10 161
31 292
32 227
21 125
15 161
40 278
30 81
14 181
50 75
50 131
36 178
24 291
28 183
24 52
21 289
32 294
14 26

20 70
23 286
34 58
28 224
30 158
32 90
14 261
29 247
50 66
42 43
17 87
36 118
19 172
31 190
31 244
12 88
38 272
13 97
19 12
11 288
37 292

28 163
46 199
43 73
43 72
11 44
21 97
21 174
34 88
42 215
27 137
39 289
17 181
39 46
49 201
50 102
24 193
37 191
50 289
17 263
12 26
28 155
30 146
18 165
17 295
26 34
43 52
36 134
19 103
39 271

13 11
15 179
11 37
20 139
38 296
32 178
43 285
47 232
43 42
33 295
13 235
49 259
50 15
38 134

13 108
10 201
31 32
43 283
17 191
39 299
38 278
11 266
38 18
30 87
36 242
30 61
13 130
15 63

16 79
27 254
44 147
42 52
32 191
18 35
38 88
32 71
46 78
17 92
37 39
45 253
49 224
35 194
23 59
27 127
21 98

24 96
35 182
49 251
19 121
19 204
19 129
35 226
21 266
38 173
27 236
29 211
34 168
38 234
39 161
45 237
46 247
15 204
36 270
15 238
10 165
27 208
37 153
11 15
24 25
24 237

13 74
16 37
33 116
38 26
36 127
24 20
40 205
16 138
46 27
37 81
10 172
21 243
49 29
36 17

29 63
39 233
24 298
48 215
14 105
49 56
48 11
16 191
22 203
26 50
12 222
27 205
35 31
27 266
50 278
12 22
39 230
31 18
13 119
40 239
20 215
43 55
21 65
24 184
34 221
50 62
31 28
15 108
32 222
33 278

21 131
13 130
40 285
49 265
23 96
50 31
27 241
37 89
18 123
41 190
33 70
23 280
15 101
24 137
34 58
28 260
20 160
36 249
13 141
21 296
50 39
13 240

12 223
20 245
16 93
21 252
14 243
15 18
28 81
43 256
24 91
21 206
41 113
11 190
43 288

30 202
15 263
21 267
45 30
46 70
49 187
18 243
34 104
12 265
50 152
24 268
38 14
27 249
50 250
25 66
10 75
39 211
24 41
17 266
20 25
31 144
21 116
21 149
16 109
19 89
50 156
30 226
39 152
19 37
42 178
15 51

24 256
38 101
36 159
44 282
30 247
39 49
44 205
49 161
10 194
24 234
32 249
50 179
18 293
27 257
12 187
29 141
37 182
37 182
37 211
40 132
37 63
48 232
45 77
41 73
32 17

13 42
11 182
49 203
10 284
38 90
23 74
46 265
33 165
25 73
31 57
30 238
15 110
49 149
19 269

29 227
49 269
20 293
38 39
41 233
41 150
10 241
39 111
17 62
31 140
10 97
14 49
50 131
42 255
17 145
16 279
25 94
40 175
16 10
38 118
15 219
13 133
28 111
44 175
50 83
34 266
22 240
50 59
21 169
38 111

29 122
16 54
22 291
15 103
11 284
19 116
27 188
42 283
38 63
28 147
40 51
32 160
12 94
31 143
33 152
10 29
24 180
12 124
38 52
12 263
28 35
14 177
44 282
19 133
29 288
24 99
47 148
16 215
32 72
36 251

14 231
46 72
50 284
12 36
20 160
19 234
27 35
16 15
13 206
29 168
49 254
14 112
14 194
46 119
22 165

13 55
43 150
46 126
40 39
38 155
47 213
31 85
31 239
20 149
25 30
23 71
35 181
46 179
31 139

12 36
19 248
47 202
31 237
20 170
32 63
27 283
44 224
19 214
48 125
15 152
22 151
13 101

23 227
34 103
49 38
43 49
43 171
17 235
18 224
37 247
32 28
25 31
27 171
19 24
38 141
18 274
29 10
44 41
50 192
22 296
14 93
24 60
16 153
36 268
19 34
39 19

20 213
18 114
10 30
25 11
42 90
14 172
42 278
33 150
19 117
45 87
34 107
38 83
20 116
44 109
22 199
46 106
22 46
23 116
42 144
44 44
20 159

24 228
14 50
31 292
21 52
26 71
20 55
29 211
24 220
14 271
22 284
33 192
40 290
11 41
39 225
37 78
39 19
49 109
46 202
29 256
11 290
15 291
38 25
43 172
38 246
15 156

21 262
23 248
46 215
44 45
13 220
47 208
42 51
21 270
50 51
45 239
34 231
38 300
17 119
26 132
44 22
28 100
25 14
18 173
50 289
22 29
43 149
11 182

20 15
22 11
17 284
19 242
39 238
10 197
41 127
16 169
15 44
49 71
35 215
37 114
38 248
34 172
20 37
27 43
16 294
34 254
28 144
30 33
24 107

10 48
25 213
39 154
48 152
41 169
41 121
39 230
44 192
34 191
41 299
45 119

25 271
23 294
34 39
24 81
26 290
12 275
17 245
32 177
27 80
24 188
23 46
39 267
25 133
34 133
46 145
22 219
30 13
36 289
18 150
13 17
36 212
49 121
37 267
24 281
10 195
10 284

30 25
44 198
40 275
21 213
40 220
19 225
48 231
37 13
28 130
27 296
27 206
43 122
11 132
32 155
34 222
13 106
39 214
28 262
42 141
30 276
45 219
20 90
13 19
14 188
24 99
14 183
44 142
14 27
35 266
37 12
19 33

17 39
29 19
11 257
19 200
15 271
36 202
35 170
42 13
50 299
25 92
45 55
37 88
37 18
21 89
14 162
46 178
39 188
30 144

20 31
40 194
23 250
38 89
15 59
16 167
27 142
20 149
10 115
27 160
42 53
28 208
38 125
30 12
22 68
12 147
49 288
20 246
11 258
36 188
16 98

22 295
35 47
49 147
34 154
37 288
34 196
27 43
18 10
16 136
48 292
16 167
15 187
10 245
38 172
18 113
27 175
50 261
41 131
26 39
39 237
44 141
10 158
29 121

30 270
15 244
31 259
39 14
50 115
11 287
21 85
28 141
20 63
32 229
46 288
48 96
10 284
12 82
46 175
24 125
13 203
31 42
23 270
41 280
48 202
49 67
15 245
49 119
21 60
39 205
20 288
26 139
34 57
16 50
39 166

17 116
24 247
49 113
42 239
11 98
21 292
28 45
21 121
25 225
26 174
33 172
35 251
32 91
11 181
40 42
26 287
21 31
27 115

27 109
40 221
43 114
16 24
13 43
10 138
11 143
20 47
22 126
17 132
43 183
19 135
46 26
25 259
41 169
29 201
46 294
44 300
22 136
49 293
32 141
46 143
40 151
29 39
34 239
27 145
21 189
12 248

27 41
31 193
28 187
26 182
15 117
23 58
26 242
20 234
11 295
12 171
50 111
42 93
24 15
44 29
20 106
22 203
23 139
17 284
23 62
27 154
16 211
14 256
24 195
22 165
39 265
13 107
17 300
17 225

20 208
10 119
50 36
43 177
30 74
42 275
49 215
43 173
39 111
22 166
45 242
26 12
15 71
27 156
22 200
49 84
49 208
16 254
28 92
23 287
32 77

11 85
24 80
28 83
19 111
37 30
48 206
27 133
10 63
45 261
25 207
20 240
26 265

15 101
39 72
39 29
11 175
33 93
43 109
37 297
18 180
45 215
21 38
43 82
50 211
40 263
37 126
27 275
19 110

30 191
19 261
16 136
34 226
13 105
22 85
25 258
21 191
43 260
20 14
49 129
43 290
32 292
36 298
39 170
19 120
37 87
14 253
35 84
22 294
48 228
20 200
44 257
29 55
47 133
10 97
47 254
23 135
49 239
34 25
40 90

11 176
41 236
17 18
28 213
28 138
23 240
41 125
39 254
27 150
23 176
36 169
11 254

26 294
49 260
50 99
29 106
24 155
30 236
32 266
13 161
18 29
22 60
15 103
33 245
42 217
36 229
28 286
17 192
13 242
50 244
50 200
34 284
30 16
44 87
39 114
41 146
25 205
34 264
20 82

11 99
41 162
21 220
27 103
35 55
14 69
35 178
29 272
15 193
47 197
33 85
20 214

14 62
21 130
10 111
47 16
30 12
23 54
16 68
50 273
43 32
11 25
15 280
43 57
14 62
38 66
47 66

18 45
35 45
34 232
20 276
12 222
18 130
16 194
11 177
42 298
10 17
11 151
50 69
40 63
21 49
24 106
16 105
16 281
26 24
30 191

19 13
10 177
34 257
21 58
42 168
13 210
22 142
14 141
13 89
33 287
29 287
36 249
46 300
39 52
11 45
33 56
35 65
40 87
32 274
25 19

17 79
12 30
48 24
36 65
26 217
34 103
19 111
30 131
30 32
28 153
30 93
44 294
17 127
27 276
39 110
22 257
49 158
25 212

25 48
41 292
32 199
20 78
31 233
20 142
47 287
22 62
11 113
23 116
26 127
37 14
49 42
36 48
48 259
46 87
25 219
22 28
13 283
26 225
15 192
14 289
33 158
12 15
17 128
17 224

11 112
23 225
33 128
42 47
14 275
10 261
49 261
41 237
37 196
45 274
40 198
16 200

23 82
19 117
38 151
37 45
10 114
24 252
30 68
36 80
22 151
11 128
12 30
23 165
28 296
10 276
24 129
31 61
21 156
32 191
41 239
13 128
20 291
11 134
38 223
49 214

29 252
11 242
46 273
44 190
29 78
32 150
23 241
40 258
17 108
44 273
42 34
40 225
35 283
13 84
29 48
10 188
14 59
17 247
29 177
41 148
36 109
22 232
40 285
50 94
41 59
14 235
38 87
18 65
45 275
25 116

22 267
14 23
44 134
25 252
41 143
37 140
48 55
50 242
34 207
14 31
31 172
37 169
46 125
40 45
21 225
22 121
18 291
33 254
30 287
18 210
14 135
50 119
13 13

13 41
33 38
32 182
32 253
15 229
17 210
46 124
17 127
45 284
43 186
45 162
42 267
21 31
22 173

18 194
40 17
17 88
13 198
15 256
46 185
18 80
14 115
25 111
34 227
40 39
24 234
21 252
35 262
31 191
19 241
34 204
24 167
17 224

15 136
36 193
50 193
40 171
35 260
30 258
14 15
46 286
50 73
35 74
48 268
15 102
39 134
32 89
31 192
12 128

24 168
38 282
50 102
49 295
39 14
48 73
36 266
19 291
32 123
46 65
30 235
49 237
26 83
23 150
44 247
15 88
12 170
25 155
40 42
49 60
23 171
34 97
46 216
28 54
43 47

26 300
37 117
50 68
14 111
45 127
44 284
16 12
34 164
17 287
27 211
18 186
18 233
38 145
23 49
48 19
40 29
33 79
39 52
21 44
20 209
42 67
11 242
25 248
37 253
14 146
33 257
34 191

19 169
28 222
34 116
20 64
30 76
44 43
24 214
46 135
27 170
24 45
22 236
29 227
15 157
37 249
33 205
18 79
41 237
31 112
33 107
44 141

28 177
35 121
35 222
29 284
41 205
13 155
49 41
33 239
43 254
14 279
21 88
10 47
45 186
45 112
20 296
20 16
38 298
30 194
42 286
18 189
12 150
25 266
36 82
50 232
21 265
26 47
27 286
49 105
46 167

10 58
30 145
38 24
23 240
26 35
32 75
22 129
49 134
21 185
30 73
19 30

16 288
45 146
46 247
49 53
22 68
45 175
24 163
20 276
25 123
17 160
48 112
31 22
32 88
50 85
48 257
23 232
48 200

15 174
18 36
34 88
42 156
50 91
18 289
43 192
32 45
47 161
26 287
10 211
11 21
35 232
24 221
47 165
16 239

28 201
17 91
22 60
10 100
41 150
33 268
40 63
32 197
48 121
28 283
35 179
36 39
28 248
45 54
22 160
20 85
38 173
16 265
32 24
10 87
37 255
29 259
37 267
42 13
28 293
48 173
10 91
26 245
28 172

28 63
15 18
36 24
41 298
25 202
20 228
47 151
22 215
47 280
24 256
18 141
37 279
42 194
23 13
50 280
40 36
38 169
46 231
26 101
15 172
16 24
23 94
49 30
40 294
25 170
28 60
12 149
26 63
18 264

15 105
11 214
37 97
49 176
14 140
35 59
24 96
44 187
23 61
35 102
23 242
11 26
42 254
25 251
11 274
26 86

15 226
22 220
18 191
43 111
17 163
48 93
13 169
29 195
25 53
39 254
37 247
33 181
26 291
34 112
19 225
25 161

17 199
34 267
24 214
48 147
39 33
24 33
11 186
18 124
14 58
19 34
35 299
13 136
25 13
44 205
27 157
16 224
46 22
25 255

21 108
22 226
41 114
49 239
34 287
42 77
49 166
33 211
15 184
37 169
32 290
13 118
48 136
40 286
20 188
20 11
10 241
28 24
25 187
41 298
22 207
48 146

26 90
22 181
26 201
44 117
44 76
28 164
17 18
22 65
27 210
28 23
45 47
18 211
34 282
18 237
49 175
17 81
45 136
17 74
46 51
46 107
33 126
16 225
49 84
48 84
12 11
27 232
33 269

26 106
17 229
35 299
25 27
37 15
18 250
39 63
29 255
23 131
38 155
12 94
38 193
36 97
40 82
19 83
44 145
29 295
16 98
18 228
40 123
28 53
34 22
39 170
32 279
45 98
39 293
43 260

21 138
10 199
10 221
32 79
41 89
46 295
11 251
14 46
33 48
24 250
33 202
37 57
25 71
44 155
34 115
38 203
50 227
34 39
15 113
26 85
36 184
34 266

11 207
12 289
44 66
46 271
12 147
34 223
19 41
11 218
11 58
16 179
38 72
38 123

30 262
40 160
38 179
36 284
46 185
11 113
10 45
25 191
12 170
10 218
35 165
16 239
29 107
45 134
17 178
35 266
23 216
15 98
47 180
26 180
34 93
20 27
49 59
43 138
29 189
47 90
31 22
16 182
11 107
11 293
44 79

12 179
49 101
18 103
14 300
41 75
41 74
50 147
37 275
25 275
14 294
13 215
12 259
41 280

28 85
25 11
48 85
49 216
28 237
31 39
50 23
33 117
44 25
33 84
28 203
19 284
10 25
31 110
41 75
12 69
27 129
22 84
28 130
43 96
36 73
36 163
49 104
12 48
44 234
25 273
49 48
13 296
50 295

25 150
37 99
27 152
30 258
13 216
27 54
45 115
13 155
30 208
39 92
27 69
10 155
29 237
28 290
21 169
16 75
25 15
13 136
39 148
10 213
12 276
22 168
13 226
44 24
21 65
32 188

