50

12 113
38 226
28 200
26 136
48 151
25 233
47 33
22 41
49 190
33 73
46 290
20 167
41 281

10 159
32 229
30 47
28 239
44 29
13 287
31 16
13 126
26 260
33 110
32 133

20 232
34 144
25 28
18 254
10 193
25 267
34 271
12 197
44 183
21 298
43 16
40 174
26 76
34 95
44 14
47 195
11 24
16 179
45 215
25 183
15 161

15 194
50 284
16 18
28 89
13 195
13 99
40 222
22 13
22 70
49 118
39 184
37 237
22 274
27 271
36 86
39 70

10 152
36 208
27 26
35 107
50 70
24 200
49 153
40 34
10 104
31 80
49 87

22 68
40 23
19 59
41 216
39 234
39 170
38 31
27 45
11 146
21 59
10 174
23 81
42 136
38 242
35 58
38 75
43 76
43 70
46 225
32 224
11 203
42 224
27 188

15 220
43 60
33 176
39 294
34 131
25 66
38 175
45 89
18 102
33 299
50 132
47 144
13 22
48 55
23 57
17 163

15 22
31 293
13 94
49 45
48 281
14 267
23 249
24 55
33 29
14 101
14 42
21 65
38 202
20 46
41 202
24 166

19 182
33 115
33 129
11 147
32 177
42 48
20 213
44 30
19 254
23 126
36 164
50 288
22 203
14 30
40 170
49 102
50 92
26 52
11 115
21 65

30 146
44 289
38 273
41 235
10 82
10 252
43 138
38 238
30 64
29 239
35 112
38 234
13 275
37 300
16 177
30 116
29 80
32 149
40 231
35 25
17 190
40 120
21 261
49 69
19 166
24 289
38 162
41 124
31 155
41 272
41 237

26 19
27 45
19 194
37 12
13 68
35 40
30 292
22 283
21 282
20 64
29 276
27 144
34 65
12 67
34 27
43 92
10 132
28 264
10 102
20 202
22 199
22 139
36 59
35 289
29 226
42 91
45 261

11 246
31 18
15 180
47 276
48 236
36 175
36 176
47 97
31 250
30 174
26 74
19 236

12 63
22 26
43 244
29 227
40 22
10 202
30 61
24 15
14 95
16 280
23 210
32 70
35 288

11 174
37 29
48 212
40 252
37 45
12 216
20 164
42 79
15 154
30 159
26 86
36 11

23 251
24 81
10 52
13 243
42 149
25 21
38 106
12 239
38 105
31 296
42 273
25 109
18 91
21 299
28 231
33 113
32 34
16 24
16 298
36 197
49 63
10 145
21 247
34 56

25 33
13 187
43 162
18 135
50 57
40 46
11 147
23 65
50 292
27 186
50 152
23 77
40 139
47 104
11 141
38 54
37 91
46 237
18 135
50 15
48 238
32 109
13 147
31 176
18 33
26 254

11 80
31 40
43 276
24 61
45 242
35 18
28 288
32 12
18 49
10 14
30 119
35 143

23 184
15 105
12 271
43 268
47 169
16 15
28 257
16 159
10 170
33 44
10 161
17 268
27 299
13 250
23 200
20 64
12 84
38 134
46 196
23 57
11 110
49 104
31 173
33 290

13 254
15 146
30 12
11 195
42 15
30 140
30 50
16 250
34 54
12 94
33 299
20 271
46 280
35 90

22 91
33 80
21 294
47 82
10 132
14 287
46 26
49 58
26 260
32 229
36 200
35 246
31 89
48 253
13 62
41 124
47 117
34 108
33 96
40 254
36 210
42 265
45 223

23 133
46 17
30 102
22 80
25 271
30 246
24 36
13 279
33 113
49 282
23 248
14 178
43 240
17 175
26 96
20 186
47 292
22 219
49 72
38 266
20 90
32 243
37 15
20 106

19 119
23 90
20 91
16 30
20 226
10 112
39 197
31 180
42 24
19 260
18 17
46 171
45 55
49 158
33 43
47 51
24 14
50 222
48 171
47 130

22 277
37 246
50 164
23 215
24 57
41 246
26 291
23 148
15 225
42 96
22 233
47 111
46 197
12 122
20 63
46 107
40 55
10 87
29 229
50 59
32 257
33 134
39 146

12 43
41 164
20 215
31 254
29 205
50 98
23 269
11 130
22 237
23 19
31 266
35 282
48 46

22 122
46 215
33 231
42 260
11 65
22 254
14 43
30 180
31 143
20 66
39 274
26 66
41 139
47 118
16 19
15 82
15 28
23 249
17 69
48 69
18 107
27 90
42 251

21 150
50 169
15 199
24 172
32 273
45 250
26 203
45 91
14 140
33 20
10 43
30 79
48 74
15 104
48 279
38 150
23 277
44 103
50 108
50 261
14 78
20 278

10 47
26 237
32 252
13 84
20 219
21 244
25 287
31 293
12 204
30 252
11 14

15 209
34 244
42 253
14 210
28 298
31 279
36 88
23 281
43 235
44 49
31 265
20 109
44 206
39 236
45 78
39 14

25 109
40 185
36 48
48 282
40 71
35 15
44 122
45 178
25 85
48 177
37 140
32 28
22 221
26 127
44 243
19 275
50 70
18 195
49 127
46 208
13 133
11 97
12 286
39 28
19 187
22 182

21 57
29 231
17 209
14 187
46 251
39 90
25 221
19 142
27 70
21 144
17 212
12 17
39 47
48 140
34 71
38 175
44 49
15 109
20 292
41 101
44 143
36 142

24 163
18 241
38 128
29 165
21 274
32 61
10 275
44 52
33 220
12 253
24 258
14 173
40 87
46 28
43 56
38 176
48 292
50 213
25 238
28 216
46 130
47 268
49 68
39 12
39 206

21 233
13 169
46 24
14 237
16 51
36 213
19 194
23 206
41 57
15 205
40 184
23 184
43 122
21 272
15 105
38 34
27 17
35 248
29 136
46 143
41 207
22 47

25 91
19 239
16 63
19 299
48 78
42 288
48 275
15 77
46 99
32 85
43 171
29 74
49 121
26 157
44 185
24 178
18 295
47 292
27 65
29 286
19 220
24 90
20 171
49 98
10 170
36 148

21 211
21 298
40 121
36 102
34 137
17 237
34 244
38 122
29 159
40 251
16 94
12 170
49 175
34 240
43 91
45 158
37 96
50 206
49 265
21 101
33 64
19 87

23 203
26 207
20 16
50 239
27 254
29 72
31 169
21 30
31 77
28 194
39 150
45 145
28 39
45 61
13 181
28 24
15 93
50 119
43 54
30 270
20 180
18 105
22 50
18 168

11 168
13 32
24 210
37 176
17 70
13 23
21 55
30 263
35 283
40 179
12 155
34 190

19 130
50 118
50 24
43 227
36 278
21 121
35 129
20 287
46 273
32 244
41 105
31 17
32 278
49 120
28 24
32 97
22 233
25 275
38 280
19 83

18 73
22 67
25 141
23 74
24 28
39 118
18 181
34 179
42 197
10 108
42 196
24 79
19 136
28 274
12 245
16 32
21 101
37 60
48 212

28 113
18 155
45 33
43 178
10 109
32 102
28 21
48 67
44 295
20 151
21 136
44 215
22 52
34 236
42 278
25 165
27 127
11 109
37 141
23 285
31 170
25 223
19 132
30 50
47 244
32 191
21 198
16 202
37 188

16 230
39 253
38 46
35 166
38 235
17 124
34 282
17 127
27 265
50 165
35 283
40 133
24 99
33 106
20 76
30 249
18 196

30 176
23 95
44 203
28 281
17 174
19 293
43 239
37 211
21 98
38 288
25 32
25 237
39 124
24 86
38 204
10 161
47 146
31 32
12 68
24 293
34 128
25 288
40 23
17 127
41 293
20 297
27 174
44 131
42 18
16 113
47 229

23 291
20 103
31 123
43 295
26 196
30 156
11 190
19 141
13 253
41 292
49 145
16 55
48 239
13 28
12 70
25 264
28 119
13 284
35 134
16 80
38 186
30 137
38 103
28 213

21 25
28 111
18 77
32 276
28 251
41 38
40 189
11 76
10 144
25 171
25 294
39 31
25 234
40 168
13 228
30 125
10 33
25 213
42 134
13 80
27 37
18 237

24 50
26 265
26 254
42 30
14 86
40 96
11 177
22 224
26 149
16 171
33 29
29 250
47 184
39 275
16 177
28 211
36 206
43 247
47 124
32 183
25 292
47 83
10 156
40 99
44 218

23 38
10 156
40 71
39 196
28 50
33 276
45 119
43 156
44 287
37 12
15 69
19 189
17 192
48 136
21 157
17 76
28 215
36 62
38 24
37 101
39 208
33 188
27 45
29 82

23 182
43 271
38 175
18 299
13 43
29 251
47 133
29 194
35 219
45 221
37 150
35 206
29 93
15 241
22 159
45 24
30 11
48 81
49 279
45 77
11 48
27 64
46 96
29 181

25 92
14 193
22 83
50 154
41 134
48 240
23 157
43 149
16 130
31 189
39 101
48 80
17 35
29 14
35 156
16 66
48 67
28 146
18 41
17 128
40 235
11 210
45 169
27 122
11 258
45 78

29 174
32 284
27 113
25 213
20 217
45 287
34 56
44 232
24 283
22 229
49 181
39 247
18 222
14 66
42 216
17 128
40 247
21 215
35 52
31 240
48 274
32 79
25 294
39 278
20 32
37 207
21 255
31 85
17 23
44 73

10 219
32 171
17 94
18 210
45 79
27 81
32 218
48 216
26 264
25 168
31 26

30 161
27 271
22 25
45 107
41 72
28 133
18 141
24 187
30 152
14 211
49 134
46 58
16 121
36 88
18 166
49 99
18 45
36 31
17 138
49 50
42 248
34 122
30 214
42 88
37 119
26 292
14 164
40 133
17 215
28 230
15 62

