89

26 266
30 80
10 130
28 164
16 138
43 189
18 162
50 193
19 59
35 161
42 149
25 291
23 45
11 59
36 75
13 65
36 150
16 46
17 91
45 19
38 262
48 218
36 169
47 83
31 43
29 264
19 293

12 250
35 198
32 287
36 120
27 10
36 41
40 33
21 163
49 107
15 172
41 60
15 242
27 153

23 217
41 27
21 220
17 53
23 31
12 130
49 141
27 243
49 139
50 115
25 135
49 249
19 68
31 37
50 87
29 209
48 283
41 241
36 68
16 144
11 166
26 178
25 177
36 251

16 222
38 127
25 216
46 140
32 275
12 105
26 210
43 239
46 105
49 236
35 105
20 168
31 212
11 233
27 184
16 232
10 208

28 157
25 200
48 274
47 129
38 83
30 168
32 160
23 214
24 157
48 90
41 50
30 45
13 255
40 80
36 160
10 179
36 77
27 50
37 46
15 131
48 282
17 155
14 143
37 243
12 157
49 240
22 77
22 274
17 129

19 142
47 111
45 232
20 121
42 68
40 252
10 140
24 118
20 295
40 109
50 140
20 63
16 134
13 164
16 25
39 274
10 133
41 152
44 121
23 74

11 186
14 206
45 164
13 108
21 122
29 263
10 77
33 283
37 36
20 120
36 295
27 117

14 269
17 149
29 58
48 58
30 265
47 212
10 58
17 261
36 137
24 65
37 62
41 171
37 49
24 275
17 172

30 72
15 29
38 285
47 170
27 234
20 278
37 229
32 17
40 115
42 227
30 267
40 37
18 190
20 230
46 154
12 243
50 189
41 93
11 137
15 293
13 108
46 209
31 286
47 272
24 14
10 167
10 172
33 22
32 93
39 284
18 269

16 249
48 291
20 299
40 222
13 167
47 116
38 144
10 145
44 44
14 157
39 196
33 171
49 190
30 190
32 117
24 205
16 170

10 104
17 77
34 276
22 227
45 275
34 11
13 191
24 106
37 223
29 221
21 142

22 24
47 75
25 35
19 135
50 159
39 162
14 19
40 16
44 209
13 172
10 239
30 133
23 284
40 57
12 221
36 120
32 300
50 31
33 97
36 256
50 143
37 91
43 173

20 162
10 172
38 117
37 269
21 192
26 52
13 33
14 170
34 57
14 222
24 119
22 49
23 141
18 172
26 267
16 217
35 212
42 176
45 124
41 155
36 139

11 18
35 275
43 74
35 170
29 226
32 54
43 283
43 251
10 293
35 187
47 49
40 99

17 90
31 113
27 109
19 148
35 251
12 46
20 48
22 200
14 17
42 261
42 84
23 205
30 261
39 20
32 207
44 204
45 286
28 155

15 116
22 160
47 42
35 95
48 187
16 168
27 293
50 84
43 184
50 42
24 199
49 77
12 25
33 196
41 54
28 167

14 154
46 37
46 278
10 269
42 94
18 109
39 242
23 75
44 155
37 183
48 252
44 178
42 18
37 132
45 19

19 300
27 185
11 221
41 197
46 103
13 273
34 216
36 174
26 164
49 145
34 207
33 43
47 21
40 67
44 96
12 228
37 93
25 165
11 46
44 60

21 75
35 146
21 126
26 14
49 11
31 204
11 228
14 200
47 113
39 104
45 166
49 183
18 139
12 110
35 43
24 82
45 167
33 39
17 95
37 291
21 83
19 20

17 272
31 13
48 64
37 83
27 276
21 244
22 181
17 85
26 205
29 10
27 107
49 29
12 207
36 10
31 172
19 202
49 160
41 149

18 11
50 67
29 297
40 261
36 224
31 10
11 299
38 178
17 124
23 279
18 243
31 84
31 206
32 135
45 138
10 220
27 85
13 247
29 162

12 14
15 263
30 56
43 131
28 118
48 35
40 181
32 257
32 162
21 190
39 227
35 161
47 64

26 142
37 172
13 26
15 115
31 91
27 45
37 291
30 20
27 281
40 255
29 205
20 174
16 253
19 189
43 220
30 190
24 57
46 59
31 39
18 53
16 18
10 263
23 29
28 91
16 227
42 159
46 156

18 150
15 242
27 273
30 109
17 184
27 129
30 190
48 214
17 125
20 293
40 202
19 286
30 297
34 248
19 143
20 164
29 218
10 66
23 19

18 165
46 263
28 130
13 22
14 271
47 246
23 43
47 209
26 85
46 197
37 161
21 220
38 252
17 138
25 78
48 109
19 227
37 286
21 149

20 136
39 106
27 42
49 216
16 74
14 48
15 175
33 115
15 218
37 185
27 279
46 271
44 276
17 183
41 196
17 289
29 86
39 37
32 292
20 15
16 149

19 153
14 300
12 281
26 267
47 186
28 165
21 282
41 262
23 248
37 193
34 61
35 33
14 222
16 261
49 222
41 183
41 238
12 237
44 253
22 223

14 268
21 221
22 232
12 135
18 203
19 138
49 98
47 64
33 98
38 84
24 232
30 110
15 261
32 255
32 16

21 271
18 230
21 163
35 49
27 171
14 261
25 48
41 249
11 271
44 32
35 91
10 15
13 251
16 125
38 248
26 47
16 115
10 197
15 104
27 242
33 236
10 124

14 164
43 226
25 118
35 175
39 94
13 43
12 293
37 155
21 32
43 70
46 193
23 89
14 116
34 110
38 84

19 247
37 183
50 30
26 155
44 22
48 96
46 235
47 119
21 164
24 261
10 209
39 185
37 206
36 160
13 96
42 183
47 24
40 224
20 140
48 286

24 121
10 86
37 199
19 122
37 295
19 120
27 249
25 49
32 185
43 300
43 45
45 299
50 150
10 118
43 67
25 208
43 95
17 277
21 78
48 40
37 151
31 179
46 212
43 177
40 125

11 163
26 128
49 138
32 208
50 161
29 278
11 129
30 53
10 217
12 267
45 202
17 93

10 128
19 45
40 62
11 13
32 271
43 19
28 71
45 277
32 55
11 76
40 296

30 224
20 12
36 79
47 221
16 267
30 192
19 115
23 226
34 277
27 248
28 74
28 279
18 265
43 77
11 187
38 17
46 77
40 75
19 216
44 62
26 159
10 226
10 13
29 125
42 69
15 90
12 79
16 292
22 263
42 66
25 282

17 151
15 202
39 85
39 211
32 212
14 64
20 152
40 180
46 235
38 67
26 284
45 264
24 183
37 55
36 216
33 98
44 237
34 284

29 93
31 241
15 275
43 142
49 131
12 90
24 101
46 194
48 167
25 270
18 298
38 203
41 252
46 216
21 45
36 149
25 24
19 129
23 141
34 111
23 34
43 150
12 99
49 138
45 103
44 225
26 299
37 32
34 131
12 203

26 269
27 32
12 279
41 296
44 181
19 45
36 296
14 119
27 220
12 210
29 264
48 179
15 95
24 165
40 197
19 286
24 125
39 220
32 46
23 30
38 270
18 59
39 294
16 141
11 200
24 102
16 38

14 126
16 38
30 172
14 114
23 161
35 118
45 249
28 106
48 186
13 89
46 237
44 161
39 189
38 68
50 229

20 236
33 114
12 149
34 117
42 174
25 81
29 71
40 146
34 34
43 139
46 178
50 230
22 202
20 32
23 183
45 196
47 110
38 295
10 121
48 218
21 148

21 52
30 157
34 144
25 268
28 260
11 115
36 85
16 22
16 169
15 281
10 16
28 227
24 216
19 57
21 269
22 47
35 194
26 152
38 97
28 61
22 156
16 298

20 40
29 180
49 298
40 216
45 127
17 182
32 31
17 66
49 113
19 20
13 96
28 77
31 254
26 156
39 225
48 87
10 130
19 89
17 67
28 283
21 165

15 157
31 162
13 142
25 163
35 70
38 80
27 82
12 159
43 267
22 47
17 237
44 78
40 102
10 83
47 64
22 132

27 37
17 271
18 35
26 15
20 215
10 85
26 107
42 201
27 256
27 206
47 39
43 260
48 238
36 244
26 59
28 172
43 272
36 241
50 122
30 281
18 235
12 300
48 14
41 161
33 278
30 61
50 181
23 151

24 181
40 294
45 168
41 60
12 259
39 164
33 185
50 120
33 121
46 126
42 13
10 191
18 114
23 231
50 66
14 234
20 154
15 254
20 47
37 32
38 297
12 292
26 134
19 89
46 151

28 146
16 72
25 98
20 79
43 204
40 189
12 218
45 18
33 273
10 245
12 217
29 240
23 15
36 17
25 267
49 155
17 207
19 145
50 58
35 121
28 11
13 121
33 289
32 261
48 239
10 296
28 82
22 77
47 23

29 216
46 225
44 108
15 16
24 70
29 152
16 137
50 39
30 288
26 243
50 203
10 88
15 278
31 130
11 45
44 162
39 167
46 213
15 41
25 105
15 224
41 49
13 37
37 141
15 251
40 91
33 253
40 54
14 27
44 194

10 61
33 269
47 172
26 39
23 282
25 185
15 215
33 148
22 80
21 166
31 73

16 136
45 31
37 211
38 25
37 64
11 239
37 42
10 18
37 204
13 79
26 44
33 139
39 168
50 108
40 75
11 291
25 176

12 238
14 144
17 82
32 65
20 207
43 229
34 234
22 153
40 45
50 221
30 193
30 43
21 72

10 54
12 73
30 260
15 293
40 221
26 43
36 194
48 47
21 291
15 112
38 93

11 243
46 225
26 240
35 35
48 225
48 94
25 87
32 26
10 278
10 180
13 67
44 208

25 112
37 114
40 63
24 143
21 292
38 223
41 296
17 212
23 228
39 184
38 164
40 262
10 51
32 259
28 250
44 67
16 255
32 176
17 99
48 266
12 25
24 266
29 224
17 142
18 248
23 229

20 178
43 69
10 220
49 86
29 297
14 269
17 66
17 19
49 96
42 46
29 67
32 200
50 72
46 57
12 47
34 255
20 70
42 40
12 65
40 151
41 108

12 16
17 261
43 173
11 233
31 198
42 161
38 279
14 133
27 278
32 12
43 294
21 283
16 153

11 234
39 14
13 280
32 198
47 267
24 164
14 172
19 118
19 83
19 138
47 64
11 44

27 66
18 128
47 274
13 22
50 57
38 47
33 87
33 254
31 248
41 219
22 53
47 228
13 268
14 61
19 270
39 170
23 97
46 213
25 82
18 121
36 240
33 139
27 163
40 208
17 137
37 257
23 15
35 290

12 174
11 48
28 123
36 116
26 126
33 44
31 66
36 272
35 197
43 18
33 121
48 33
37 221

28 47
15 117
28 199
44 40
20 48
13 67
11 128
43 251
40 122
16 43
26 57
21 192
28 143
38 191
32 161
41 219
36 280
11 237
12 79
19 273
19 202
16 226
25 73
12 273
42 55
10 110
46 212
15 293
27 216

12 149
25 297
35 260
10 287
21 98
22 166
29 277
12 300
21 156
22 46
22 62
49 231
20 11

21 54
13 295
47 155
13 139
30 59
34 240
19 298
33 237
45 56
50 251
44 151
44 279
29 126
12 44
47 13
33 139
37 106
34 264
43 94
16 65
31 171
48 127

20 71
13 50
34 31
29 268
14 104
49 134
36 280
17 213
43 257
45 267
30 225
15 171
25 200
42 271
19 17
17 41
50 254
35 118
39 265
28 292
10 259

14 249
15 203
26 161
15 202
37 184
25 97
40 276
15 29
13 124
32 97
31 23
31 271
30 278
31 247
46 216

25 149
39 220
35 174
38 230
50 66
17 240
27 17
32 218
25 263
46 239
25 192
43 244
35 50
42 297
35 96
49 57
42 224
40 31
41 203
48 220
37 225
24 182
50 243
37 120
36 290
15 277

26 127
29 73
40 134
23 37
33 227
17 70
47 51
23 188
46 78
10 135
13 74
28 107
42 195
11 26
15 77
33 293
20 129
42 286
34 274
47 240
16 281
46 205
20 32
44 281
13 83
39 16
45 34

26 173
41 29
35 29
36 286
22 77
10 279
45 220
20 152
46 180
27 235
47 91
20 124
25 62
46 271
14 40
39 37
42 64
21 298
49 202
35 239
41 161
23 92
35 149
15 62
20 70
49 100
47 256

28 117
40 263
49 300
19 39
44 244
31 10
27 53
24 106
18 102
32 256
33 133
21 258
38 295
19 236
16 238
35 196
25 87
46 183
34 185
22 134
47 234
29 237
49 61
42 32
49 78
39 289
16 253
17 58
24 211

17 207
32 56
27 274
46 212
37 198
29 280
49 13
37 126
18 110
41 292
32 152
34 207
35 107
37 211
39 78
21 46
19 121
13 249

22 204
46 38
17 248
49 171
11 297
41 206
39 42
13 251
24 138
29 27
31 57
14 23
34 126
47 36
49 51
35 134
45 293
40 96
20 81
13 182
28 107
21 166
10 105

16 182
38 15
36 78
12 172
47 250
30 54
35 139
12 124
34 276
33 102
25 31
25 123
14 88
48 221
37 149
11 156
44 89

11 120
35 264
15 163
15 71
47 296
33 251
14 147
50 86
10 41
46 275
12 36
42 250

18 288
20 277
47 38
30 51
37 205
44 93
25 225
40 30
45 58
50 92
47 181
19 178
25 71
28 153
15 260
38 87
42 168
11 112
47 43

24 256
47 143
30 146
31 225
48 153
20 157
15 31
44 298
21 78
13 96
15 283
48 168
16 285
22 141
14 298
35 196
23 200
23 94
11 287
40 31
44 238
14 116
42 171
34 42
30 65

13 223
39 186
35 89
50 117
27 252
20 259
15 152
37 295
13 97
45 187
17 104
12 232
23 130
44 266

24 297
27 168
10 224
31 117
31 224
25 92
30 174
23 180
37 93
32 225
15 258
24 24
46 109
36 231
33 178
43 194
42 261
45 144
49 141
42 63
10 128
27 85
13 259
49 252
46 78

28 16
10 142
49 255
45 70
20 174
33 37
25 294
39 173
23 192
22 132
45 230
29 224
35 285
12 87
33 213
17 216
33 14
32 164
14 282
36 222
44 291
11 225
28 121
33 55
28 298
47 95
12 124
12 25
28 256

24 93
36 132
41 177
24 166
35 121
12 215
21 188
47 60
14 33
23 50
49 185
19 208
29 300
14 265
41 132
44 241
44 153
34 149
22 26
13 68
46 145
41 180
32 180
36 51
10 118

10 96
42 160
14 61
42 218
47 228
46 197
27 177
11 272
18 81
45 213
19 277

11 265
11 146
47 248
15 238
17 250
46 166
36 277
22 138
25 235
38 274
15 114
24 153

29 79
42 250
47 133
43 136
48 164
44 197
13 86
10 52
35 178
12 279
45 67
47 88
17 220
32 52
12 92
31 21
22 181
15 107
23 276
17 112
37 47
19 129
27 185
32 119
22 227
45 112
36 157
21 120
24 222
18 80

27 290
17 253
11 253
15 241
44 43
32 250
45 212
49 293
22 169
13 297
15 159
22 161
26 166
31 272
35 133
48 256
45 234
12 50
39 42
32 101
16 270
26 178
21 205
45 100
45 99
48 215
30 154
40 81

17 253
43 33
46 41
16 161
11 22
28 22
36 295
15 39
10 237
29 67
27 276
44 181
19 145
47 300
36 253
36 139
33 203
44 67

27 156
42 229
50 245
46 156
14 56
37 75
29 154
34 212
35 225
24 152
22 200
27 197
26 61
39 184
17 159
42 159
41 129
21 222
42 47
11 171
17 139
50 27
44 250
15 178
36 244
50 36
19 287
22 214

28 29
22 191
28 166
33 165
20 105
14 134
20 135
40 72
14 185
12 80
48 211
34 223
39 195
24 193
32 170
14 192
49 73
20 28
34 84
21 260
26 278
12 124
16 300
14 250
33 143
41 229
23 157
29 30
17 38

18 86
31 58
26 226
30 187
44 141
37 211
37 149
37 260
20 199
37 41
15 171
24 129
14 247
24 248
49 209
40 299
48 137
10 203
25 251

25 35
46 248
41 174
19 170
48 269
23 251
50 291
42 270
30 209
31 99
47 135
19 203
46 21
40 292
38 175
25 115
35 213
13 224
24 276
14 24
13 228
14 277
19 49
37 78
29 276
13 67

23 292
40 25
22 13
48 109
44 17
40 206
24 142
43 20
48 79
46 157
31 245
31 258
10 163
11 271
11 176
13 49
28 296
28 268
23 199
25 265
47 222
43 211
11 239
12 242

18 163
17 286
25 216
10 86
21 120
23 238
45 269
43 18
34 224
43 262
47 175
40 71
30 193
28 209
24 76
49 262
28 300
36 193
16 16

19 12
29 284
12 67
26 193
42 29
34 234
42 135
17 280
18 226
40 75
16 30
26 198
23 202
15 300
20 25
37 190
22 175
40 58
42 118
42 59

