50

29 11
43 106
39 36
13 26
12 111
21 288
19 277
21 115
25 172
36 100
31 74
50 220
43 65
28 141
39 38
31 237
31 63
44 201
20 295
32 85
40 175
15 172
46 191
35 221
22 233
13 57
22 91
13 295
19 24
28 281

22 274
36 151
31 36
47 164
12 148
21 199
13 290
12 17
26 277
20 173
37 163
37 155
46 209
13 15
37 293
40 150
38 53
13 264
38 27
21 144
25 205
39 184
26 208

11 288
32 216
44 81
37 38
36 173
50 230
23 218
45 105
43 129
45 68
42 224
11 177

24 296
40 61
32 174
49 293
15 271
32 119
22 159
20 152
49 111
26 152
28 152
31 260
16 219
30 75
22 298
20 120
45 288
42 19
39 167
16 94
28 53
17 182
36 160
15 168
22 164

16 204
40 12
12 170
11 139
39 266
41 187
33 198
44 46
15 39
26 97
43 233
32 219
37 153
32 50
47 164
30 262
17 230

11 145
15 151
13 187
26 111
22 176
39 77
12 196
49 30
44 229
32 91
35 198
47 32

13 160
44 151
23 34
31 75
30 230
46 95
48 169
29 154
49 52
35 277
33 164
17 266
29 141
50 139

19 228
20 244
32 71
47 88
25 32
35 82
49 262
36 113
27 235
18 14
48 289
44 74
28 65
31 122
20 49
23 89
25 102
11 76
12 273
11 103

12 153
12 272
40 290
42 92
15 78
47 84
45 54
40 79
11 77
33 127
20 148
34 294
39 247

16 24
36 40
26 52
39 68
27 147
36 277
32 292
11 85
40 162
47 245
38 63
17 92
32 191
20 169
28 120
24 71
19 261

30 259
43 11
40 199
46 124
39 118
25 293
41 100
39 287
44 253
16 72
23 242
24 192
48 219
48 191
15 271
48 186
18 103
40 212
33 38
35 153
35 269
22 75
26 159
49 241
44 28
14 287
36 225
42 241
34 55
49 89
22 134

14 120
32 24
47 143
16 246
44 265
41 268
43 103
12 144
26 228
49 250
18 224
48 241
38 211
24 171
40 95

25 197
22 208
48 20
36 206
27 152
34 62
37 167
26 273
28 75
42 163
18 294
14 135
43 229
46 229
31 178
33 236
33 226
37 207
16 13
38 84
23 177
28 61
43 199
17 294
29 82
27 297

29 282
33 219
17 133
24 28
49 165
41 225
30 254
20 60
10 146
14 262
22 58
10 251
29 199
46 212
17 282
11 247
28 82
17 237
32 81
16 48
21 201
27 243
11 26
18 226
31 195
39 92
33 161
18 75
35 21
21 183

12 133
46 51
38 14
17 125
37 114
10 23
14 125
39 123
25 61
20 218
37 241
13 44
43 91

28 45
34 155
16 66
30 299
11 179
26 156
20 157
23 152
26 51
36 80
45 65
38 264
36 268
11 127
14 244
12 77
14 191
24 36
35 183
49 261
41 24
38 197
35 47
40 147
26 26
34 73
48 291
41 293
32 267

22 82
49 287
50 53
42 207
18 184
15 204
32 18
48 62
21 106
30 46
46 149
27 68
44 162
32 77
18 91
32 130
30 106
14 249
42 272
18 135
49 47
25 20
23 99

14 166
18 115
17 232
34 99
32 146
32 92
22 221
47 29
40 284
21 32
36 93
47 108
42 192
23 32
31 125

10 166
11 148
47 232
44 22
24 185
21 132
49 210
16 300
14 143
17 51
26 234

12 49
43 245
13 176
29 97
37 95
17 220
18 226
47 174
12 161
35 180
26 74
45 213
20 200

27 87
38 220
35 264
28 151
14 35
40 194
34 155
18 251
24 288
40 56
46 181
42 204
10 47
37 39
33 210
41 230
21 79
47 246
24 150
29 46
24 175
49 190
30 119
40 91
13 238
45 73
27 196
25 220

26 285
31 279
49 75
19 276
32 193
46 179
32 197
42 225
49 89
45 181
49 180
22 178
18 293
29 203
46 66
37 164
37 91
29 20
28 26
37 186
36 120
41 76
18 125
28 11
31 198
29 260
47 252

24 64
15 79
34 271
22 26
26 263
12 176
38 172
20 190
45 39
12 222
24 286
49 286
21 39
30 277
45 221
33 182
33 264
34 214
20 117
27 56
42 125
18 39
50 283
32 125
32 295

21 94
36 159
42 253
25 164
48 228
35 293
15 82
14 207
50 16
18 292
12 94
34 219
35 54
35 181
14 137
44 12
21 263
31 146
45 297
43 157
50 148
45 85

30 104
26 33
18 168
26 261
27 63
23 83
42 196
17 63
25 297
48 148
44 282
29 150
28 222
22 192
11 71
11 182
14 131
39 53
42 97
30 217
50 94
10 105
37 49
46 228
38 127
24 22
42 99
38 143
10 257
47 62
42 107

12 195
45 175
38 89
45 293
24 19
16 254
10 101
13 18
38 127
49 266
49 27
39 10
38 31

28 84
20 241
20 238
36 29
27 71
43 47
11 149
44 187
28 105
39 126
10 92
34 19
14 247
45 261
46 126
35 238
42 124
43 142
49 240
28 48
29 45
33 249
41 59
22 185
13 31
26 153
45 217
37 245
10 86

27 29
29 236
43 137
45 284
44 14
27 76
34 246
17 235
39 172
50 248
46 272
21 235
45 298
45 12
27 271
39 279
38 277
42 58
31 212
34 277
33 292
22 37
25 264
33 140
38 127
35 278
28 120
32 273

17 132
29 278
16 81
15 170
16 74
21 22
19 80
22 205
32 77
21 163
10 265
29 199
44 225
50 189
49 262
27 87
12 220
30 254

25 181
24 271
35 290
38 61
13 50
22 190
49 241
17 294
29 152
17 44
38 71
34 132
15 172
43 68
22 11
46 164
33 101
35 269
16 117
50 253
36 262
33 206
20 211
24 257
10 76
15 297

27 208
22 154
43 167
44 190
41 85
15 264
37 113
42 186
15 112
43 121
36 228
26 257
17 286
39 296
19 82
21 133
16 146
45 91
40 297
11 26
28 157
42 186
43 238
17 206
47 226
31 98
32 212
39 251

10 72
47 66
14 293
46 171
32 299
22 271
15 118
19 239
29 23
10 202
29 264

21 238
23 82
24 101
49 280
10 188
22 31
19 223
19 229
29 94
44 176
36 121
27 23
36 247
16 163
31 246
50 64
15 201
13 200
43 184
29 264
44 115
23 84

18 125
33 298
25 141
36 226
34 209
21 197
11 178
40 103
18 245
24 278
40 56
38 30
17 208
19 89
25 54
41 84
16 137
21 218
21 25

30 227
12 270
34 39
13 221
45 44
35 145
45 104
17 196
37 110
12 205
23 55
34 266
10 299
16 32
48 63
22 85
12 147
45 209
42 71
22 289
50 10
27 181
36 211
47 50
42 80
25 122
37 274
20 268
46 182
23 251
19 48

13 216
27 278
46 143
49 59
44 127
32 196
40 147
21 220
50 215
23 149
26 206
44 299
30 43
18 123

10 140
19 40
16 83
49 267
16 154
33 153
39 64
46 93
25 40
39 115
16 123

15 71
39 206
27 113
31 158
29 123
31 228
49 37
46 140
22 223
11 117
30 12
41 257
13 39
37 100
14 16
36 30

28 246
34 29
34 20
18 124
29 149
16 262
48 44
19 283
13 280
20 204
34 48
37 252
49 278
31 22
16 81
10 17
14 12
21 104
46 159
20 150
27 47
28 281
19 110
46 295
12 130
31 83
39 65
36 117
19 281

14 176
28 29
42 292
49 205
48 148
10 140
50 163
50 242
19 20
44 205
22 137
14 203
18 75
18 142
47 234

20 21
12 72
12 194
48 237
22 77
15 55
27 220
21 235
46 245
31 228
25 204
11 159
10 149
21 270
45 286
34 263
48 117
27 286
46 54
16 42
50 55

23 103
35 222
48 59
16 173
31 59
14 255
25 52
22 45
26 71
50 210
19 137
25 74
43 139
26 63
10 40
14 29
40 48
20 111
27 204
25 237
13 184
47 122
22 71
15 175

16 238
22 170
40 287
21 114
16 181
33 73
49 147
18 61
13 283
40 222
45 231
19 265
22 68
18 260
13 102
41 191
40 30

16 216
23 241
40 262
10 188
20 15
28 113
35 237
39 144
16 260
50 38
41 288
11 99
22 94
18 229
22 132
30 83
26 262

23 114
43 107
14 124
27 33
28 88
22 267
40 96
37 131
50 184
14 234
39 218
15 241
34 119
44 132
44 236
42 24
37 67
32 295
41 61
45 17
22 192
27 267
17 241
41 164

16 22
50 207
23 142
40 279
15 276
13 43
46 66
41 56
30 291
25 82
41 133
29 15
47 82
15 121
10 243
14 97
27 277

29 195
47 193
13 265
39 87
40 42
35 279
40 278
21 91
19 50
35 79
41 169
49 292
37 205
35 177
48 279
45 268
30 273
36 127
40 39
24 224
21 176
35 52
33 216
48 175
42 63
47 104
45 292
36 166
42 79
49 96

15 299
38 59
20 65
49 268
36 23
21 197
40 285
39 253
38 64
16 225
36 126
25 233
33 153
39 131
19 150
49 281

25 155
11 112
49 184
39 39
12 281
27 269
20 174
13 141
11 105
46 30
29 17
49 74
31 27
36 39
12 107
47 97
49 36
30 270
45 88
40 254
19 86
33 132
11 25
10 180
38 13
45 217

25 292
32 36
22 63
47 97
21 202
16 138
25 177
42 285
17 46
50 260
22 69
22 142
45 298
31 32
24 24
46 270
49 232
25 211
34 108
42 189
14 111
35 276
17 29
24 33
29 55
26 49

