95

29 298
31 203
35 36
43 39
19 28
27 62
20 70
50 144
41 293
25 97
30 151
46 27
49 169
42 211
20 103
28 200
47 135
16 49
20 145
36 79
34 166
44 94
41 136
23 54
39 46
21 201
25 262
43 20
33 157
25 202

11 48
47 107
24 273
48 21
24 166
37 254
20 167
20 177
12 155
11 206
14 86
26 10

23 208
41 247
11 183
38 257
35 239
12 269
21 22
26 174
47 88
39 240
24 80
38 150
35 171
41 35
24 171
22 247
25 23
36 146
47 23
43 108
22 128
35 212
31 48
36 249

29 208
13 294
31 223
28 92
11 171
17 261
39 206
16 65
29 137
13 184
45 82
25 65
48 142
20 231
42 171
35 28
18 161
22 131
37 61
38 159
18 274
20 191
14 229
27 47
32 55
44 70
35 85
18 108
29 156
22 21

10 256
50 10
34 261
10 128
44 94
19 109
11 247
43 180
48 29
25 159
31 33

24 182
10 213
32 144
36 291
35 47
41 117
26 18
45 155
16 62
28 263
29 230
28 39
43 161
28 132
43 172
33 86
39 197
50 179
11 291
50 186
48 250
45 28
34 65
40 109
12 27

17 226
42 124
38 158
46 134
38 227
47 297
24 138
20 218
37 240
42 84
35 259
35 178
40 269
17 230
43 200
41 101
20 79
31 282

20 100
33 215
27 171
44 279
20 28
18 281
29 256
19 98
18 30
22 128
32 224
27 209
30 252
49 14
30 83
11 85
26 54
39 269
33 274
29 299
36 110

15 24
47 275
32 268
23 288
33 281
40 293
41 10
15 76
30 140
50 50
27 195
24 217
16 123
23 154
47 274
44 180

21 187
18 222
27 72
25 137
28 252
46 73
11 138
16 116
20 48
21 291
32 10
39 212
41 157
10 226
43 179
38 128
37 283
22 84
29 90
44 205
14 17
46 72

15 34
24 267
35 194
45 142
35 279
50 176
12 239
24 259
35 212
44 227
23 34
45 167
34 140
49 291
37 74
45 253

12 23
32 48
31 167
36 19
31 171
15 269
37 192
10 233
26 12
43 129
23 220
28 139
42 51

11 147
15 214
33 49
36 251
38 228
15 194
17 32
29 257
41 87
22 209
13 272
26 139

17 80
48 168
22 51
37 124
22 99
37 197
18 17
48 219
29 116
37 200
31 149
18 46
27 297
22 210
35 47
22 88
44 186
38 207

29 94
33 191
34 93
28 263
35 292
42 217
20 105
42 163
13 122
44 89
30 216
44 255
35 287
21 178
50 95
42 85
46 146
13 206
10 106
28 19
45 17
41 207
12 252
39 40
17 293
34 31
19 288
47 183
11 51
19 195

26 257
44 101
43 262
34 147
25 259
23 49
13 176
34 35
11 167
50 112
36 157
28 24
20 80
45 243
21 266
38 291
43 228
49 163
11 73
13 92
23 140
44 175
18 68
41 85
28 256
27 245
17 248

30 270
19 35
27 19
50 174
33 104
28 264
22 227
20 76
31 174
10 275
38 106
42 122
47 95
42 35
28 258
37 58
27 97
38 149
43 215
43 156
49 194
36 36
42 272
19 267
31 288
45 191
39 293
23 255
33 269
33 263
48 67

25 132
23 38
23 16
42 62
44 89
17 271
13 261
19 298
16 42
41 181
17 49
18 291
25 201
33 141
44 261
19 152
26 259
14 92
36 201
39 71
32 236
49 206
19 142
16 255
37 27
32 11

21 186
11 151
23 186
50 103
44 116
32 115
50 258
49 90
16 33
28 206
21 249
16 203
26 172
37 209
38 27
47 22
26 170
13 229
48 120
11 54
40 106
11 286

13 205
34 176
26 188
34 263
12 241
12 200
25 178
21 73
29 51
45 146
20 10
39 12
24 229
46 270

12 164
12 96
47 189
25 269
49 237
36 125
12 205
31 226
29 109
34 63
42 81
38 39
12 203

20 176
31 160
28 18
11 238
22 292
33 196
25 46
45 19
39 107
11 268
32 141
29 183
22 143
49 268
10 57
17 53
26 43
45 22
40 47
50 36
18 218

12 241
23 99
17 285
37 56
48 33
17 88
18 119
27 174
40 221
10 69
15 290
28 15
25 17

17 190
27 125
29 265
26 12
15 227
34 134
47 10
33 110
36 228
28 218
28 196
21 52
24 209
38 191
12 45
47 19
42 230
24 220

20 182
25 198
29 232
36 97
22 184
45 251
19 275
14 213
38 36
19 294
10 120
32 176
47 280
45 131
11 214
48 114
20 158
10 262
25 128
38 112
11 122

26 29
44 213
15 296
24 191
23 166
45 299
19 212
11 239
22 102
29 56
17 54
45 97
39 168
14 143
14 231
43 292
40 66
31 252
27 144
37 230
22 197
38 282
50 146
13 36
16 187
21 122
30 103

22 61
30 244
18 88
24 170
20 60
42 83
19 62
29 103
44 234
32 68
17 52
22 242
18 58
45 286
49 89
34 145
39 165
33 94
19 150
40 175
43 188
28 171
12 268

18 274
13 34
43 83
29 264
40 140
20 274
41 92
47 180
44 174
25 285
17 189
21 246
22 204
20 56
35 74
17 224
32 147
32 166
36 62

30 92
13 79
25 17
14 243
43 216
18 224
22 167
47 284
46 251
28 210
48 69
47 161
13 148
18 261
23 103
11 140
25 200
15 218
49 298
30 291
21 63
16 115
30 141
10 281
42 119
11 124
21 69
44 223
43 77
17 55
46 193

14 80
14 100
38 198
47 111
28 249
48 36
19 10
23 36
37 65
29 197
10 38
16 226
26 149
45 133
32 279

30 27
39 175
19 44
32 114
37 276
33 286
13 52
36 267
39 21
15 184
23 44
19 252
26 38
18 225
20 155
46 288
35 217
43 236
36 113
19 276
49 270
47 225
39 101
38 90
11 19
11 198
12 94
47 161
35 167
23 101
43 97

15 124
17 168
16 37
33 175
16 182
49 289
28 203
19 234
42 248
18 213
27 22
33 16
12 192
37 227
21 62
36 197

18 91
32 16
46 98
20 120
20 59
38 181
28 125
28 29
46 207
36 80
15 55
29 78
26 159
43 124
42 195
32 36
21 283
46 109
13 52

25 126
44 128
39 191
27 249
50 195
20 10
14 266
25 224
24 195
19 77
26 172
30 235
11 111
49 39
38 97
39 276
15 10
40 33
43 300
33 44
13 57
33 94
50 61
36 273
40 164
40 56

13 26
44 49
32 115
10 146
48 169
20 257
39 102
39 80
13 287
44 75
20 183
48 64
23 75
15 127

12 18
44 36
24 299
19 81
13 298
47 176
16 298
37 173
45 10
50 12
12 35
46 175
25 154

29 235
46 261
22 98
24 68
32 240
31 189
31 41
50 48
42 274
48 299
46 38
20 10
15 166
12 50
24 188
22 294
28 227
31 274
31 92
31 179
19 232
34 150
21 215
17 287
48 22
32 273
30 284
48 182
39 63
25 118

29 193
28 258
47 65
47 73
14 188
37 22
41 152
40 38
47 218
10 216
24 99
11 36
17 58
35 72
27 24
29 101
43 255
50 101
47 47
35 281
41 116
14 286
14 238
36 184
39 254
18 215
15 32
48 210
14 207
38 88

24 188
20 59
24 233
28 65
29 95
37 266
11 125
28 226
44 74
45 226
29 173
36 10
36 223
27 286
46 108
50 192
36 172
20 52
22 48
19 256
23 62
49 110
26 81
42 170
26 141

22 144
21 209
46 68
42 297
18 26
31 127
44 271
28 95
33 114
18 164
33 210
22 42
41 147
14 288
19 25
14 229
26 200
26 195
32 55
18 128
35 36
45 280
19 156

14 57
45 76
34 104
23 190
45 190
26 255
20 105
13 254
45 198
41 274
19 214
20 50
23 251
26 119
10 38

19 175
10 299
36 159
31 102
40 163
40 181
43 235
38 231
49 94
38 158
38 27
24 42
34 68
27 51
27 32
31 64
32 152
39 244
29 84
22 171

23 64
24 277
34 55
39 263
44 64
38 68
43 111
42 278
27 14
49 57
26 104
35 174
25 202
36 255
26 23
41 243
14 184
32 82
18 255
41 290
47 157
43 123
39 92
49 213

27 73
20 238
34 115
40 97
26 71
34 223
15 157
20 132
14 136
28 45
11 185
26 25
29 146
20 235
24 132
14 147
23 113
39 249
22 39
27 230
12 76
36 12
40 231
21 115
31 260
26 245
47 44
26 268

30 230
10 170
32 56
29 134
22 127
48 158
15 266
38 297
44 217
37 77
45 167
46 42
28 202
28 247
13 286
46 126
42 127
48 211
45 215
13 183
28 26
19 68
31 69
22 173
34 281
36 206
20 42
50 262
46 204
22 86
25 227

28 260
23 296
35 218
26 78
36 16
36 29
22 44
45 121
40 93
48 24
34 34
10 53
50 212
28 63
43 109
15 158
12 21
46 167
18 233
33 31
49 33
41 213
34 93
48 196
41 61
24 138
22 166
47 26
21 260

12 269
20 32
44 273
45 162
18 143
22 47
22 19
14 209
14 255
50 192
42 265
23 204
50 70

23 239
10 14
11 56
50 215
10 15
15 232
20 210
13 287
41 96
24 39
38 129
24 104
41 292
47 285
44 138
44 161
41 209
18 238
28 98
40 138
43 126
10 202
48 145
38 28

16 232
33 131
14 227
23 247
16 29
35 49
22 94
46 194
44 246
30 102
41 115
39 13
45 239
41 94
47 193
25 41
18 42

29 284
15 161
27 60
47 57
45 100
13 96
44 202
49 152
47 126
22 98
28 142
21 161
16 91
31 116
11 156
45 253
13 73
23 198
50 238
23 25
18 238
15 194
32 243
11 66
18 92
30 20
22 22
43 205
37 93
30 188

14 209
11 192
11 94
19 32
30 257
26 57
30 73
39 140
25 128
20 142
48 16
20 103
23 217
30 56
50 291

17 183
39 78
33 67
47 195
43 18
38 133
17 160
32 227
38 256
24 44
11 226
48 52
23 226
50 26
17 49
11 100
50 83
47 26

26 243
27 258
15 116
28 90
38 45
47 50
27 170
50 248
49 194
27 144
15 84
47 98
18 165
48 44
46 227
11 199
48 231
46 34
37 211
13 85
23 73
30 204
21 119
14 60
17 35
33 80
45 160

28 53
15 175
11 192
28 292
46 289
30 118
34 73
44 108
32 29
37 61
49 26
26 103
39 112
18 82
36 191
20 264
45 294
42 106
29 193
15 99
19 292
45 194
22 54
12 224
30 38
46 294
50 152
40 220
43 221

19 55
10 198
31 285
20 210
35 105
43 118
12 168
12 291
32 37
22 214
43 203
34 107
34 71
35 226
43 162
42 31
17 158
39 101
10 288
44 170

30 206
23 35
39 93
11 239
40 163
50 36
25 289
26 148
39 285
13 38
41 214
45 217
25 228
24 149
12 218
18 261
43 61
18 35
25 247
21 83
25 85
17 66
49 216
31 185
10 238
12 61
44 142
21 205
16 90
31 162
31 299

18 286
13 203
25 238
28 18
34 161
44 160
33 66
49 76
37 68
48 65
19 102
12 58
47 115
50 87
39 193
30 144
44 247
43 25
49 121

22 11
22 12
33 59
15 272
16 41
50 101
44 24
40 20
13 83
14 283
36 111
27 200
40 154
46 175
11 189
20 134
15 185
10 26
46 234
41 293
24 45
15 29
26 97

10 81
23 188
14 33
49 159
22 107
27 296
29 281
50 227
26 47
18 173
36 204

21 129
50 297
23 98
31 170
34 177
22 115
10 167
25 133
23 25
37 271
41 169
41 82
29 277
27 121
19 289
16 52
17 199
14 41
21 106
38 177
12 153
36 58

27 24
28 298
39 251
42 164
22 160
42 112
33 70
27 29
14 92
42 226
46 188
22 74
13 23
36 205
43 138
14 102
48 182
20 109
41 102
10 230
46 237
24 85
27 183
28 157
42 291
47 71
10 192
21 218

12 32
39 52
12 235
50 221
46 32
11 31
28 120
34 46
42 30
17 60
20 214
31 219
32 86

25 76
48 157
48 19
45 219
27 147
10 210
25 108
18 48
50 35
33 253
25 252
39 35
30 171
23 38
15 191
30 81
27 72
24 228
31 263
10 57
22 31
30 145
14 241
33 122
20 73
20 225

28 103
49 96
21 196
13 59
20 210
27 86
46 59
27 213
39 243
19 245
13 269
14 269
15 220
24 18
49 157
19 103
34 57
18 239
30 159
50 248
41 16
31 53
13 12
48 242
17 291
24 83
42 156
49 122
39 257

22 136
48 142
41 144
24 244
50 61
43 129
21 72
37 227
49 297
14 46
40 229
10 296
16 195
14 106
25 261
29 67
21 62
50 44
44 42
32 299
45 187
34 224
21 298

30 231
12 221
42 18
37 166
44 35
18 277
40 22
46 16
34 180
12 278
43 70
30 179
40 74
40 212
33 297
18 33
34 42
24 258
41 211
31 50
36 36
49 290
20 167
25 127
12 113
15 162
34 178
31 260
44 223
36 195
44 193

21 111
36 68
19 226
36 86
43 41
42 117
11 89
29 167
47 192
13 118
40 99
38 131
47 101
47 210
28 14
40 241
41 125
38 196
11 141
48 219
16 94
10 80

20 119
23 293
25 229
40 258
21 193
46 84
25 49
48 266
17 117
19 98
22 42
48 46
35 127
39 94
18 294
31 58
36 101
40 174
24 198
40 123
19 120

18 223
18 224
36 220
50 70
12 251
15 128
31 76
44 84
11 296
50 164
21 263
31 35
42 32
29 192
37 94
43 151
32 58
24 172
20 133

27 175
16 44
19 194
28 278
14 245
31 210
28 223
21 174
47 262
22 277
14 205
43 43
25 80
22 249
45 127
17 199
30 279
25 36
36 148
27 199
33 183
50 138
41 97
26 58
37 251
31 172
18 40
23 67

10 277
50 242
19 239
25 59
38 245
32 263
15 79
45 37
31 125
16 72
13 255

16 108
10 85
41 282
37 254
10 259
46 114
21 57
15 22
45 154
38 174
12 163
34 23
21 258
10 22
11 97
44 218
15 287

20 65
18 71
14 32
31 261
11 250
37 204
39 217
36 189
15 243
38 287
31 186
10 90
47 96
46 123
16 260
26 190
45 246
33 52
50 168
33 122
46 97

28 22
40 159
19 12
32 184
26 219
43 29
26 48
35 39
26 295
30 19
25 214
44 271
18 75
21 27
47 175
25 279
36 101
47 236
42 290
49 31
11 221
20 221
30 162
44 248
35 44
31 281
22 251
17 153
45 75

13 35
27 56
10 261
24 242
44 116
27 118
35 279
11 90
12 144
33 297
45 254
25 64
34 223
49 146

24 25
21 296
48 222
12 88
28 157
26 155
42 195
26 249
18 127
39 103
38 215
20 180
23 70
19 27
38 269
49 160
33 22
37 201
33 300
44 69
50 172
41 108
25 201
33 147
15 190

11 83
23 99
33 250
17 71
39 137
12 201
43 29
37 286
34 192
30 22
38 80
21 51

12 170
41 149
38 259
34 76
39 98
28 177
23 184
13 55
17 187
34 207
50 191
37 10
50 193

14 128
39 229
21 151
36 124
33 261
49 250
38 127
48 125
13 51
44 194
30 35
30 105
15 122
21 93
22 11

11 290
13 55
40 23
46 216
40 51
40 44
38 46
23 188
31 94
44 205
11 277
25 95

11 237
36 95
50 210
25 135
48 268
21 118
44 72
19 16
27 166
39 115
31 198
21 59

25 149
20 122
36 135
15 249
27 115
13 298
39 200
49 156
13 40
50 67
14 241
31 139
38 101
36 188
27 251
48 130
36 113
17 279
45 97
28 14
39 153
10 96
34 113
27 272
17 127
20 234

12 139
17 21
29 223
47 49
30 167
20 134
25 253
45 182
29 47
13 231
41 122
28 165
48 160

24 299
29 46
48 299
34 212
25 290
32 103
44 245
50 106
31 69
19 177
47 161
43 96
39 140
24 112
30 130
20 73
16 266
23 73
22 77
42 276
13 100
36 104
46 149
28 143
46 215

11 224
22 28
24 14
49 58
30 238
42 39
40 254
45 76
19 211
28 119
21 176
19 141

23 280
33 220
30 18
32 123
26 287
32 194
16 220
10 181
12 120
39 92
38 269
12 149
11 51
20 200
31 191
46 260
45 217
25 88
44 35
38 126
25 53
45 269
29 89
40 112

28 239
31 185
22 41
21 47
33 101
45 206
37 261
31 46
26 171
29 130
42 274
28 40
27 46
22 124
34 94
21 110
45 226
40 155
38 244
49 76
47 294
49 171
18 294
10 79
43 126
16 125
25 54
12 282
24 140

12 289
47 297
20 197
14 181
36 139
22 96
25 47
23 107
37 154
20 300
20 124
49 99
36 161

27 180
10 21
44 143
28 208
40 67
41 96
18 260
20 191
22 222
49 54
36 17
11 170
32 299
27 248
10 202
15 271
23 279
36 239
22 184
33 145
12 203
25 130
50 156
21 122
20 121
15 299
40 262
45 154

29 93
22 12
33 292
23 203
24 28
12 39
50 52
18 38
29 96
48 174
39 71
35 141
19 137
25 122
24 241
48 201
29 198
30 289
13 163
25 191
23 54
32 253
32 300
15 103
36 73
14 102
14 293
17 80
33 287
32 81

18 245
28 206
42 174
34 27
11 206
14 145
50 200
41 199
44 21
48 235
12 129
37 290
33 73
50 152
23 212
44 101
24 12
15 177
47 95

20 60
20 46
10 200
25 200
20 232
28 92
38 80
44 144
43 55
12 103
17 78
47 63
13 81
26 136
43 59
16 88
50 51
31 251
14 235
43 228
34 64

10 72
17 120
36 165
11 38
34 48
46 281
21 196
46 250
20 146
16 232
48 13

26 107
10 192
43 259
11 212
17 210
20 285
11 219
10 107
28 87
21 20
19 58
19 40
49 35
34 35
34 18
28 246
48 146
24 225
14 96
25 206
10 192
28 210
35 45
13 35
17 66
29 293
23 216

27 118
40 161
34 108
32 269
17 118
31 22
43 245
32 149
23 71
44 141
13 251
11 288
49 190
10 86
22 95
42 231
30 295
16 136
40 79
41 226
29 267
27 156
12 136
42 288
50 206
48 56
27 63
34 112

