99

17 184
36 291
46 247
40 40
34 148
26 293
31 86
41 104
24 69
47 140
43 115
32 167
14 99
11 69
26 100
29 132
40 16
48 34

22 286
24 162
37 78
10 201
27 29
20 146
16 80
35 105
21 292
38 143
39 247
34 289
23 185
35 232
45 158
50 11
34 104
23 148
40 35
18 173
49 245
34 65
12 22

13 183
15 281
28 285
50 189
35 174
23 248
22 238
26 167
30 29
22 20
39 195
39 146
28 120
16 84

16 90
32 185
20 121
31 190
11 81
27 20
27 88
21 259
24 131
42 213
23 226
24 203
16 289
18 36
11 209
10 209
40 59

24 69
17 276
38 213
36 248
43 75
10 56
24 40
38 137
47 291
14 228
27 275
33 35
15 53
23 189
14 109
26 129
38 51
21 260
34 49
11 114
31 155
20 179
18 254
19 245
24 267

21 43
18 267
33 164
50 189
14 274
45 32
25 240
29 168
20 182
34 199
16 199
27 172
43 58
29 107
19 299
35 271
25 208
47 277
27 80
34 126
20 131
24 104

23 61
21 187
23 141
34 129
31 141
18 24
14 18
24 43
42 286
35 48
40 291
38 185
10 144
19 216
31 28
29 33
47 59
46 141
36 33
31 165
15 88
43 273
17 127
10 212

16 145
31 226
49 77
44 117
49 255
28 159
38 131
39 19
31 207
13 101
42 221
47 44
29 282
30 234
40 126
49 14
17 42

27 283
16 296
14 257
42 144
30 119
40 11
34 265
29 204
28 136
21 104
26 76
40 14
38 275
39 228
11 142
24 86
22 294
25 44
44 266
27 46
23 264
32 91
27 48
50 15
33 131
48 193
42 97
34 217

19 277
32 108
11 249
46 39
22 189
29 240
24 257
20 212
47 182
25 261
33 203
15 214
36 220
32 206
14 108
22 59
48 58
40 250
40 14
43 236

17 257
29 83
33 277
35 40
28 119
40 28
46 132
39 97
42 121
27 109
13 193
28 17
27 163
34 64
44 137
49 81
29 92
44 203

30 294
26 119
37 164
12 298
33 170
46 267
31 252
35 220
32 100
34 87
36 139
47 133
30 150
12 289
32 221
50 45
17 48
44 283
31 86
11 299
50 216
35 45
12 209
44 279
22 265
38 78
25 210
24 22
29 249
48 69
28 126

27 16
50 222
43 119
15 34
32 76
48 160
26 66
27 75
39 41
44 82
30 122
46 77
31 87
47 30
48 148
34 164
41 127
40 288
32 112
15 243
12 240
34 94
33 124
29 144
24 83
35 14
42 290
32 20

30 109
25 36
18 213
10 74
25 102
18 216
18 158
24 225
37 104
43 154
31 155
26 265
42 131
15 283
17 165
19 131
31 58
18 104
22 77
45 293
42 214
24 17
39 166
43 234
34 107
20 39
14 66
39 206
45 123
40 50
25 238

23 124
29 126
24 186
27 149
29 278
13 55
25 119
22 203
23 274
42 53
37 29
33 143
19 15
46 148
21 82
29 66
44 209
31 14
23 170
27 109
30 272
14 273
49 174
31 23

24 53
47 187
21 55
41 134
10 79
13 20
28 197
39 212
38 149
42 139
31 120
12 26
37 281
18 60
34 177
13 78
23 297
18 150
49 134
33 278
24 297
35 155
35 254
45 131
15 285

13 137
24 109
37 174
16 97
38 172
26 186
35 126
24 149
29 184
21 98
40 73
14 104
50 288
29 287

13 243
45 10
21 243
22 293
29 120
40 146
50 200
29 117
31 210
38 94
25 282
25 298
46 248
32 57

19 36
19 145
21 191
11 224
50 58
26 113
11 16
13 199
24 125
21 223
25 183
46 252
50 277
49 259
43 34
16 58
24 38
33 291
13 298
21 98

12 244
47 255
15 140
43 233
43 19
45 170
31 23
33 106
36 95
30 223
21 284
34 210
38 193

12 214
10 217
18 96
14 228
30 261
13 28
26 62
23 247
28 65
39 132
46 86
31 166
11 246

26 298
11 38
13 177
13 150
30 256
27 240
41 69
21 293
49 261
23 148
23 138
13 163
10 84
22 169
40 155
13 146
11 297
50 221
31 144
43 193
16 21
37 213
25 100
31 88
36 116
37 280
22 266

19 116
28 31
17 83
20 109
49 170
36 193
44 45
48 55
35 105
36 99
32 90
17 109
41 141
13 129
47 111
40 260
16 269
27 24
39 271
16 201

23 108
25 249
30 45
31 105
41 10
50 247
10 39
10 140
42 90
12 252
39 215
15 100
22 295
46 238
29 45
21 229
16 102
45 226
27 45
34 170
44 89
31 203
41 253
20 105

26 82
20 296
38 71
41 38
13 67
25 76
16 105
30 175
27 93
19 103
33 199
45 291
45 23
11 136
45 114
39 73
24 240
32 82
34 18
31 289
13 140
20 82
44 88
28 85
12 214
48 95
19 26

16 284
38 214
29 274
25 279
47 76
26 210
34 95
31 11
14 15
43 281
47 288
43 295
48 12
29 245
18 275
28 159
37 221

14 192
29 262
27 27
50 296
12 166
15 252
15 186
13 77
19 201
22 232
49 60
45 241
35 151
46 94
46 290

20 148
24 143
40 292
36 185
48 252
39 278
38 253
24 34
29 118
10 32
20 239
40 168
13 231
11 174
42 290
16 83
34 74
37 274
17 137
42 261
41 149

21 35
44 246
31 213
42 53
39 236
47 120
40 203
39 132
46 13
32 237
12 300
14 91
38 234
16 216
39 42
15 198
18 29
32 77
44 17
39 16
20 57
48 41

28 32
16 293
48 108
36 139
11 160
17 259
23 210
30 183
42 61
46 285
20 248
34 214
45 62
28 112
19 173
11 75
47 135
37 56
43 149
31 19
24 26
40 283
25 98
41 175
12 175
11 228
37 225
24 74
28 200

29 114
11 28
21 253
33 29
28 297
31 243
24 245
24 202
22 39
42 295
22 88
11 282
16 92
34 47
46 23
36 40
36 83
31 45
34 211
28 151
44 271
33 249
47 145
21 253
40 238
38 266
22 171
17 134
29 193
41 127

30 154
16 224
32 247
38 44
46 54
15 208
26 245
39 222
13 134
49 256
36 235
17 12
23 230
17 32
37 74
12 216
29 68
22 82
28 106
41 265
21 173
17 233
16 291
30 58
16 179
24 73
15 184
18 238
21 214
38 28
16 125

25 228
41 279
27 23
38 223
24 67
12 215
23 176
15 53
48 215
15 101
49 31
36 132
15 193
48 37
27 172
16 213
18 154
22 11
15 92
19 230
13 119
23 177
39 270
24 82
10 189
33 198

30 100
23 151
22 135
49 242
11 39
46 101
12 214
40 192
50 38
23 137
36 219
12 120
37 29
46 77
38 129
10 105
32 265
21 296
49 178
41 254
32 222
39 56
43 59
29 168
17 66
12 172
50 70
11 132
12 166
12 232
33 227

21 214
29 12
36 269
43 193
39 75
39 127
44 83
32 272
33 14
25 205
50 189
14 146
39 16
19 84
12 221
42 162
32 111
28 52
49 212
12 96
44 132
23 240

10 52
16 42
46 48
19 211
47 151
27 297
18 138
17 176
44 298
41 230
10 173

26 266
22 51
33 75
41 145
34 129
18 58
29 204
41 289
12 235
48 235
30 285
22 35
16 21
40 223
30 57
47 76
14 158
46 41
39 242
15 251
38 113
38 222
46 213
22 215
20 201
21 284
19 284

12 63
23 124
47 201
39 102
42 289
12 179
39 173
35 170
34 109
46 57
31 154
29 147
47 109

24 16
31 289
31 166
26 184
49 211
14 80
17 154
34 268
36 80
40 199
46 97
28 118
32 151
44 130
50 158
42 197
16 184
25 230
34 24
16 196
49 102
40 294
23 203
27 225
35 279

29 173
49 212
48 75
39 153
49 172
48 77
24 58
25 192
23 257
44 28
44 212
10 131
24 218
17 190
10 237
36 183
13 173
34 276
47 255
14 132
18 42
25 113
26 262
25 258
26 162
35 239
15 230
43 119
16 112
44 157

12 107
23 229
38 218
35 31
27 15
39 170
38 61
22 122
14 218
47 140
42 138
18 197
12 80

11 249
30 53
32 221
29 273
16 159
30 229
13 235
16 185
45 266
36 31
38 180
26 201

10 89
12 288
20 225
50 110
41 248
25 19
39 218
47 87
42 65
38 116
25 110

30 227
28 56
31 264
38 203
28 146
18 177
29 90
27 128
41 260
50 74
24 256
38 73
22 156
35 229
46 99
15 289
12 185
12 245
27 209
15 141
38 50
47 278
29 127
35 257
23 129
16 43
35 211
20 154
39 181
32 64
10 133

23 279
20 82
21 294
16 191
21 180
23 184
18 239
23 65
11 59
17 116
38 283
11 66
11 48
31 140
24 257
25 225
28 143
26 213
19 147
12 17
13 26
17 158
16 13
42 140

11 81
36 255
25 25
39 41
48 155
45 165
14 74
43 203
45 112
21 112
26 62
32 140

27 89
43 105
44 280
40 47
17 250
17 253
28 216
25 194
30 61
25 199
13 246
21 68
37 210
23 237
30 188
32 67
29 82
22 87
40 117
48 245
22 166
36 114
45 257
18 122
34 263
33 228
21 280
20 32

23 30
10 36
27 47
12 13
35 153
40 253
14 61
25 14
33 91
33 178
44 41
36 227
47 201
44 170
49 49
12 284
28 286
30 109
29 98
31 234
15 45
21 211
42 41
38 254

20 189
17 71
20 165
34 39
21 200
19 87
44 27
37 28
48 176
24 135
30 219
17 148
48 38
16 50
45 20
41 109
15 235
29 85
17 27
27 213
20 222

21 272
35 120
48 160
25 183
43 256
43 110
46 248
39 152
10 52
18 188
17 167
28 172
28 223
17 141
36 116
22 178
47 26
31 106
40 216
43 44
50 293
26 80

10 166
21 205
39 266
25 291
48 197
41 57
43 91
28 139
47 235
10 86
38 49

14 92
46 67
32 296
32 270
11 25
17 80
23 287
37 71
17 121
42 295
49 32
47 99
12 68
31 15
42 93

22 10
50 113
47 86
43 204
35 139
48 82
13 230
19 36
31 100
14 191
20 285
10 246
38 193
29 185
40 217
34 98
45 79
33 110
23 281
21 181
41 293
33 219
26 296

12 300
28 36
35 40
43 17
28 13
40 35
47 110
15 229
31 69
30 270
19 104
33 191
41 131

28 231
41 260
18 236
18 212
39 199
25 13
47 64
40 82
21 277
16 60
44 136
31 197
44 214
37 25
30 44
30 271
37 196
22 160
19 126
48 52
14 49
46 232
34 289
41 211
28 53
47 261
13 117
35 291
39 32

28 105
17 283
28 106
31 228
19 83
44 180
18 34
50 115
49 84
22 288
18 164
11 211
32 144
26 289
20 46
45 233
50 62
31 219
26 273
50 236
50 192
40 66
24 163
24 86
45 124
39 207
30 183
23 189
19 65

28 220
47 75
43 163
17 43
18 133
20 256
39 70
20 149
20 73
46 104
46 163
32 81
39 112
43 85
17 44
44 154
33 195
43 155
24 41
15 146
42 154
10 121
34 139
42 191
29 247
44 162
48 242
11 247
11 167

19 107
31 231
41 288
45 81
18 169
13 134
20 261
10 127
43 26
35 18
24 12
32 256
46 18
25 69
45 161
18 98
23 278
40 157
24 300
43 259

19 77
35 91
45 250
14 223
14 184
48 214
25 49
16 113
21 41
38 87
17 86
47 258
50 35
26 159
18 145
40 243
46 102
47 54
37 17
46 133

18 255
41 220
49 209
22 206
23 217
30 115
31 233
46 219
21 219
50 150
29 136
11 163
48 75
49 194
48 38
26 137
39 207
15 133
25 188

17 199
23 177
47 230
18 150
39 247
34 40
15 289
15 224
31 241
39 151
12 140
39 211
34 77
21 31
34 300
46 110
15 157
50 136

10 78
19 121
20 111
24 72
19 189
25 202
33 165
34 99
35 107
20 247
24 168

28 224
30 15
33 276
30 162
16 66
19 204
29 117
30 295
16 210
25 185
34 90
34 37
11 109
22 73
48 272
36 276
19 203
24 277
23 117
37 149
19 296
24 56
21 220
32 246
43 151
43 108
13 129
13 287
44 210

21 249
28 238
46 279
21 256
22 97
29 188
27 99
11 286
26 201
44 203
35 96
10 146
26 244
35 229
31 270
35 22
50 297
26 160
36 190
18 41
33 32
34 155

20 106
47 272
17 236
36 165
29 223
40 20
19 228
38 233
39 159
44 123
21 157
35 19
18 94
42 134
24 159
15 211
36 289
13 256
14 151
12 200
32 259

20 190
33 192
43 241
50 229
44 41
49 229
11 36
50 62
33 211
22 187
26 269
19 163
28 82
41 177
16 23
40 241
13 57
37 245
21 197
28 266
18 18

19 49
23 124
14 256
23 208
22 212
33 228
14 162
38 280
39 187
37 62
11 183
34 99
10 269
44 202
19 59
25 274
21 92
44 186
39 243
44 118

27 171
48 211
32 85
48 239
11 222
21 11
19 132
33 90
31 121
12 218
42 243
14 168
40 53
34 71
37 69
23 46
15 180
20 203
16 43
19 126
16 162
24 153
21 20
29 233
30 76
32 66
16 130
40 54

14 28
25 81
20 213
50 38
18 104
35 145
19 198
21 230
18 213
24 83
42 251
24 41
21 255
25 98
44 275

20 17
48 42
32 102
27 38
45 177
49 36
40 44
16 60
49 176
44 57
12 170
38 45
48 32
37 110
36 64
20 266
49 254
13 137
44 109
25 53
25 255

14 163
13 229
26 278
24 139
36 246
40 293
36 127
21 58
49 272
12 250
21 63
37 153
19 193
18 124
11 139

19 86
27 193
33 244
28 59
22 152
16 296
37 258
40 93
45 127
27 50
50 269
43 175
21 300
33 119
31 214
43 225
16 32
44 194
39 54
32 290

22 122
48 187
18 245
44 172
22 165
13 54
32 124
24 83
24 137
49 48
38 23
50 200
48 250
25 139
22 149
46 217
38 260
31 239
50 181
44 35
46 37
16 270
43 190

24 195
39 140
41 12
26 267
30 61
42 172
35 279
19 173
17 171
20 199
41 275
30 152
34 102
23 83
47 238
40 283
38 181
33 211
43 172
48 250
11 105
31 12
16 257
21 104
16 298

26 133
45 101
29 100
10 116
32 74
14 235
42 42
47 78
42 272
35 40
47 218
24 127
11 13
26 129
12 83
21 199
30 21
19 55
37 257
47 253
41 210
31 106
30 128
37 29
23 112
48 299
34 229

30 113
14 100
22 28
45 245
35 130
37 176
23 186
11 236
50 174
20 271
19 136
41 103
32 43
13 200
20 53
30 205
29 256
20 81
32 141
18 289
41 52
21 147
28 228
45 236
20 176
27 264
43 262
49 105
16 97
45 243
29 41

16 53
50 76
21 187
35 44
45 95
21 110
45 77
44 196
50 49
24 279
40 159
22 180
31 129
48 103
44 125
18 125
33 66

12 266
49 11
47 79
10 120
25 197
11 220
23 148
13 39
14 125
50 230
50 104
34 238
26 283

30 226
20 229
26 117
27 106
38 274
50 299
36 270
50 54
19 186
28 265
16 275
27 242
15 267
14 208
49 34
33 179
33 257
35 195
23 95
17 93
12 150
14 204
23 136
47 185
43 171
24 170
48 115
11 129
49 137
27 298
19 110

25 192
34 247
45 246
27 256
20 204
36 121
22 69
33 26
20 222
38 65
33 164
15 100
29 144
45 164
47 70
19 145
24 187
32 189
23 164
18 36
38 285
22 223
50 217
47 43
12 193
21 95

27 282
42 24
35 184
37 25
15 274
15 157
22 13
39 119
34 175
29 46
40 128
40 290
13 75
17 149
38 24
20 166
31 162
12 72
25 228
10 296
22 245
48 295
43 22
32 13
49 21
33 291
39 272
40 155

25 250
11 274
39 287
31 64
21 56
48 289
20 42
31 125
12 197
49 226
14 151
10 51
46 141
31 205
13 99
23 273
40 207
45 135
46 166
46 29
11 32
10 265
21 233
14 253
16 266
21 298

10 109
37 272
46 251
45 93
25 209
49 83
43 249
11 132
18 116
31 161
12 195

24 41
26 289
27 193
12 293
38 131
32 47
15 286
50 258
11 104
33 168
21 166
45 58
47 18
10 107
42 93
45 64
44 185
37 39
48 258
15 98
28 158
31 260
31 270
37 252
29 248

28 18
36 28
43 26
49 143
26 148
28 34
10 221
41 91
36 216
38 205
50 222
12 132
40 36
20 288
19 162
21 280
16 118
37 190
18 108
45 44
48 172
26 105
39 288
34 122
36 181
22 214
45 142
39 72
50 132

18 285
35 213
18 156
28 165
42 32
40 47
19 108
25 253
29 124
50 15
23 16
24 81
13 273
41 169
33 99
47 117
22 140
38 214
37 17

15 191
34 209
50 156
42 87
25 172
31 180
43 108
18 153
20 235
24 278
47 64
42 16
46 222
12 255
15 102
49 80

10 117
13 235
21 14
25 215
46 149
49 27
49 52
49 287
11 107
24 140
30 30

13 20
28 294
38 114
31 198
47 161
24 35
12 30
17 41
31 135
42 115
16 67
47 207
10 263
38 85

10 77
29 158
44 131
30 214
35 78
45 86
32 292
41 155
47 141
28 18
14 81

18 119
49 51
24 20
43 259
30 95
21 124
21 180
12 259
22 89
29 272
22 273
37 111
21 96
16 25
29 231
12 14
32 107
50 266
36 19

11 222
45 110
30 259
31 286
38 58
12 271
22 146
13 237
45 108
13 191
19 16
36 92

23 298
10 222
26 190
16 269
36 72
32 122
10 276
24 279
44 40
44 111
28 138
45 82
15 141
13 36
50 179
20 185
20 223
21 261
27 190
46 286
21 278
40 251
45 225
45 31

26 41
18 232
43 167
34 164
33 163
45 81
25 48
26 38
26 163
32 218
13 251
33 89
25 68
44 273
39 241
39 79
11 179
43 82
48 118
49 144
14 153
35 200
14 113
38 257
48 87
20 280
12 123

25 127
20 149
24 38
36 265
40 221
17 271
19 196
36 240
44 253
11 149
40 129
38 61
30 130
23 210
14 125
21 190
12 115
10 288
14 56
22 168
50 263
34 229
46 254
37 15
33 192
14 202

29 126
23 218
15 74
44 245
13 210
45 237
45 56
23 180
36 91
41 117
29 145
43 91
10 97
25 79
50 12
38 47
30 56
32 286
26 251
40 296
41 157
21 171
12 55
32 157
44 50
16 245
31 224
35 173
13 252
48 270

26 62
49 299
19 55
11 260
24 266
33 103
28 86
37 95
42 122
26 71
31 154
25 195
36 239
42 13
28 223
25 188
23 252
27 142
48 39
37 192
25 143
49 201
22 286
24 125
22 225
15 147
38 282

24 207
42 245
25 177
33 120
27 283
28 176
35 205
11 256
43 72
39 31
29 92
27 63
24 273
39 102
34 168
41 267
44 35
45 119
34 236
30 165
12 129
30 295
46 15
31 18
25 94

24 261
43 249
29 286
19 214
44 176
39 124
36 145
39 300
43 153
34 279
45 273
21 171
41 218
41 137
10 155
35 97
38 136
19 205
31 187
32 130
32 102
39 233
34 134
32 242
33 138

