63

30 171
47 18
30 122
34 229
37 43
23 157
38 66
48 171
23 291
16 245
47 152
20 210
30 208
33 188
32 192
22 71
31 92
19 96
45 260
29 280
28 99
36 59
13 265
24 197
11 231
37 279
46 123
18 203
29 241
10 224
37 201

30 240
40 203
34 244
13 254
19 15
12 108
18 246
46 237
39 285
12 38
44 165
10 263
14 42
34 53
38 267
41 91
27 127
28 257
49 293
46 161
43 255
28 63
44 18
37 21
29 286
31 230
26 103
47 125
36 156
33 281
22 164

24 46
44 134
22 71
29 135
30 269
10 229
29 86
13 85
13 279
18 168
49 268
26 103
25 162
36 84
49 160
20 242
40 191
34 21
31 296
43 253
21 274
43 22
33 230
41 169
31 297

26 143
49 272
10 249
43 153
44 10
40 138
39 18
35 100
21 287
46 100
27 150
10 189
42 219
18 43
22 58
13 280
24 81
38 93
13 50
12 278
40 22
37 18
34 185
28 179
30 46
43 70
10 44

15 27
46 56
31 198
32 169
32 186
18 22
18 143
49 102
50 298
11 287
29 24
34 124
13 274
25 273
36 56
21 263

14 153
17 254
28 157
35 231
39 21
46 238
17 264
43 195
34 235
50 131
46 122
37 170
46 42
25 98
39 140

22 160
19 114
12 69
17 265
20 258
44 137
13 52
44 187
22 71
10 59
44 289
31 275
15 226
27 52
12 291
23 152
42 244
48 30
29 130
23 249
47 134
14 169
19 116

11 281
15 243
41 159
38 93
35 286
44 107
50 166
26 220
34 188
32 12
42 134
41 205

16 112
47 191
19 67
36 87
47 300
44 176
13 182
12 10
49 121
16 106
12 101
33 110
46 231
31 223
45 227
27 228
19 23

17 288
40 224
12 89
24 34
24 291
50 100
11 210
45 286
10 300
17 208
13 164
47 244
31 291
31 198
42 52
15 22
21 79
46 96

25 16
19 193
17 219
27 37
43 89
35 116
42 229
26 113
50 161
39 161
38 157
30 285
31 181
49 180
20 142
25 192
24 215
11 276
40 65
15 291
26 231
48 206
28 196
24 294
28 170
29 166

15 275
14 79
13 278
29 299
45 216
19 215
28 191
20 196
36 18
46 217
25 277
10 118
35 243
48 51
32 118
13 159

20 180
39 96
45 273
35 172
38 14
47 85
50 115
26 250
25 135
13 129
15 152
37 51
46 132
24 33
34 236
38 191
37 179
11 67
46 88
33 44
29 59

17 296
10 261
19 49
18 289
37 292
33 265
34 81
49 152
11 196
47 32
31 19
48 250
45 167
37 186
46 189
31 286
31 245
29 257

27 174
17 32
50 168
30 100
33 187
27 297
35 166
25 269
13 11
26 219
30 245
18 21
42 141
10 37
50 154
37 51
29 37
36 59
24 231
14 17
10 56
42 78
10 69
38 59
42 69
13 114
10 60
16 257

20 88
33 232
25 249
28 131
40 294
47 23
33 297
21 224
11 268
40 129
40 99
43 179
13 158
42 52
38 18
45 290
17 99
19 164
35 178
40 262
13 143

17 82
33 228
20 143
20 197
49 95
38 282
15 231
11 37
47 264
50 76
15 146
39 21
42 40
50 182
10 200
11 185
32 209
40 259

21 136
29 181
28 165
50 129
35 49
48 72
48 205
41 157
32 31
14 140
32 110
17 191
12 65
10 156
46 76
46 100
24 300
46 278
21 56
24 293
19 87
44 142

19 43
12 282
35 300
28 282
45 237
47 102
28 57
14 135
41 60
17 18
28 138
16 20
25 270
41 179
16 20
21 245
24 300
39 51
20 235
38 233

18 51
34 300
13 245
14 295
22 135
31 49
29 235
44 50
35 85
28 162
47 203
14 217
29 42
45 173
14 211
32 289
21 95
48 11
50 155

18 127
47 115
36 99
28 54
14 196
31 205
20 119
11 54
49 191
44 80
47 162
41 27
16 257
24 257
42 72
39 203
39 269
12 176
10 107

26 12
50 53
47 26
18 107
47 297
22 194
26 14
29 246
49 132
24 64
38 97
16 222
13 65
29 13
34 242
21 243
22 19
17 263
35 149
43 115
12 245
49 54
37 111
13 48
22 286
35 296
35 63

12 248
26 253
45 264
12 233
23 299
15 100
27 163
23 181
11 140
49 219
33 129
33 196
34 38

20 143
42 132
16 253
50 206
18 166
19 196
39 289
14 293
40 85
46 208
15 106
32 159
41 145
41 200
50 61
40 276
32 95
49 175
25 270
36 100
30 51

26 226
27 256
39 206
31 272
29 270
20 97
15 95
48 275
40 247
23 132
50 260
21 260
49 126
14 223
45 229
12 251
43 252
29 112
21 185
33 275
41 101
28 291
37 112
35 12
11 293
18 140
44 216

22 15
21 220
21 64
20 104
49 173
24 23
12 30
29 13
47 137
24 185
12 66
50 153
28 171
21 95
42 111
27 258
46 155
13 228
25 181
16 112
47 113
50 38
10 174

16 291
46 35
11 93
22 46
39 270
19 89
31 174
23 300
43 226
42 154
37 58
10 27
21 69
22 142
26 287
40 299
38 147

21 110
14 28
49 160
24 17
47 154
40 208
30 127
49 208
13 163
16 157
44 257
30 272
27 139
46 115
44 145
32 275
31 26
12 185
46 219
18 110
35 231
20 41

11 233
28 117
10 198
19 286
41 258
41 151
47 172
50 15
30 55
20 128
23 11
31 232

30 162
21 180
15 151
16 135
38 116
29 289
39 215
14 65
34 115
48 268
31 216
40 117
12 26
10 135
15 206
26 165
41 98
24 120
48 17
45 290
16 47
22 270
49 149
11 146
42 11
39 72
11 123
15 224
27 118
13 211
44 230

16 92
33 92
22 203
41 160
27 42
39 125
50 272
19 291
13 17
14 106
12 152
21 16
49 293
38 88
10 152
43 161
25 118

11 77
38 104
41 112
30 127
40 295
47 188
49 105
15 55
48 61
10 77
40 99
23 154

22 243
23 250
44 46
42 168
14 45
46 128
31 72
28 290
18 182
47 104
23 206
24 119
50 60
37 151
11 271
44 175
24 14
37 10
49 253
47 103
50 29
35 59
21 57

19 73
47 48
25 161
39 284
37 263
13 258
37 19
25 283
30 182
18 173
23 295
18 87
47 32
12 144
42 225
44 115
39 119
40 192
28 138
14 183

12 284
42 170
20 296
39 124
17 207
44 246
30 21
16 40
40 182
32 115
29 107
44 81
20 297

27 261
13 198
38 25
39 57
14 127
14 141
25 23
37 269
45 34
26 223
26 296
20 53
27 50
48 261
33 41
13 33
26 56
11 284
17 40
34 39
19 231
28 256
21 145
42 164
43 148
18 20
19 194
19 71

16 172
28 290
22 154
36 147
40 275
25 101
41 211
34 22
36 249
38 51
28 217
27 244
47 122
17 64
12 152
18 170
43 162

25 219
20 171
43 46
22 223
21 146
11 204
33 216
46 50
13 56
34 92
40 144
34 53
43 148
46 77
21 235
43 260
32 128
30 211
12 95
37 210
17 174
50 281
27 247
18 178
40 205
45 299

30 124
36 25
32 83
27 205
49 255
21 300
12 270
29 68
19 266
39 40
21 203
38 34
43 215
29 33
38 72
33 296
12 241
38 252
45 127
28 21
19 54
20 290
21 204
41 290
14 236
16 126
39 297
34 219
21 258
22 272
11 106

17 268
45 185
25 296
37 195
13 235
49 291
13 38
41 226
15 60
11 98
49 14
42 219
45 114
40 94
20 66
18 263
25 111
45 238

29 59
25 25
50 137
42 136
39 77
17 210
18 209
15 57
16 234
50 193
30 297
10 216
16 137
49 32
42 257
48 236
35 284
35 181
23 226
17 49
37 195
43 173
20 206
32 290
47 224
46 188
11 243
44 214
28 255
36 60

26 70
24 44
45 175
49 263
32 188
10 278
26 21
36 108
42 35
36 196
33 208
12 245
43 281
50 152
20 232
13 252
28 92
11 93
19 126
40 158
30 151
15 150
21 250
45 242
31 78
38 78
16 85

14 258
35 61
15 121
30 290
15 56
38 121
37 119
45 95
20 258
10 150
11 71
28 62
26 98
10 269
14 216

14 51
46 288
20 40
28 147
42 191
36 286
41 244
18 127
47 152
10 161
16 29
21 165
42 61
10 266
41 165

30 145
19 238
49 13
21 26
15 166
25 230
31 293
48 178
14 96
26 23
30 76
17 277
21 44
12 21
46 37
22 51
29 163
34 80
31 68
13 102
29 246
41 184
13 299
30 289
20 219
39 183
34 74
21 64
10 76
30 136
47 166

21 149
37 109
27 133
33 89
30 254
47 20
42 136
38 46
14 23
24 275
44 225
38 114
40 213
37 265
35 241
16 204
15 158
32 190
16 115
19 197
35 86
34 262

18 36
30 18
43 230
32 166
38 257
10 195
44 137
46 128
21 195
15 285
11 159
22 10
47 67
19 274
48 206
17 284
21 68
33 96
31 269

12 73
12 61
16 163
49 179
50 283
44 31
50 139
23 280
44 268
47 21
38 46
39 102
47 170

23 18
13 37
29 204
46 89
31 154
23 106
39 94
33 112
36 289
21 56
30 22
14 298
47 293
14 277
24 67
37 123
41 52
15 288
41 56
10 107
29 145
10 105
41 254
44 143

10 101
26 288
24 280
10 271
15 85
10 265
17 241
29 171
19 242
10 30
35 143

17 19
16 71
14 211
26 289
43 120
32 289
28 238
42 96
20 231
49 96
34 30
33 186
33 243
25 243
13 26
45 133
47 285
28 119

17 154
40 63
17 300
22 225
17 111
28 35
41 80
16 106
33 235
30 290
24 167
26 189
25 235
22 139
13 158
18 162
42 248
37 84

14 71
28 246
16 150
22 15
25 216
24 249
22 166
14 182
18 212
17 219
40 70
25 226
33 47
16 75
45 243

21 66
40 16
14 265
19 210
27 57
32 263
13 278
50 195
28 158
28 85
35 234
34 92
45 189
23 242
13 101
42 209
43 113
26 132
41 275
43 53
50 227
27 178

27 110
30 296
30 10
29 40
21 153
18 73
35 218
10 45
29 222
17 222
34 32
23 66
39 108
34 118
11 269
28 221
25 38
32 172
49 287
10 210
50 93
26 251
10 224
49 224
34 29
39 175
15 142
22 259

20 31
21 191
32 137
26 83
10 128
29 274
17 54
15 240
48 260
45 201
41 282
42 134
17 22
29 289
38 247
18 15
16 194
36 219
15 159
31 157
15 10

14 197
11 247
39 190
45 223
27 98
33 27
39 56
20 103
37 40
13 78
35 168
34 47
20 83
11 218
30 132

23 71
37 14
24 24
50 240
19 205
43 68
13 158
31 156
18 36
45 135
39 178
35 77
10 202
48 136
33 231
33 130
16 266
31 120
41 150
19 135
10 288
12 77
28 60
13 194

27 77
40 166
11 110
26 235
16 243
39 191
24 150
41 186
48 143
27 68
31 27
44 19
43 235
37 25
16 300
15 162
47 161
41 201
43 290
25 244
16 78
50 126
20 197
50 201
48 12
48 94
49 115
12 27

18 234
14 15
45 196
27 44
28 38
12 204
40 54
27 202
20 176
20 34
23 249
11 293
18 253
46 99
24 90
33 230
48 227
31 26
45 149

27 243
47 89
41 25
10 86
13 18
45 97
33 45
14 66
48 54
38 261
21 193
12 66
50 193
23 187
23 293
37 279
28 71
10 169
34 61
13 118
36 299
15 99
18 289
32 116
18 52
19 127
16 94
35 275

29 160
31 208
47 20
41 171
31 299
34 126
38 105
27 52
33 24
40 229
22 242
39 89
47 211
43 182
44 43
35 231
11 81
12 215
30 268
37 179
31 223
27 192
26 86
48 15
50 239
36 245
36 293
46 278
22 81
10 288

24 96
48 107
46 168
40 89
25 94
17 111
20 27
18 137
12 92
34 254
36 240
30 166
10 271
32 245
18 127
35 209
45 300
15 124
32 102
21 12
42 224
34 266
10 100
16 217
24 66

