53

23 157
31 110
15 161
10 53
41 87
35 248
27 83
42 50
28 137
37 100
24 211
23 107
29 263
34 299
45 55
19 86
49 157
22 141
24 96
34 206
47 27
22 253
15 228
47 270

28 213
20 199
35 246
20 164
24 52
39 80
20 35
28 72
32 294
22 28
34 37
46 184
32 226
13 292
43 101
48 196
34 53
13 236
12 290
47 292
10 157
26 202
15 196
10 137
26 52
43 131
42 234
15 182
27 203

17 48
23 122
36 266
25 273
47 62
39 182
37 216
35 165
11 114
40 252
24 275
33 128
18 162
20 118
47 28
27 201
44 142
17 209

22 94
48 101
16 52
29 16
22 172
21 247
29 58
32 108
14 179
41 240
20 267
33 14
45 203
40 88
14 110
21 269
32 63
20 241
25 180
40 12
38 41
36 44
10 263

21 41
41 197
47 13
31 88
50 137
15 285
29 156
46 124
47 27
45 241
39 146
25 108
50 34
21 60
36 192
10 11
48 126
23 288
29 290
11 50
21 177
28 299

21 274
34 150
44 272
36 89
19 233
29 293
15 206
33 275
13 64
30 102
48 78
42 207
43 71
26 298
20 28
14 63
23 10
34 28
36 264
49 228
46 29
46 156

24 206
25 49
27 216
23 53
41 244
43 128
39 222
15 210
34 39
31 128
39 97
35 261
15 248
11 24
20 92
15 172
28 202
50 89
38 31
18 13
26 278
33 274
30 154
15 178
37 56

27 255
40 84
47 200
30 259
19 93
44 123
48 270
37 198
17 23
27 95
33 133
18 232
40 160
19 193
41 269
13 13
13 228
48 213
48 51
10 37
28 42
34 178
46 50
45 165
22 32
31 190
20 149
36 109

22 231
27 210
47 240
36 111
46 260
29 138
42 122
36 246
16 119
15 21
19 23
37 144
39 238
18 238
28 265
22 200
21 209
25 15
39 53
33 58
38 177
46 152
39 211

29 53
22 92
43 77
38 168
17 102
17 33
31 60
23 129
30 175
36 33
22 101
19 282
39 201
11 239
13 298
46 117
11 39
14 165
38 134
48 198
34 166
10 286
10 142
45 288
15 278
40 171
18 231
44 191
15 150
11 132

14 229
12 229
45 114
18 148
45 292
45 23
30 294
20 170
43 225
42 67
10 114
49 38
35 234
49 261
19 88

12 222
32 188
23 194
36 181
20 202
35 79
43 125
43 106
42 215
47 216
28 247
22 30
42 58

22 90
27 112
13 278
38 120
44 134
15 37
24 25
19 252
15 119
35 262
19 32
48 246
43 261
37 288
14 268
24 241
40 128
36 36
21 75
43 268
46 215
43 161
47 154

15 145
30 91
27 229
17 134
30 161
28 170
13 202
33 139
30 163
23 245
35 76
31 108
39 95
10 279
15 31
39 177

30 88
32 211
26 157
19 156
18 168
16 126
17 77
18 84
21 272
47 296
40 240
30 50
34 125
11 154
30 110
25 159
26 115
18 191
41 119
37 171
13 14
43 35
16 49
36 11
28 52
21 29
15 194
44 199
44 85
42 76
47 173

10 290
10 247
43 22
15 224
11 78
17 202
12 145
34 126
11 188
32 236
21 275

27 67
23 214
30 296
33 222
33 195
38 144
30 257
30 83
18 35
32 130
43 264
47 162
37 151
50 120
26 167
47 235
31 39
20 218
35 74
50 151
16 156
25 213
42 175
31 246
35 215
27 51
34 206
35 128

27 162
20 163
37 120
10 187
43 19
16 234
43 30
26 298
10 50
33 293
46 14
19 159
27 232
23 191
25 148
42 45
10 173
40 108
33 237
46 297
42 114
36 183
14 103
34 219
36 140
26 207
12 65
39 29

25 215
35 253
38 221
10 265
34 262
20 141
17 207
19 23
31 221
27 205
16 46
41 176
42 86
25 295
33 215
28 160
41 280
46 33
33 195
33 218
42 203
45 280
13 222
24 81
23 248
29 279

29 253
13 15
50 136
16 17
13 42
39 227
20 243
44 16
32 108
26 33
40 283
36 176
25 223
29 38
33 22
38 286
33 266
33 161
32 213
33 168
43 174
32 199
34 291
35 154
35 38
20 108
44 104
46 114
44 139
30 233

14 293
24 237
41 294
42 52
41 280
24 37
48 78
27 119
48 231
22 230
43 275
26 168
39 82
12 166
24 168

24 184
43 71
19 217
32 50
28 215
20 77
43 137
46 196
14 224
29 56
27 217
22 263
25 29
14 225
44 228
14 41
37 245
31 97
29 168
15 10
33 206
25 222
41 50
11 195
26 207

26 140
42 176
23 95
29 57
30 154
46 287
13 61
11 264
23 219
26 170
16 283
17 189
25 282
16 37
23 129
18 202
21 199
32 287
45 282
37 235
32 210
16 152
10 121
37 93
47 110
10 235
45 134

19 116
48 113
29 132
25 128
43 218
15 295
36 16
43 253
40 22
13 127
31 262
38 70
29 280
22 21
10 72
31 227
16 76
46 247
19 66
25 66

23 97
25 158
25 130
23 16
48 263
34 81
45 11
24 179
44 62
34 149
30 263
11 158
11 220
12 100
39 144
41 128
21 185
16 225
22 288
12 55
22 24
20 252
15 268
49 214

20 258
10 194
49 44
12 209
24 141
13 138
11 274
44 229
43 261
10 37
32 229
10 300
33 221
49 295
12 248
23 193
36 145
47 284
13 107
14 28
50 176

23 147
38 14
21 221
49 133
40 20
39 233
11 181
50 244
12 104
45 254
20 259
44 71
27 131
11 90
42 250
45 188
31 18
35 57
39 67
30 38
46 68
28 242
31 92
20 110

11 121
46 275
24 167
10 135
17 74
38 189
39 234
24 148
37 244
28 167
44 53
49 290

26 239
32 76
23 144
37 34
48 281
28 108
46 26
37 233
49 49
38 158
24 182
35 204
31 208
49 136
25 252
35 196
20 137
31 183
23 88
23 75
49 253
33 134
19 22
41 188
35 142
34 165
11 114

30 143
30 121
19 176
43 212
29 142
13 148
20 33
47 236
39 80
38 256
44 33
49 199
13 290
40 37
40 62
31 99
11 57
47 203
17 202
37 75
46 134
36 258
12 22
50 122
22 56
15 144
19 134
29 265
43 212
11 112
24 246

12 36
14 16
15 200
21 34
42 34
23 94
45 79
49 245
17 220
24 70
34 17
33 221
47 123

24 257
10 167
13 275
31 23
11 160
34 175
38 88
25 147
41 106
27 262
33 226
11 173
12 179
37 215
38 130
10 178
10 162
16 29
39 284
10 194
37 225
34 115
34 248
48 230
36 188

17 62
10 255
13 220
10 162
29 229
46 130
45 145
35 210
12 45
44 27
38 19
22 181
24 255
41 165
29 273
21 24
45 299
45 98

16 152
14 179
44 138
34 192
45 222
50 210
11 193
46 289
21 276
39 265
40 253
18 121
17 11
36 273
16 237
13 188
19 11

28 120
29 121
11 250
12 63
21 102
47 101
39 143
14 129
28 208
50 142
13 284
13 209
12 17
15 198
30 42
41 57
35 292
29 266
13 164
24 56
46 102
50 54
50 182
18 32
21 122
29 283
48 213
45 105
33 209

15 41
18 112
12 82
24 274
27 216
11 269
37 110
41 80
19 249
20 117
18 229
38 265
31 103
19 59
16 144
47 158

24 248
38 16
40 65
27 195
22 140
21 46
19 272
10 145
35 277
21 256
41 227
43 126
28 45
24 197
19 173
13 42
13 196
13 215
28 42
12 232
46 289
26 163
14 151
42 188
46 224

15 158
22 256
20 51
46 146
33 55
10 101
42 201
42 107
45 128
25 262
42 200
17 273
29 167
10 82
45 228
25 131

29 250
17 182
23 117
29 127
39 72
22 22
48 56
26 38
19 216
48 28
42 219
24 73
28 38
50 266
44 263
27 59
36 34
42 16
39 158
22 219
25 258
36 224
46 263
42 52
40 257
36 205
39 292
17 166
10 207
44 248

11 217
26 235
27 235
26 146
49 238
25 39
26 149
11 177
24 153
10 234
11 153
18 294

13 187
26 120
18 78
24 11
34 241
13 109
41 210
17 98
42 191
49 85
36 299
24 204
24 250
38 103

28 173
48 69
22 51
49 118
33 73
36 20
10 23
29 294
35 51
22 214
38 187
44 13
33 184
43 207
50 12
31 203
42 195
22 224
36 213
41 236
40 183
11 298
48 79
11 64
15 38
26 60
41 79
32 196
34 244

27 167
12 205
13 151
21 134
18 208
43 210
37 172
31 40
37 231
39 36
15 240
49 292
42 78
27 104
14 271
30 134
23 115
30 250
43 160
21 288
44 263
19 193
15 28
30 38
16 224
35 138
13 184
43 202

22 107
16 76
24 163
46 81
36 79
20 34
33 35
34 109
10 266
24 202
19 43
38 178
30 52
12 177
24 209
35 110
20 244
25 179
16 193
41 47
35 166
37 13
38 18

11 59
49 233
24 59
21 67
50 188
26 241
28 190
25 181
41 202
47 204
33 111
41 154

12 21
50 223
17 175
12 226
31 220
49 108
18 224
36 222
11 74
32 161
44 248
44 121
40 284

10 230
33 83
44 50
41 168
38 172
27 273
44 244
27 44
47 153
10 269
40 264

12 133
18 257
10 224
48 136
10 25
48 78
43 201
14 247
10 298
48 236
24 201
16 200
47 275

11 116
41 235
23 280
46 173
27 90
20 20
41 271
30 268
15 218
11 41
22 36
38 273

22 285
46 137
46 260
29 18
27 53
18 76
20 161
23 276
48 74
36 194
37 87
49 172
37 235
27 53
45 297
10 240
44 195
47 15
14 190
20 84
12 24
18 217
15 235

13 129
34 288
49 184
29 138
19 165
20 282
26 156
43 180
19 289
44 179
21 53
39 49
40 200
50 62

16 196
16 95
17 106
33 217
18 263
18 15
28 111
30 275
17 218
22 256
24 297
47 141
15 78
12 38
13 282
35 19
39 195

24 231
39 13
22 24
37 259
23 205
20 12
37 240
15 188
28 229
35 260
19 159
27 38
14 99
23 243
17 197
24 125
29 217
15 265
15 246
11 150
37 55
14 146
35 99
15 41
35 239

