60

28 82
15 298
47 168
30 182
47 11
25 169
48 103
14 19
37 228
22 41
10 39
36 177
38 48
25 281
43 65
32 259
20 216
36 300
45 98
15 203
40 33
38 270
29 127
31 212
48 116
30 65
17 160
17 80
38 160

10 141
10 73
38 76
48 192
13 152
46 150
29 111
38 245
29 148
44 17
45 279

25 233
35 23
27 101
28 33
29 143
44 30
23 67
25 197
50 155
23 208
44 195
32 148
21 21
48 209
46 141
50 284
42 62
38 92
21 92
26 148
11 91
34 200
43 215
15 283
24 212
22 207

29 65
10 65
15 295
43 119
18 268
19 79
14 282
37 65
34 107
29 10
17 248
43 58
50 140
21 267
35 294
50 261
47 94
13 179
16 169
12 232
45 27
20 237
27 244
30 260
30 273
15 105
20 162
17 145
41 297
27 228

15 181
46 194
27 161
13 238
16 204
12 175
16 202
34 53
47 67
44 189
43 103
14 153
19 52
46 101
21 186
14 115

16 171
18 265
23 208
33 185
26 191
50 52
41 115
13 253
29 252
42 267
25 64
39 272
17 183
34 288
14 122
10 34
18 265

19 59
46 38
44 154
36 37
39 15
12 11
41 294
50 239
27 253
48 291
46 24
18 90
35 207
25 15
26 24
34 81
13 46
42 175
34 126
38 212

14 264
22 20
12 293
12 39
42 129
36 53
31 259
18 148
14 14
20 161
13 207
50 231
14 279
40 184
32 47

14 126
37 62
28 140
49 176
25 28
39 248
46 158
26 60
49 222
30 111
47 106
42 94
23 174
18 255
30 188

20 156
13 46
44 23
25 60
47 142
32 235
41 299
26 62
32 125
18 251
39 140
26 216
49 51
19 241
23 93
22 257
49 243
28 27
40 56
29 265
14 128

24 38
24 50
24 93
40 273
14 59
16 282
18 160
48 270
50 29
31 107
36 243
23 43
14 212
39 252
18 121
50 53
33 292
17 195
12 74
10 37
19 178
43 85
17 268
24 196
41 63

25 15
28 211
15 157
41 46
25 127
19 211
45 37
50 53
26 127
42 22
39 221
32 289
22 69
34 210
36 271
41 268
48 156
35 171
46 200
23 208
15 294
33 218
21 167
14 56
28 265
12 25

10 229
10 70
32 104
34 190
32 272
35 291
24 202
38 231
10 191
27 271
25 145

26 191
41 196
12 240
10 159
33 164
14 114
16 20
40 236
31 62
17 70
34 86
25 242
45 61
40 194
34 59
27 42
34 215
15 288
31 178
23 69
30 22
48 258
24 199
16 228
19 90
21 38
12 21

19 234
32 92
12 119
39 202
31 213
16 101
22 272
20 145
21 198
37 181
32 176
10 38
50 222
23 277
40 52
36 160
50 171
22 94
19 286
36 186

12 120
18 267
35 124
47 248
21 116
44 185
18 285
34 55
28 262
29 141
22 112
21 169
11 17

12 229
39 154
37 77
37 285
40 267
21 209
12 46
50 155
25 114
50 108
50 59
40 205
11 196

18 60
46 246
46 131
30 284
18 115
35 195
22 235
11 201
17 250
45 189
30 192
38 143
29 182
18 260
36 52
50 102
28 228
26 99
20 226

29 285
40 181
34 277
34 175
35 86
37 130
10 99
19 43
23 246
50 284
47 81
12 19
10 104
18 273
41 226
40 107
41 175
35 174
31 222
48 299
22 292
28 168
33 221
17 228
43 151
33 237
45 11
26 54
39 262
33 223

19 32
46 257
33 299
20 93
19 232
14 279
48 89
17 56
22 252
18 62
41 196
23 245
33 183
45 74
49 37
23 41
42 118
45 209
44 183
21 248

30 189
37 195
50 191
19 294
28 227
20 208
35 262
38 151
31 30
39 274
32 116
36 260
35 95
45 55
45 77
36 223
49 69
32 282
18 99
23 98
34 153
12 281
24 204
46 169
48 136
19 134
40 214
32 76
32 186
13 230
34 177

25 43
11 145
38 252
29 274
43 68
46 213
36 93
50 65
18 60
32 248
28 125
37 187
18 74
47 292
49 133
45 232
29 67
15 49
39 161
13 247
49 157
19 285
28 155
13 185
15 161
31 45

22 293
24 171
50 204
36 292
26 106
24 284
36 109
38 198
41 26
21 105
48 177
24 140
50 251
35 237
23 111
26 103
23 293
34 293
38 179
41 51
13 51
41 219
33 220

29 243
29 64
22 37
41 191
17 158
29 295
33 176
24 66
45 74
48 32
38 27
27 202
17 220
11 81
26 209
11 190
45 85
14 266
30 11
44 294
25 239
16 279
46 21
30 49
36 133
29 47
34 266
49 204
24 16
47 63

10 134
32 180
27 192
24 38
43 113
29 157
15 75
50 27
12 202
46 28
30 185

20 144
45 287
40 181
38 131
49 192
29 184
33 227
32 102
42 140
18 215
33 104
14 78
19 193
23 208
31 281
47 89
11 123
39 75
39 254
30 176
15 204

28 231
26 110
33 268
34 272
32 64
28 269
24 246
33 155
28 240
18 180
42 115
16 277
34 33
44 78
42 82
35 149
36 22
23 247
44 30
49 234
37 226
25 261
48 241
15 46
49 36
11 163
28 57
16 70
20 143

14 112
22 139
33 58
20 84
14 203
10 12
24 37
17 46
28 77
48 115
17 174
46 187
26 94
30 225
39 123

14 103
13 147
33 164
15 245
13 99
18 273
31 246
22 250
26 161
48 259
27 261
46 86
26 273
31 106
22 144

20 28
14 223
41 153
10 59
10 237
14 84
27 86
17 248
18 214
30 158
25 170
38 193
10 204
29 157
14 283
44 133
36 126
17 151
47 296
17 240
41 262

10 276
26 34
27 189
45 46
24 261
40 112
28 11
49 100
28 241
50 298
21 110

13 78
29 51
45 232
20 142
30 150
45 50
50 238
43 30
22 52
32 92
12 119
24 62
43 184
23 142

15 39
44 40
18 114
14 161
16 101
43 261
35 87
15 242
49 161
13 219
14 128
29 74
26 231
22 134
17 163
43 122

19 165
28 133
10 90
44 126
48 274
47 146
35 247
44 124
21 73
22 209
49 287
30 250
42 72
19 85
20 191
41 37
45 291
32 284
41 23
23 184

21 38
22 226
10 161
34 271
19 128
34 239
34 230
23 300
43 100
29 251
30 228
17 120
28 119
33 136
37 47
19 294
39 243
11 125
19 298
33 288
50 234
29 13

22 173
17 237
30 157
38 46
46 217
28 194
13 65
35 110
50 110
32 135
19 159
20 137
48 297
41 98
29 55
36 53
24 135
19 70
21 193
17 192
41 115
47 140
26 265

12 123
35 281
14 54
41 292
47 69
29 291
45 275
41 10
30 26
32 134
39 35
39 264
26 182

12 79
44 296
10 125
24 120
11 190
43 174
21 105
13 285
14 146
43 242
14 163
32 48
35 154

17 234
30 275
50 266
46 107
37 92
24 297
33 100
39 51
37 235
28 250
34 226
15 234
35 54
25 177
24 170
40 162
38 206
30 23

17 154
34 221
15 215
35 262
50 88
46 131
24 110
27 108
37 74
11 268
13 269
27 10
25 161
38 173
39 261
36 200
26 252
37 69

17 18
33 88
22 123
49 46
14 49
44 195
36 164
15 268
50 88
13 59
49 206
40 80
11 206
44 297
35 175
24 274
15 242
28 92

12 207
19 172
42 49
31 253
50 188
43 198
21 80
33 271
42 197
21 101
50 170
28 240
24 193

30 183
35 140
29 181
43 135
32 34
31 79
25 114
41 39
13 81
23 270
42 255
17 77
40 102
39 266
12 207
47 256
21 159
13 138
47 255
47 74
42 172
23 166
42 236
35 57
35 221
23 285
22 265
16 10
42 181
24 151
21 219

12 40
49 39
30 232
38 211
50 14
25 119
40 210
29 55
19 222
38 103
22 145
20 271
21 18

24 184
46 201
41 114
37 208
27 74
32 19
22 278
33 109
44 249
40 297
33 201
39 201
46 249
31 269
48 167
22 235
14 46
34 230
26 225
12 81
14 253
48 287
45 236
13 10
28 229

13 91
34 203
35 67
23 85
23 103
23 136
36 206
37 266
25 155
46 226
46 108
15 273
16 247
31 188

12 122
18 251
47 251
30 166
26 262
44 270
25 219
13 101
46 153
45 90
28 134
35 239
26 74

18 269
26 273
27 110
49 81
44 275
16 68
50 182
28 187
19 80
44 277
13 236
21 171
27 245
38 227
11 209
21 35
39 224
50 103
50 59

30 184
29 162
30 146
21 247
29 99
22 244
31 91
44 124
47 230
45 132
50 97
40 21
45 231
50 210
22 19
33 75
34 60
33 86
31 153
38 93
22 52
20 219
26 111
25 176
21 225
10 76
49 34
26 238
44 159
29 61
12 38

10 243
26 186
31 109
50 239
22 151
48 144
11 282
26 115
21 182
41 175
41 222

13 158
30 190
46 112
27 173
30 143
24 73
17 271
47 270
48 226
15 106
25 178
49 185
25 168
50 27

20 75
15 49
38 96
26 145
14 174
16 118
13 36
33 111
23 139
24 205
38 141
41 288
33 193
43 64
28 265
34 82
17 187
21 234
16 81
13 241
18 256

22 165
47 155
16 107
23 32
14 232
24 276
16 207
23 116
35 250
35 40
49 300
20 158
22 236
39 253
19 286
49 231
15 188
29 289
41 105
12 274
34 238
37 102
13 110

11 14
23 36
39 112
50 136
10 218
20 163
24 239
12 222
17 79
23 193
45 221
47 192

30 22
19 76
43 232
34 144
29 248
14 16
26 214
46 83
49 173
31 178
14 84
12 87
20 121
39 123
27 168
28 221
24 214
49 227
47 70
40 265
48 289
17 181
17 38
31 21
44 66
24 106
17 26
20 30
26 71
22 208
46 254

18 151
48 87
49 258
47 277
24 240
27 256
21 79
15 256
45 250
29 115
29 232
20 273
22 160
35 69
42 123
14 209
46 69
27 291
28 118

17 240
12 166
16 265
40 43
34 210
40 240
22 35
23 101
32 137
22 241
22 282
40 157
48 278
12 251
16 92
19 222
27 171
20 153

18 294
44 172
17 154
45 214
19 62
19 181
15 67
31 77
48 213
22 215
35 62
40 40
24 15
40 166
27 267
25 91
25 288
40 195
44 200

25 207
32 59
32 291
20 78
33 201
36 250
21 148
17 75
12 173
27 219
45 181
24 218
43 11
47 101
20 44
44 100
44 135
10 270
47 227
24 81
11 290
21 161
25 248
21 213
19 263
33 126

15 32
36 244
27 158
19 67
30 224
42 53
35 106
19 187
12 108
27 127
28 129
11 195
45 250
31 278
19 188
43 100

