66

12 65
48 115
45 13
34 149
37 101
49 113
34 140
23 33
37 93
10 80
17 73
39 177
24 127

25 136
46 248
13 112
48 14
21 294
35 148
26 85
50 191
23 209
32 157
38 259
31 293
15 167
49 34
30 74
31 173
17 284
37 24
27 109
43 179
21 228
10 175
45 150
21 185
45 154
15 69

19 279
11 117
30 90
10 235
21 256
10 151
38 21
26 82
32 112
22 230
39 126
35 271
31 95
14 132
31 64
29 230
11 289
26 197
48 264
14 114

23 83
32 185
32 96
36 216
22 139
16 111
29 236
12 137
34 161
27 100
39 247
18 37
37 28
24 186
47 117
29 85
42 110
46 277
23 170
26 125
40 300
39 249
15 20
46 33

12 216
41 245
11 282
20 289
28 264
40 290
27 254
15 218
22 92
33 206
41 192
33 182
37 52

14 283
32 268
16 32
38 18
44 237
15 115
18 240
18 73
33 155
18 124
13 167
22 20
36 56
50 115
34 149

10 150
14 227
41 65
27 41
13 199
19 72
17 226
22 235
29 48
16 65
19 106

28 289
15 169
40 274
39 260
17 269
20 78
27 132
46 163
14 286
22 26
11 206
17 262
15 173
41 262
29 51
11 290
34 238
12 53
11 40
42 228
29 12
15 55
48 121
32 185
50 229
41 128
43 114
28 75
23 154

26 97
32 172
29 84
25 231
14 91
29 263
26 34
13 270
46 194
17 288
41 106
37 106
29 170
43 266
36 178
50 112
38 272
18 202
10 38
16 75
42 84
19 246
36 192
42 49
13 120
47 149
13 88

15 192
19 285
22 181
13 79
43 127
17 75
41 214
32 298
17 91
26 59
29 118
24 168
24 165
29 276
42 51
25 64

25 182
46 235
43 276
38 233
48 96
18 35
14 100
18 32
25 204
11 222
28 110
25 163
33 131
47 196
49 287
10 82
22 293
25 113
22 289
36 122
37 165
28 61
24 240
44 299
28 92
20 26

30 224
31 161
42 275
21 19
25 289
21 290
33 162
41 41
11 169
50 182
35 246
49 293
46 245
47 11
40 79
43 114
33 210
10 183
40 285
37 37
20 104
10 60
41 255
24 291
14 260
19 266
24 261
42 51
23 151
31 142
17 294

21 62
29 64
25 18
38 130
26 164
16 78
35 139
13 298
13 27
29 116
38 222
10 91
42 213
43 214
50 104
43 45
50 69
38 293
13 159
12 289
29 230
14 28

30 193
27 116
34 228
12 31
50 255
34 84
45 214
45 173
49 130
48 175
12 122
21 70
15 287
37 45
26 294
28 200
25 95
17 47
48 107
10 23
34 146
33 58
34 62
31 91
35 11
15 273
26 204
38 104
30 209
32 132
49 234

25 155
31 278
45 187
10 150
23 144
11 206
12 175
29 34
16 138
39 36
17 15
50 134
50 36
20 261
48 263
21 91
12 138
18 229
18 200
21 107
46 33
21 37
26 114
48 41
37 197
39 208

17 223
17 154
41 31
23 234
41 184
24 202
34 294
26 171
22 137
31 171
39 259
33 274
36 229
31 121
27 10
45 205
18 87
40 293

11 84
14 299
30 20
42 265
35 157
12 260
48 21
13 31
40 64
21 89
17 228
45 54

12 299
31 211
26 77
24 128
33 165
18 263
32 24
31 299
46 138
18 269
32 17
41 86
42 208

10 71
48 210
20 196
27 51
34 239
40 183
28 197
42 216
41 91
13 223
12 181

26 279
11 47
47 226
42 139
17 146
33 88
43 143
42 68
20 47
36 30
18 154
21 48
31 36
40 183
30 33
14 129
40 124
15 203
40 40
42 201
32 190
38 174
10 242
47 192
10 136
45 25
23 146

17 291
17 248
11 130
38 97
38 83
25 157
46 262
17 224
16 218
22 108
49 287
19 272
26 38
29 239
22 53
14 208
42 76
29 256

13 253
19 172
49 200
13 240
44 185
45 275
30 33
29 291
15 275
35 172
41 21
34 135
29 298
24 237

22 203
29 92
35 195
28 196
30 145
44 47
39 289
11 71
44 131
44 225
50 223
38 199
37 89
34 126
29 20
20 37
48 218
10 220
50 214
45 80
18 54
31 180
28 90

18 259
24 116
27 131
29 78
38 183
21 292
30 19
21 132
42 148
30 252
19 25
22 206
23 206
39 29
32 26
14 122
23 79
29 214
50 45

12 278
34 169
15 199
19 87
37 15
47 21
44 150
34 234
20 173
22 297
10 99
50 52
50 22

27 142
23 99
14 232
34 174
40 185
24 106
17 56
35 255
10 300
20 101
41 36
42 200
24 108
19 213
34 217
16 61
40 158
13 120
10 191
25 248
21 155
31 203
40 229
11 67
10 261
49 150
14 56
35 96

26 243
10 300
14 122
13 33
33 71
44 279
35 42
12 289
36 145
13 181
39 209
35 164
27 180
18 272
40 297
27 210
45 150
35 198
23 207
35 260
31 248
12 175
22 25
43 132
47 187
39 75
28 253

10 44
48 89
37 279
11 236
15 260
28 185
28 53
12 132
42 209
37 270
42 283

18 87
47 211
21 117
10 134
17 296
17 26
12 283
44 181
43 79
47 193
11 286
22 106
24 163
19 262
32 205
15 69
44 77
44 119
26 96

10 13
24 49
16 53
45 103
33 168
11 256
21 120
39 270
24 268
25 280
33 74

25 145
18 18
37 128
44 85
38 293
26 147
40 269
43 57
39 88
20 255
10 213
46 139
24 267
22 268
13 249
30 73
13 31
33 130
22 217
42 242
26 209
36 140
13 48
21 208
30 105
16 180

23 300
45 300
40 282
23 174
36 98
13 240
16 204
50 151
10 260
28 70
25 258
27 119
14 91
49 123
30 22
43 240
37 86
41 38
37 241
14 141
45 218
49 151
18 248
47 195

15 285
21 37
49 247
20 118
16 232
31 75
40 196
33 232
33 62
14 164
49 96
19 219
10 205
45 285
47 130
18 208

24 120
12 35
18 203
25 277
40 283
35 298
34 173
42 289
42 279
49 18
29 64
37 181
34 93
38 214
50 112
12 215
18 151
36 64
37 242
40 240
45 292
21 178
20 253
34 206
15 97

27 170
35 124
31 99
19 98
16 251
23 285
40 254
49 248
28 139
24 256
36 262
19 39
31 102
30 279
12 162
24 10
28 39
27 124
26 80
21 103
38 53
38 43
31 195
43 84
13 184
23 169
45 102
43 274

18 264
47 125
36 173
35 153
39 212
41 70
26 157
30 112
31 272
15 116
14 190
30 100
49 281
28 270
43 57
27 39
35 171
44 95
21 120

27 87
18 174
29 153
19 249
21 219
16 156
26 271
35 122
17 272
19 32
47 277
35 172
45 276
17 224
36 105
10 131
16 244
26 160
30 241
48 78
27 104
35 57
13 35
31 44
10 94
11 161
22 227
36 159

22 147
41 145
14 293
46 262
39 65
29 148
27 187
42 272
18 15
25 56
24 78
19 300
15 228
10 102
24 275
36 242
31 106
47 159
12 104
13 19
21 211
39 149
50 251

11 132
28 276
33 53
39 250
43 12
11 192
47 263
46 299
27 164
44 77
27 147
30 268

29 252
41 184
50 26
20 275
15 288
18 216
30 217
43 175
10 115
45 88
14 58
17 165
46 237
43 266
29 121
46 57
37 46
19 172
35 292
22 138
49 11
48 112
15 76
38 88
22 218
38 174
19 225
27 111
30 115
35 145

21 69
22 135
19 208
50 46
15 22
37 142
31 274
10 115
32 164
19 145
40 158
34 153
47 124
10 298
15 274
44 182
15 194
42 118
38 45
23 134
19 64
25 142

12 184
11 85
47 82
30 159
37 226
11 99
29 169
27 272
10 97
27 149
47 234
47 296
23 253

24 145
17 236
20 159
29 252
47 16
44 215
23 250
45 256
39 187
43 251
24 205
26 282
23 184
16 188
38 11
20 47
48 53
30 128
46 255
43 245
50 228
39 129
28 217
36 31
41 168

23 97
36 209
49 224
41 39
22 36
34 168
25 68
46 121
16 127
30 56
44 134
12 149
17 42
23 239
39 86
21 69
30 265
48 191
22 239
43 90
14 69
32 286
46 67
32 187

30 35
39 40
26 161
31 185
18 190
30 84
48 53
27 20
37 23
40 249
20 178
42 285
50 189
44 76
28 112
48 188
46 233
38 261
27 10
29 155
40 189
14 164
50 147
50 279
43 203
40 172
39 245
16 178
48 78
12 105
50 259

28 67
42 138
15 295
18 187
20 145
49 139
20 151
17 296
43 135
28 234
17 201
31 65
37 271
26 244
49 221
26 268
27 251
46 137
13 148
29 13
16 210
33 207
30 233
46 35
16 54
32 206
24 23
13 106
30 277

24 41
43 95
17 187
33 51
23 29
47 93
24 246
30 88
47 172
28 33
32 52
43 193
25 189
36 129
13 121
47 163
24 292
23 46
28 13
48 112
19 91
19 174
16 24
25 100
25 266

30 10
45 161
35 18
14 215
20 153
45 192
39 267
11 293
28 112
14 71
41 274
50 61
17 97
32 81
31 88
46 258
37 57
20 271
40 80
45 258
43 46
10 189
11 14
28 91
27 81
15 209
28 61
18 125
23 213
15 263
10 110

18 32
43 158
32 123
16 103
21 204
34 181
11 238
32 31
36 233
47 236
22 241
33 211
46 43
23 81
31 151
35 295
24 201
36 57
26 169

16 49
27 283
13 183
25 78
28 154
10 203
43 169
44 269
10 141
13 190
41 284
38 282
23 45
38 104
15 291
43 67
13 133

29 162
48 273
23 136
26 153
22 145
17 13
16 76
35 223
39 264
41 207
37 34
15 32
28 40
45 206
10 163
39 282
20 99
26 70
45 65
27 19
37 167
28 163
23 136
17 215
17 131
11 107
20 288
28 238
39 176
39 212

23 256
42 34
27 252
11 131
38 26
49 132
12 187
29 252
18 70
22 68
31 246
15 70
40 260
10 238
33 195
19 231
19 49
36 71
23 266
13 162
33 34
27 160
50 291
18 90

25 178
43 53
36 172
15 10
39 82
38 28
10 102
24 214
16 53
14 29
21 294
17 82
40 105
16 231
22 179
30 227
43 247
17 222
42 53
47 198
43 289
29 296
47 299
10 208
47 19
25 221

28 129
39 284
35 56
26 253
45 120
32 101
33 20
21 293
26 194
50 208
39 122
19 272
15 86
33 61
14 255
14 274
48 152
12 172
44 210
50 230
49 83
35 79
20 142
35 115
20 282
31 23
15 76
21 113
37 233

23 137
13 51
10 138
49 28
41 247
28 257
40 250
23 119
49 178
14 297
32 202
39 148
45 234
20 166
20 30
26 90
46 182
14 26
16 118
43 185
48 158
29 102
45 236
44 101

22 249
34 12
35 246
32 254
23 273
43 107
10 149
23 204
19 116
28 219
21 96
11 128
12 278
27 289
13 106
21 48
29 197
21 91
36 210
22 191
30 175
31 257
15 284

12 232
32 217
44 60
28 47
19 144
35 292
27 108
29 189
33 283
27 266
41 210
31 60
24 215

11 126
27 92
16 170
20 169
21 223
26 129
50 271
10 61
49 19
11 127
35 43
15 78

22 240
18 279
35 178
27 275
36 180
17 73
24 193
50 264
27 178
40 100
45 20
12 281
13 161
48 150
23 70
47 103
14 272
46 131
29 63
27 37
21 187
24 275
38 182

12 22
10 193
45 198
36 198
34 61
21 268
47 180
19 159
19 146
22 266
10 124
17 24
44 172

22 29
10 11
41 98
18 122
47 218
14 50
35 182
49 262
31 295
45 59
42 126
50 154
18 143
38 264
38 31
50 262
27 157
48 172
37 197
39 11
14 292
43 199
41 203

13 249
15 89
37 88
31 19
10 133
50 263
18 175
21 140
39 84
16 51
23 158
29 71
19 236
27 246

18 190
43 163
44 66
50 185
25 238
13 294
34 156
49 79
16 261
24 86
48 48
46 88
12 52
14 139
46 195
24 12
39 71
11 10
44 220

12 166
32 68
34 150
20 28
39 40
41 211
39 33
42 142
45 25
13 234
28 13
24 251
13 135

20 152
42 252
26 64
24 165
42 105
28 208
50 103
27 200
26 165
24 70
47 33
23 11
33 241
49 262
23 67
26 279
28 261
20 256
41 173
39 171
47 295

20 252
14 182
38 114
46 222
17 224
27 113
18 128
19 253
31 112
37 22
26 93
45 255
46 41
21 300
17 30
41 290
36 243
24 111
14 220
17 128
47 254

