50

19 260
26 169
46 174
14 297
46 186
31 192
27 293
27 33
16 98
29 224
48 98
28 258
14 55
12 25
11 182
18 155
25 49
27 139
10 83
36 257

29 66
10 290
34 160
18 266
32 148
43 22
50 171
31 190
13 99
39 72
13 57
35 19
21 118
38 246
38 113
28 218
31 171
31 254
20 176
23 32
32 231
36 153
28 233
14 146
39 235
21 240
16 261
44 52
48 273
33 183

12 131
30 282
16 224
33 67
20 175
40 178
39 161
50 242
33 289
40 150
48 228
46 236
30 219

28 228
10 124
13 270
38 221
38 271
19 105
49 13
11 241
49 287
17 97
32 261
17 183
30 224
27 171
31 279
17 244
44 277
21 147
34 18
16 145
43 41
38 174
11 293
23 94
10 194
32 36
11 104
24 169
12 157

25 126
37 167
30 239
28 87
20 192
42 173
18 247
25 228
46 204
41 221
13 298
15 62
11 207
47 160
12 154
18 126
35 73
17 277
21 293
26 129
39 240
40 75
32 146
29 122
10 185
14 102

20 200
21 283
46 52
31 192
20 69
22 21
34 173
26 70
18 172
49 115
27 151
24 248
50 100
27 72
24 61
39 179
35 268
24 30
37 158
41 185
18 61

28 104
41 165
30 207
24 180
43 249
50 158
17 97
32 71
28 43
12 280
13 264
26 193
24 252
31 252
22 52
11 297
12 31
10 38
38 58
43 186
24 11
36 188
43 272
17 183
36 74
15 219
13 280
20 256
45 68

29 251
34 171
45 286
17 151
35 151
15 223
38 51
23 121
44 43
40 143
49 38
35 143
13 190
41 218
49 45
38 171
40 279
20 289
43 249
15 125
26 96
32 17
40 236
15 218
41 206
14 23
40 14
13 285
26 89
22 40

14 151
20 297
24 76
11 134
23 132
35 265
19 256
11 257
35 282
19 227
30 24
45 300
10 81
48 107
50 80

28 133
37 228
46 126
25 270
23 267
39 282
44 72
39 165
50 277
26 42
36 294
22 285
31 36
46 148
29 73
10 286
45 244
30 225
21 155
35 241
23 102
44 79
17 198
35 100
23 224
31 153
30 149
32 52
40 266

22 83
35 108
41 72
42 223
10 213
50 231
50 250
28 185
40 202
10 267
48 60
22 258
27 150
33 82
20 224
35 51
42 259
50 119
19 236
23 64
47 53
30 249
22 24

29 169
23 162
17 276
13 78
24 114
34 198
28 109
24 204
42 26
20 247
16 199
42 31
39 268
42 79
43 289
46 291
46 219
34 180
26 270
35 282
16 117
21 142
33 250
23 12
10 123
39 101
22 226
12 174
11 123
25 68

15 131
32 78
27 222
29 201
48 228
36 228
31 83
19 169
34 223
50 33
15 256
40 100
29 268
48 125
11 163
24 186

15 186
17 111
40 293
17 11
16 188
35 267
12 26
11 115
43 223
22 186
41 82
20 90
23 40
19 292
23 61
30 288

22 73
26 108
18 254
49 35
48 187
45 223
13 200
42 171
47 54
10 269
14 134
21 60
23 239
42 27
39 91
34 208
42 166
36 188
18 108
14 57
16 239
43 298
41 85

20 53
14 138
38 65
49 124
41 61
30 168
49 84
18 136
17 52
10 118
29 22
15 276
12 133
23 240
43 131
30 295
50 239
12 16
41 205
34 189
29 300

25 84
48 210
30 29
42 166
22 52
23 121
26 90
48 291
26 117
18 86
22 145
28 117
31 81
44 12
44 175
18 266
19 248
38 143
19 25
47 228
24 223
19 238
31 50
43 300
33 188
10 47

21 102
33 145
46 276
45 147
14 168
38 47
47 244
16 290
49 237
29 252
23 179
37 41
49 182
13 284
50 288
49 109
20 105
41 110
42 257
25 19
33 75
26 151

11 108
17 220
14 127
36 34
43 84
36 13
22 289
33 289
39 109
18 101
48 109
46 169

27 294
46 227
35 78
12 167
41 63
16 136
15 220
10 250
45 70
19 159
43 49
43 164
16 250
22 253
40 271
28 143
11 143
37 193
21 95
39 48
35 194
50 130
46 278
50 272
29 144
25 80
27 281
44 249

29 236
17 142
27 73
27 113
35 104
26 80
36 223
10 94
15 194
21 156
49 33
46 218
27 281
19 85
35 228
49 47
38 241
24 144
12 90
36 56
20 68
28 189
13 47
11 246
27 257
48 243
37 137
14 183
45 110
30 67

29 124
36 22
38 216
14 36
46 26
27 185
29 39
36 300
21 54
40 159
41 197
41 194
50 21
46 91
45 79
24 260
50 161
24 134
15 162
33 145
42 279
50 64
21 202
20 174
26 142
11 249
45 195
35 214
45 289
38 268

12 114
26 42
42 240
33 236
20 144
17 20
40 238
29 254
36 60
37 116
47 120
30 282
48 24

22 110
40 106
24 82
31 22
49 80
28 213
21 84
37 153
47 89
30 142
27 23
46 183
28 131
33 49
28 274
34 29
19 238
32 127
44 81
29 290
15 132
14 154
45 193

18 189
15 181
36 226
14 94
46 293
12 148
50 171
37 86
29 71
10 218
48 231
19 181
39 101
40 36
40 23
47 54
43 220
45 292
35 238

24 273
50 285
28 93
28 127
10 135
14 110
35 54
50 92
19 276
19 196
39 184
20 255
36 74
48 162
50 112
47 280
50 28
14 236
21 257
45 264
45 82
13 27
22 159
39 206
16 10

14 259
22 125
40 25
27 95
14 22
35 198
42 97
50 83
28 126
14 58
26 295
28 166
28 137
42 218
32 258

27 110
47 250
34 283
41 231
16 13
32 170
50 88
14 40
32 272
49 81
44 10
36 16
20 258
28 180
14 35
37 194
16 159
36 86
36 189
34 128
41 114
11 199
16 167
14 38
28 40
37 251
10 176
28 230

18 255
26 102
26 36
14 226
26 104
49 145
32 199
28 197
50 129
49 53
12 172
16 78
13 10
14 102
31 154
17 137
37 224
32 225
35 82

27 61
11 274
10 38
20 295
33 91
37 235
46 249
22 63
41 286
45 235
31 290
30 184
19 22
47 15
18 263
12 134
29 235
44 196
16 160
44 198
14 54
39 112
28 131
47 207
40 169
40 172
31 132
34 142

10 94
28 179
48 217
24 160
35 22
38 240
15 60
38 156
50 293
48 232
23 69

24 99
40 29
30 295
28 285
26 71
13 139
13 77
24 231
32 76
34 132
16 234
32 151
36 125
31 81
43 259
46 220
23 200
15 79
19 296
30 71
28 140
24 197
11 22
23 65
27 261

22 50
39 75
45 32
40 106
15 201
27 191
24 262
24 39
16 140
37 211
40 222
24 204
36 280
42 46
18 278
44 245
34 158
26 70
14 26
15 108
22 198
14 174
31 113

30 82
20 227
14 60
11 189
47 221
30 203
43 258
40 221
19 77
46 278
13 297
35 135
30 103
45 215
17 227
35 236
48 149
25 257
42 18
11 270
48 97
26 135
33 213
22 281
13 163
42 117
32 155
38 46
23 249
33 23
49 26

12 88
46 42
40 18
43 194
42 145
19 202
33 74
42 58
31 46
35 78
42 250
38 86
19 237

20 282
48 199
37 105
44 144
11 184
11 74
26 163
23 115
47 179
37 15
37 300
10 224
12 250
40 272
48 41
16 247
28 297
12 210
18 127
23 145
16 267

22 75
25 263
45 142
42 18
41 172
36 229
25 176
13 17
18 60
43 167
20 299
10 171
37 182
44 247
23 178
45 147
18 236
23 168
41 176
18 239
12 22
19 145
49 294

11 145
13 15
14 170
18 151
48 68
41 234
24 105
42 225
48 258
38 145
35 171
22 122

14 209
21 54
41 223
33 257
14 246
31 296
19 61
17 69
44 82
42 164
13 10
46 267
15 84
21 68
37 60

27 74
49 282
39 150
23 162
30 86
21 182
33 180
38 78
22 189
23 100
15 297
21 32
11 227
36 286
35 38
48 279
17 70
42 237
49 268
38 11
48 103
49 211
48 44
34 23
27 21
23 115
10 263
14 218

20 65
40 58
48 164
42 21
15 127
11 55
42 131
13 70
15 261
31 39
45 244
37 156
32 15
46 126
30 121
28 58
23 177
15 205
18 233
36 161
10 295

18 16
21 183
46 48
50 68
38 63
41 64
42 233
34 79
29 21
24 81
38 288
38 103
30 264
13 184
29 180
11 233
36 149
37 71
37 136

16 60
35 43
11 20
27 159
44 170
42 151
42 264
40 13
40 167
42 186
17 121
39 170
47 250
29 135
34 68
10 300
25 225

18 66
48 205
19 243
38 141
42 82
14 127
32 194
11 123
37 290
46 43
47 176
44 139
14 271
46 104
23 144
44 131
12 129
29 216
12 121

19 134
49 229
10 217
26 209
41 179
17 180
34 256
33 136
39 251
29 138
41 137
13 157
32 285
37 50
43 28
11 245
30 34
18 24
20 143
24 262

15 19
42 283
29 240
49 295
47 138
44 28
21 68
29 31
31 124
17 231
21 152
44 120
11 21
31 111
41 207
20 94

18 62
34 145
41 148
10 185
40 277
16 215
42 286
48 224
46 216
46 72
28 162
12 252
32 300
33 164
14 25
23 184
35 76
26 291
13 63

10 273
24 100
20 103
45 198
49 243
44 35
16 202
48 173
29 64
34 158
50 258

16 286
31 102
15 32
19 216
47 264
28 85
17 25
44 268
49 101
27 266
19 260
50 203
31 239
37 167
14 146
23 242
21 215

12 150
28 255
16 126
19 67
21 295
15 210
18 170
22 157
47 249
17 134
48 31
45 247
28 95

