90

12 129
50 106
29 50
37 297
24 65
17 140
48 28
28 164
14 179
36 197
49 126
41 268
39 267

11 92
23 148
32 173
30 81
17 58
35 129
19 127
14 20
11 133
45 213
25 183
32 114

29 236
16 82
11 54
50 138
37 181
27 79
25 150
18 41
45 12
10 129
22 285
26 25
11 80
12 218
43 191
22 264
46 82
38 73
10 108
21 228
25 93
20 70
22 140
34 291
39 293
48 277
23 95
32 204
12 31
10 119

13 270
41 117
40 45
18 28
28 169
30 268
49 91
41 115
23 189
38 259
31 226
20 241
14 61
13 244

28 62
34 287
47 291
42 283
41 172
41 274
24 124
47 89
42 156
45 136
35 179
46 262
27 20
14 10
40 136
24 126
10 130
11 54
14 161
18 286
12 266
37 165
11 67
33 273
28 213
24 42
16 30
14 224
37 278

10 228
16 233
38 230
37 90
27 27
16 190
45 15
45 99
10 179
12 217
38 75

29 22
19 207
37 75
21 131
42 174
22 31
17 299
46 209
38 191
38 168
33 283
47 248
48 300
32 261
23 165
19 203
24 29
16 223
17 19
25 177
47 27
50 296
11 250
11 104
19 129
18 94
22 70
45 264
38 255
37 146

24 177
27 62
47 56
38 227
27 108
15 72
16 168
28 98
30 298
37 289
35 159
12 12
49 230
21 225
50 259
20 289
25 166
48 143
36 181
34 274
28 261
16 187
46 268
25 34
22 177

29 230
39 235
12 212
12 33
37 284
33 229
22 233
34 122
35 205
50 277
21 133
34 245
13 267
26 53
34 77
49 238
47 255
49 257
22 162
32 160
32 133
16 51
23 17
26 216
17 119
43 80
27 22
27 173
15 185
32 55

24 164
34 109
42 175
38 220
24 57
21 17
46 164
38 297
49 196
28 121
28 189
46 28
45 122
29 207
28 61
50 181
19 221
48 181
19 76
49 198
35 233
43 24
22 270
31 79
22 280

28 93
40 219
24 144
48 33
30 180
47 221
20 230
45 18
38 190
17 185
18 145
36 72
13 128
41 277
12 63
10 218
27 240
35 53
33 258
14 71
49 192
18 268
22 151
17 84
21 89
15 95
16 72
28 140
21 261

28 107
16 178
34 124
22 74
45 286
44 234
34 222
17 43
38 46
42 217
37 22
20 213
31 153
30 184
20 60
17 205
38 293
23 253
41 213
29 258
13 150
27 278
26 265
40 34
43 31
38 32
30 209
23 129
12 116

11 236
22 143
47 73
49 295
46 167
18 144
23 40
41 50
45 232
18 71
23 110
17 78

26 254
23 54
23 253
43 245
47 170
49 20
41 263
48 117
24 72
48 212
24 200
18 203
35 79
13 86
27 249
32 42
23 29
41 18
12 299
23 279
49 204
38 16
23 37
48 165
29 71
42 60
44 264

11 84
31 204
40 217
19 37
30 108
24 185
24 279
26 113
32 83
28 258
11 190
41 70

13 112
31 178
27 156
41 167
48 164
47 103
36 137
41 92
10 22
46 201
38 107
48 204
39 107
13 91

26 124
42 197
19 102
50 34
33 159
30 282
44 219
27 126
29 146
40 23
23 233
41 77
21 86
47 20
22 28
13 33
46 235
41 243
40 24
45 59
11 265
49 192
50 77
25 280
42 271
19 289
33 30

20 69
23 31
38 126
28 259
29 196
18 240
45 37
16 148
24 200
43 252
46 189
26 300
37 205
49 118
22 43
24 172
14 128
10 189
18 147
36 98
28 292

13 213
24 170
46 228
21 233
32 166
48 243
50 157
50 294
20 164
16 283
33 179
48 177
37 178
20 261

23 198
28 213
47 46
21 24
27 99
14 26
25 145
32 175
30 191
31 183
47 119
45 86
39 191
13 199
31 175
25 224
35 200
19 138
21 134
49 89
31 101
33 95
40 125
49 60

21 99
50 220
38 73
16 52
34 221
12 44
29 295
26 16
35 81
36 233
50 255
34 21
22 24
49 189
28 274
30 57
14 241
23 220
17 266
28 163
21 214
11 61

30 230
46 287
11 207
26 239
34 109
42 199
21 132
22 266
12 221
28 203
12 174
33 252
19 222
19 84
18 227
35 145
10 31
40 34
30 36
24 125
14 285
25 201
50 29
10 246
48 274
30 207
34 248
30 115
21 17
27 175
33 72

28 276
15 230
16 285
29 94
11 202
48 89
13 275
26 252
32 67
14 118
41 24
50 19
22 41
41 49
39 27
25 243
16 198
23 184
34 241
20 169
47 220
29 141
14 220
18 103
42 257
15 285
39 78
39 179
14 144

24 123
34 139
25 82
30 22
11 114
25 118
29 49
33 189
22 69
18 282
25 147
47 31
45 182
38 197
38 266
45 299
33 185
45 176
31 181
35 95
12 217
16 146
33 268
35 284
42 236

23 77
46 124
18 179
31 149
26 187
32 50
14 261
23 128
26 159
11 158
10 184
37 174
43 116
34 124
10 12
28 116
14 160
42 159
30 278
46 256
34 148
20 187
47 82
43 228

25 172
15 235
38 57
41 195
19 100
19 211
28 84
24 91
37 42
32 144
34 166
42 278
50 83
50 164
40 99
28 42
30 26
10 169
28 132
42 83
48 299
23 104
46 63
44 203
46 31
10 18

20 156
10 65
41 229
50 264
14 96
30 117
47 300
30 252
33 12
44 158
21 97
37 46
49 149
25 124
11 23
12 65
50 91
43 126
33 70
22 117
10 17

27 132
23 132
19 173
14 269
30 35
14 118
50 176
38 41
17 126
43 191
42 300
18 231
22 28
27 242
14 109
35 149
46 150
37 215
44 276
13 195
19 52
44 103
49 94
23 34
12 159
21 294
11 239
28 234

26 211
20 169
27 26
16 45
11 77
30 11
43 213
26 193
19 278
47 131
50 202
44 40
43 168
25 30
27 86
17 13
19 173
48 160
25 223
38 128
29 66
31 264
40 195
25 229
24 68
41 120
28 207

30 258
20 79
23 56
35 106
19 139
10 123
30 259
30 144
46 253
17 199
30 137
43 116
12 182
42 25
11 237
25 217
12 278
18 140
26 263
44 192
41 264
12 122
22 243
19 169
15 14
45 155
46 202
32 184
36 56
50 295
24 82

20 112
35 219
20 202
17 255
45 11
26 49
46 205
41 261
16 245
34 24
10 150
14 21
17 102
35 130
23 209
13 115
44 296
43 238
15 199
21 196
14 172

25 44
15 277
37 174
10 139
43 225
24 182
33 24
38 110
43 263
42 276
47 28
30 115
31 271
44 11
31 115
32 207
12 185
16 287
21 113
24 216
13 192
37 286
21 79
30 48
27 274
23 10

10 185
16 222
24 296
10 160
29 33
48 72
30 184
44 73
48 225
27 292
44 96

19 139
20 111
13 229
32 82
21 260
38 13
29 30
16 222
10 219
12 124
38 204
11 261
11 96
35 174
30 58
27 227
23 155
40 75
27 245
26 260

11 28
35 271
19 148
43 107
29 297
32 124
18 30
18 51
34 217
29 148
44 48
15 162

28 52
45 138
46 231
26 281
48 88
40 148
30 65
26 181
19 41
29 112
15 150
48 277
18 10
29 296
14 291
50 84
49 59
39 202
41 19
38 246
50 58
36 94
11 220
20 186
20 238
21 221
27 98
33 10
15 254

18 210
18 247
23 113
31 158
10 54
28 122
30 24
17 168
20 18
15 190
18 220
16 149
47 229
46 163
26 295
48 284
11 277
35 209
38 208

22 150
48 81
22 245
32 26
46 245
43 196
21 18
31 27
47 81
27 298
39 255
24 173
23 118
30 222
37 91
39 123
14 44
38 283
44 86
12 300
11 67
38 153
12 71

16 41
23 297
30 216
31 102
20 89
25 32
48 220
24 210
37 270
43 157
35 70
43 147
41 116
21 147
12 79
34 208
42 111

17 145
46 110
11 247
35 69
28 16
14 241
20 166
26 224
38 216
48 64
26 58
30 173
16 246
25 195
24 14
48 96
49 181
49 284

21 47
36 44
14 79
16 287
31 149
20 33
40 172
31 171
39 193
40 127
34 27
14 60
46 268
44 137
11 227
42 89
40 54
43 163
32 18
46 156
13 262
34 123

19 65
35 80
20 95
42 71
17 196
33 21
38 193
29 131
48 162
47 283
15 142
22 106
12 205
30 222
12 172
24 55
12 23
29 92
31 31
32 70

19 135
42 125
41 217
23 156
40 212
13 178
15 128
25 25
45 159
34 261
43 274
28 48
33 77
50 122
32 134
44 78
49 183
26 166
43 196
24 120

16 240
18 193
49 50
14 187
39 169
27 176
29 101
39 290
26 215
29 116
39 258
44 202
13 77
38 193
36 186
17 61
17 265

24 158
19 147
27 49
26 176
23 178
50 156
28 20
10 145
27 259
27 137
36 15
25 32
50 212
14 234
38 82
16 198
22 63
37 53
17 186
10 64
41 10
36 297
39 72
49 116
11 85

13 56
38 63
17 28
32 30
19 176
27 190
21 210
47 258
35 30
20 134
29 84
25 94
20 40
26 111

19 113
34 92
12 108
11 48
28 122
25 237
20 170
41 44
24 271
44 27
25 223
41 169
45 277
41 283
40 289
37 266
21 76
39 286
11 86
24 64

12 291
28 209
27 255
22 154
13 130
10 253
20 139
25 76
18 297
12 150
28 211
25 194
28 133

30 200
34 236
27 107
16 165
48 29
44 148
23 158
48 261
15 124
17 21
15 117
17 68
38 246
46 208
44 211
37 155
23 10
29 229
12 223
13 50
25 25
14 36
39 256
30 127
33 162
50 223
42 227
23 229
45 54
16 79
14 60

24 123
32 45
45 291
34 19
31 104
25 252
34 11
18 187
49 243
43 121
31 266
18 125
49 192
36 204
32 165
24 190
40 51
33 71
36 90
43 241
17 229
25 224
28 91
29 17
39 117

10 58
17 100
26 32
20 162
19 48
33 74
34 120
35 49
50 160
18 293
39 212

17 145
33 155
34 282
34 161
25 60
20 194
50 145
43 178
27 73
49 157
28 34
33 153
17 204
11 70
42 180
44 202
12 194
21 158

29 283
11 137
14 130
18 213
21 237
10 161
39 197
41 133
19 33
28 249
18 291
17 281
13 57
49 193
36 144
40 12
10 247
11 297
11 76
24 145
46 40
40 249
13 185
31 286
18 251
35 211
22 271
38 192
41 125
22 70

29 228
29 141
13 82
46 13
45 70
32 12
14 271
48 44
34 193
32 109
30 248
27 107
36 242
29 137
11 41
28 46
32 292
23 49
45 279
31 208
33 150
48 14
25 169
10 194
24 212
39 32
26 35
15 95
24 237
28 36

20 174
41 169
24 220
25 215
14 292
13 131
28 55
28 171
10 70
33 253
50 97
46 292
15 228
38 182
39 38
32 20
31 148
28 176
27 242
22 200
25 94

14 170
10 116
43 121
37 77
43 145
49 10
18 20
16 35
50 104
29 176
10 45
21 297
22 198
13 257
40 140

18 141
16 260
29 252
50 165
40 143
37 195
30 183
17 59
10 243
42 204
14 220
50 156
47 167
23 43
48 136
48 36
13 279
43 244
48 86

29 148
50 200
21 75
46 179
44 79
13 228
50 221
48 32
18 207
13 19
37 298
50 53
31 25
28 77
16 64
19 32
43 278
20 229
25 69
25 279
29 37
44 62
48 47
25 98
50 185
44 293
18 83
27 202
34 189
49 77

19 253
30 147
13 288
19 240
43 217
19 158
27 296
19 247
15 78
48 35
22 221
28 142
46 255
22 120
20 257
34 95
48 300
21 207
43 180
29 98

16 267
46 137
22 263
48 278
10 174
11 44
35 45
29 82
33 161
41 236
12 274
24 298
39 52
29 253
37 202
22 90
49 98

24 180
29 275
41 192
32 26
13 133
28 171
47 202
32 97
20 78
48 48
22 176
49 231
44 280
37 162
34 266
46 147
11 113
10 170
13 110
50 145
30 119
35 189
12 163
18 69
37 143

20 171
21 37
22 13
29 226
11 111
26 41
23 244
49 75
26 59
28 119
30 159
49 196
33 117
30 268
38 174
42 276
50 140
27 125
13 182
48 78
17 84

26 112
12 50
17 171
50 179
49 272
29 223
11 183
38 283
29 261
41 163
16 21
26 274
33 87
16 20
39 21
26 203
43 13
12 226
48 168
22 261
15 54
33 172
15 29
17 79
26 109
27 54
40 233

13 185
33 275
40 196
50 136
22 118
25 186
31 209
36 35
34 248
28 153
30 168
44 223
13 101
50 60

19 283
35 271
45 286
12 179
35 161
42 114
20 190
44 30
24 30
13 12
15 46
18 32
33 202
30 116
25 61
23 153
32 196
16 206
34 290
26 77

20 231
23 37
41 276
49 300
19 107
40 217
19 83
26 258
43 275
47 153
46 145
26 92
42 273
37 290
16 73
44 30
11 36
24 68
31 126
16 96
13 265

29 218
18 26
47 31
50 32
30 118
46 179
35 156
31 113
10 201
45 90
24 65
22 125
18 66
15 222
36 30
25 163
46 206
18 200
38 10
38 131
15 224
43 88
50 25
47 299
49 33
42 165
46 228
35 188
40 36
20 144

14 178
22 245
39 130
10 80
16 56
36 264
31 246
36 55
31 171
32 15
37 60
37 227
26 253
21 78
43 172

19 70
14 160
28 124
12 163
17 286
50 259
13 180
50 127
25 23
22 220
17 268
43 57
26 96
39 68
11 300
30 291
29 46
36 275
34 110
31 20

19 70
35 48
10 54
46 218
10 237
30 222
25 155
30 160
35 198
41 282
47 280
25 42
31 296
26 199
25 266
11 193
23 298
13 256
17 101
11 257

27 39
26 292
42 199
35 125
38 230
13 62
44 97
45 131
40 72
20 29
38 112
11 86
20 174
16 46
30 211
34 56
20 290
30 42
23 242
22 216
46 130
44 202
14 196
45 131
48 123
34 247
11 161
41 289

20 39
33 90
34 150
33 185
29 211
13 291
33 294
10 112
34 278
50 53
36 79
44 65
40 56
37 285
12 148
47 258
32 165
44 236
38 118
17 109
47 68

12 131
39 177
24 202
46 60
16 251
37 79
26 200
36 61
36 16
13 217
35 236
27 288
19 72

11 38
18 88
13 273
40 172
27 122
10 84
23 211
31 244
10 28
22 287
34 25
22 93

21 300
22 87
28 159
22 21
41 87
26 32
15 259
29 263
34 251
44 23
22 173
18 294
49 99
18 269
23 122
12 244
44 153
28 24
24 12
41 277
46 45
15 204

23 201
19 73
41 222
39 296
26 255
16 71
20 201
42 61
10 122
23 259
16 286
46 207
50 16
47 62
33 286
44 196
25 24
43 264
24 120
22 243
17 125
12 130
33 115
40 189

21 79
13 103
28 34
23 285
31 238
44 281
39 227
44 105
50 54
46 254
37 111
22 275
20 241
44 261
21 247
14 187
33 292
47 60
18 207
36 242
20 112
20 275

16 127
30 259
28 65
32 111
32 231
22 72
44 271
39 146
16 141
23 297
32 279
22 283
23 220
27 36
36 290
16 271
12 192

18 79
37 102
46 78
43 39
25 63
32 228
45 121
44 258
40 168
23 266
35 121
33 105
26 55
18 99
16 99
50 241
44 246
16 226
41 13

15 35
44 281
17 12
43 257
44 13
17 215
22 277
13 110
38 122
47 60
11 214
49 199
21 71
22 191
23 297
28 143

27 174
27 293
15 118
11 42
32 139
48 255
30 26
30 27
29 134
15 114
38 177
48 193
15 33
19 101
45 293
26 11
17 224
18 142
48 160
42 113
12 249
16 289
50 274
48 120
17 266
47 194
22 206
10 211

29 45
44 40
31 263
23 167
40 279
30 72
29 152
47 32
40 270
44 280
48 132
23 117
37 76
44 84
41 243
31 10
36 276
44 286
39 191
29 71
45 134
36 45
45 178
25 99
40 226
49 227
24 44
38 43
44 220
36 259

11 269
18 178
45 190
31 67
45 51
23 177
30 57
13 27
44 148
26 270
33 13
31 25

18 188
41 146
16 37
10 57
27 173
36 284
33 182
38 107
42 298
36 266
30 70
48 130
12 268
20 179
26 120
15 191
12 192
45 123
50 143

17 112
23 185
50 291
26 39
19 105
50 218
38 215
14 265
41 300
42 31
16 218
43 62
10 214
21 206
32 267
37 133
26 66
14 91

10 255
37 219
33 281
11 249
41 287
11 169
36 125
42 265
11 259
10 153
25 231

17 226
47 236
24 82
28 134
28 34
34 205
11 168
38 60
45 296
29 211
10 123
21 89
42 294
31 38
47 236
42 124
31 259
38 18

13 238
12 13
35 26
14 262
24 193
33 146
47 128
10 87
12 125
38 259
18 119
35 176
24 280
24 85

21 60
21 182
48 251
23 170
47 150
10 288
16 288
45 270
27 183
50 78
28 105
10 159
46 211
35 104
11 130
34 195
13 36
34 27
28 30
17 206
27 300
35 242

15 260
25 76
21 194
15 130
39 128
39 206
20 101
50 240
44 15
12 139
50 164
18 167
38 135
16 127
23 136
30 279

