83

24 114
39 233
20 94
32 198
40 222
20 295
17 166
12 213
37 295
37 68
27 293
41 212
31 50
22 74
37 29
20 168
43 81
45 109
50 65
24 112
32 177
38 105
17 287
14 109
31 34

10 212
20 299
42 267
18 283
42 30
39 37
28 83
43 223
49 93
31 44
37 221

11 158
33 252
35 266
13 104
34 193
15 248
29 75
24 260
50 107
47 59
20 26
35 152

20 252
29 216
40 71
48 114
47 160
16 150
46 140
45 196
47 283
32 84
19 247
42 194
16 17
47 30
48 153
50 217
44 186
29 43
17 18
10 214
42 132

21 38
27 277
12 238
16 114
50 47
11 230
49 224
32 232
45 235
40 215
23 204
48 278
32 74
10 69
27 53
41 241
32 44
34 160
30 131
36 11
12 290
45 285

25 274
45 243
26 221
35 109
38 85
13 178
50 62
42 41
16 226
42 140
13 189
28 294
44 77
12 42
28 234
25 98
47 101
46 179
43 48
10 175
17 86
48 146
28 103
45 139
47 100
11 108

24 25
48 266
10 98
39 290
12 76
14 120
22 100
23 86
46 209
50 59
49 105
27 118
40 249
44 160
42 110
35 44
24 107
32 60
10 84
12 270
28 265
37 46
25 182
17 134
38 132

14 200
45 298
47 21
47 282
19 127
45 134
18 78
13 127
50 16
17 86
46 131
50 107
31 109
27 183
43 279

19 33
46 62
20 37
43 161
30 240
45 213
39 32
18 252
11 300
50 76
43 195
33 140
37 231
31 263
18 66
25 44
39 79
38 24
37 237
24 244

18 45
49 236
43 196
35 114
43 61
29 220
49 148
44 46
17 128
49 81
41 40
23 143
12 136
44 36
45 86
40 165
39 175
26 267
21 263

11 58
41 171
18 257
38 256
13 219
24 175
36 119
48 140
23 37
48 51
41 174
28 213

12 89
37 229
50 177
19 245
15 220
18 93
30 163
39 285
33 241
16 54
31 184
37 55
26 92

10 32
28 266
20 62
22 102
43 266
31 126
47 173
28 246
49 278
19 210
44 77

23 298
42 80
16 198
28 171
24 151
13 69
31 105
42 108
34 110
13 88
14 104
33 182
48 256
44 240
13 226
47 191
20 134
34 15
39 281
23 222
25 233
40 231
11 93
20 50

14 60
39 56
15 43
30 109
19 156
39 196
23 111
18 71
32 91
43 181
44 151
42 283
35 65
47 130
15 29

20 10
16 147
26 223
20 269
21 71
15 233
37 203
45 294
12 200
47 49
30 298
15 202
15 289
39 174
40 210
47 113
50 23
40 25
19 85
33 20
17 144

27 19
45 12
36 199
24 256
38 191
33 164
37 247
11 160
42 228
20 215
19 223
45 35
34 235
49 204
25 139
34 153
18 26
11 150
16 265
48 21
29 23
43 228
33 114
43 240
16 145
20 298
48 138
18 135

15 202
12 227
44 22
38 203
34 176
27 165
47 85
37 55
17 140
44 53
13 102
28 160
19 57
38 103
45 229
33 105

17 123
23 297
43 230
46 156
17 13
31 295
39 245
39 251
33 180
45 36
35 285
32 134
50 137
46 34
48 218
29 150
38 243
18 272

22 169
16 31
43 79
41 216
38 102
24 95
14 265
23 166
49 61
19 117
38 196
30 23
10 27
33 132
33 169
11 79
15 251
33 112
36 17
31 20
47 163
28 12
12 153

28 95
19 300
20 263
15 275
24 46
13 246
19 125
41 159
10 82
16 36
23 103
20 128
13 204
24 157
30 250
44 231
20 257
47 120
46 269
49 88
21 230
39 189
48 180
41 199
28 89
33 226
31 178
49 44
43 44

22 161
33 298
25 247
28 136
50 244
16 266
33 34
23 198
11 196
27 198
26 171
42 84
15 101
19 248
48 208
23 45
25 214
39 225
14 73
45 150
47 49
31 300
27 48

22 65
35 33
28 61
20 233
20 281
10 145
22 115
13 254
21 13
40 107
29 52
29 33
35 112
20 62
44 63
46 225
14 279
32 82
36 264
38 218
20 157
47 233
11 56

30 83
49 148
47 174
40 112
33 31
36 180
49 12
20 212
46 191
16 70
42 91
11 58
16 63
40 24
44 180
49 63
50 178
14 22
23 100
40 109
27 54
31 253
18 176
23 11
19 156
32 234
40 234
28 236
33 101
19 281
23 170

28 173
44 240
35 295
49 43
28 295
11 260
28 61
20 279
48 267
39 232
31 172
42 139
33 242
37 225
37 172
49 279
13 49
40 122
13 47
20 124
28 185
34 269
41 12
46 275
12 120
39 148
17 15
49 63
32 99

22 21
41 149
37 219
24 255
11 38
18 132
41 295
44 232
46 69
32 81
12 36
15 242
49 76
26 59
34 264
45 20
22 198
18 57
48 203
33 19
19 300
33 276
34 88

30 240
27 260
40 151
11 222
19 202
46 14
14 286
10 150
28 80
16 92
37 77
12 208
49 115
15 193
17 145
29 229
23 220
14 223
29 66
42 262
11 28
32 59
16 233
32 234
47 238
42 89
31 90
50 51
10 298
16 167
12 72

14 187
14 140
42 217
24 128
47 217
40 267
35 283
35 55
24 243
41 85
49 128
47 119
44 127
38 35
16 241

23 97
30 181
26 202
29 15
42 67
21 227
10 31
41 73
46 124
12 222
10 71
19 263
39 126
50 205
25 99
35 19
47 292
35 102
48 58
40 101
45 232
41 231
37 80
50 204

24 41
45 15
40 293
33 134
45 102
44 75
16 96
40 20
12 292
25 120
21 189
37 27
23 84
19 178
41 271
45 167
21 253
47 244
36 268
13 73
48 105
23 37
20 11
20 214
34 116

28 51
43 261
23 195
14 288
36 245
21 67
47 60
31 32
23 176
16 227
27 220
37 22
47 241
17 153
37 17
25 22
50 248
12 116
43 300
47 247
37 300
28 282
42 119
48 182
21 256
28 196
34 153
11 244
46 244

23 28
22 265
50 136
47 129
38 131
12 261
11 113
43 286
36 168
29 264
46 249
46 48
37 54
49 128
37 54
25 123
13 138
24 235
11 119
36 211
30 150
28 14
16 216
47 22

23 267
33 124
32 136
28 278
42 183
11 198
46 16
42 237
17 47
41 298
18 16
36 219
12 212
36 264
34 140
46 25
16 150
20 103
21 81
26 179
30 125
11 63
14 142
21 13

25 131
18 274
16 178
31 203
31 259
33 289
32 116
11 65
44 95
42 240
34 203
28 148
19 241
21 167
30 300
33 22
46 213
32 89
47 120
13 14
21 237
42 182
17 251
46 216
10 227
27 111

22 82
50 56
45 140
29 33
45 176
15 22
12 222
48 89
50 283
28 64
16 209
14 293
21 40
25 267
10 181
31 141
18 273
25 120
35 124
23 120
12 112
38 201
48 65

27 238
41 280
19 260
40 129
21 221
40 30
27 87
23 188
45 92
10 54
41 175
48 59
36 169
17 88
30 69
12 172
16 16
37 30
21 128
21 12
36 109
49 296
40 238
37 36
48 156
44 200
34 92
16 153

23 298
21 70
14 230
30 73
45 53
31 276
29 285
40 42
35 72
11 179
19 252
17 141
35 277
36 177
48 229
14 217
30 227
26 135
12 214
22 56
22 23
10 147
37 125
21 119

24 107
41 298
47 284
13 173
47 201
11 231
40 172
31 75
31 215
39 173
14 57
50 164
14 102
42 207
27 174
16 180
32 92
11 12
48 270
11 200
36 131
43 68
38 294
23 155
32 92

19 238
50 85
44 62
11 237
31 267
34 98
33 177
42 196
43 135
18 244
25 163
28 46
14 232
36 203
27 241
16 11
43 281
50 99
23 139
30 48

10 181
42 214
48 74
16 133
15 168
32 90
40 291
33 112
18 113
41 288
25 46

28 139
46 107
25 158
19 43
13 44
36 50
42 54
42 127
36 163
35 204
28 17
23 219
34 286
34 293
39 173
13 159
32 31
35 107
27 102
23 46
19 146
11 32
18 123
27 157
24 66
10 27
42 26
40 188
16 99

12 93
26 32
37 121
13 70
25 239
50 11
10 104
11 38
29 124
49 177
27 289
10 249
36 53

29 62
20 277
29 166
28 230
23 62
46 174
18 170
40 226
40 57
45 183
46 208
46 87
29 109
15 87
39 81
26 300
30 109
49 24
44 48
41 73
41 236
20 240
45 84
48 63
23 179
23 174
14 57
49 148
33 254
29 93

13 205
17 278
33 127
25 240
40 247
11 199
17 171
35 20
46 275
48 115
49 173
49 144
10 121
30 277

16 188
13 234
17 235
49 200
25 30
21 13
25 210
21 282
37 166
48 290
39 163
24 143
38 158
40 111
25 206
23 57
47 147

25 259
31 106
41 30
31 42
44 76
41 31
12 38
19 53
25 97
10 227
33 298
12 159
43 104
34 169
35 25
26 57
47 168
28 58
41 60
22 300
15 169
11 17
16 230
21 10
28 100
27 283

20 52
16 34
23 110
41 135
23 176
35 217
16 285
43 169
41 240
37 128
18 259
24 256
23 68
10 65
38 176
19 167
26 167
15 35
40 31
48 120
30 193

18 128
29 276
43 78
12 96
49 31
10 134
45 207
10 209
37 119
21 293
11 244
14 60
46 152
20 112
29 69
39 92
48 157
14 56
47 223

20 275
40 31
44 30
25 295
26 69
26 62
46 214
35 215
26 76
47 21
39 29
33 132
25 190
12 15
45 156
36 61
45 188
38 260
25 207
34 223
44 261

26 15
38 163
10 55
10 21
39 198
45 206
27 52
32 217
13 269
27 88
48 284
18 277
15 261
49 170
23 155
32 232
18 297
37 15
48 149
31 145
36 292
21 217
44 61
28 205
17 233
45 169
31 110

15 269
11 251
17 13
10 61
28 104
34 226
20 153
17 159
15 45
23 258
12 180
21 235
36 135
15 123
47 128
46 111

17 146
43 50
31 21
27 260
22 264
30 226
41 113
27 28
28 120
14 191
42 108
27 167
46 174
22 99
42 139
11 75
11 35
26 208

28 73
41 103
47 229
28 100
21 146
16 100
21 188
39 252
21 232
46 210
26 99
12 297
26 277
46 48
38 194
49 98
15 204
39 29
33 202
11 107
11 122
17 293
50 37
27 33
24 67
32 260
24 81
33 151
10 173

12 263
41 254
45 150
25 193
36 266
31 186
21 188
25 232
37 45
15 16
31 168
28 286
40 120

22 235
44 200
39 136
15 290
41 93
50 135
40 88
26 81
39 10
17 279
36 89
49 271
48 173
19 19
18 252
47 267
49 256
33 163
36 123
27 233
24 196
37 107
36 136

29 28
21 186
13 237
30 147
11 278
42 139
36 74
40 220
25 24
50 201
21 291
19 191
16 269
47 32
24 161
20 195
14 267
43 168
35 267
27 205
47 15
38 51
26 132
38 282
14 115
28 233
38 186
26 89
29 185
45 280

17 121
32 150
30 201
12 70
30 101
20 106
14 94
21 123
46 17
28 300
26 203
44 160
20 212
50 168
17 289
25 54
31 255
12 254

15 157
40 124
10 104
41 117
37 181
37 118
34 140
41 272
34 242
34 94
45 237
16 170
36 234
36 130
45 69
27 194

10 245
46 161
11 227
21 25
47 258
30 300
41 150
14 230
30 154
23 162
23 220

16 281
35 17
43 251
41 193
46 56
38 152
34 272
32 283
29 177
28 120
37 75
36 149
42 130
36 185
35 282
18 232
32 219

14 154
46 191
36 170
35 264
50 295
32 271
50 100
35 65
15 128
44 141
45 228
33 174
17 186
24 28
42 234

19 48
15 133
41 288
13 172
17 216
50 74
41 58
30 214
21 220
21 238
32 268
44 12
45 138
47 181
34 157
39 249
23 119
45 257
48 13
43 296

10 81
27 253
12 111
43 110
37 134
13 76
36 268
41 26
33 131
42 109
29 273

17 176
12 297
19 61
41 151
19 272
46 57
26 133
29 35
12 271
29 178
17 91
28 232
43 259
38 42
27 213
26 89
35 110
12 142

25 120
25 161
13 195
11 12
29 28
44 166
47 234
38 78
47 150
27 145
26 161
30 292
35 50
24 58
22 147
38 289
42 43
35 200
17 285
28 193
16 40
13 26
47 264
14 61
29 295
49 203

12 222
18 283
15 75
38 50
31 215
23 192
21 115
44 30
18 134
39 34
20 281
31 300
27 260

29 153
15 271
13 228
42 170
27 252
13 127
48 226
23 143
20 268
27 278
27 240
10 80
34 59
25 116
18 38
44 76
31 209
11 44
12 280
33 255
32 186
21 104
16 119
35 14
14 220
47 23
47 297
29 74
29 164
45 202

20 221
31 37
46 75
26 52
36 285
24 39
20 261
21 45
10 71
37 71
14 146
37 258
19 153
41 106
38 299
15 40
33 173
13 40
16 90
38 196
32 257

19 242
46 106
18 138
29 151
23 130
21 35
22 157
13 18
14 104
22 116
20 20
33 256
39 184
25 125
21 215
18 188
11 93
45 166
28 14
17 165

28 172
31 19
18 23
22 94
20 25
19 161
35 289
47 238
21 271
14 225
34 279
44 74
30 259
25 14
22 153
49 67
49 37
21 111
25 263
33 120
31 87
31 133
37 42
32 292
16 154
25 75
40 65
29 10
10 111

21 182
14 26
12 285
13 236
30 122
23 179
35 282
12 69
50 207
46 129
30 49
20 255
19 270
18 248
50 259
48 76
19 287
39 227
48 236
25 70
14 71
25 300

16 247
45 285
17 259
27 215
15 171
15 299
16 115
31 192
32 102
23 20
35 205
38 246
39 278
30 258
19 178
44 264
28 86

13 89
42 233
42 133
16 82
17 32
27 101
23 223
37 212
37 250
14 118
46 268
46 125
35 282
31 61

29 147
37 203
30 186
18 113
38 22
46 94
14 267
43 28
15 270
32 72
11 246
17 65
15 287
37 287
39 111
39 211
37 275
11 199
40 43
16 95
45 248
14 40
33 241
33 54
47 179
29 103
30 285
27 115
41 185
27 298

17 148
40 213
27 17
35 155
50 215
20 262
21 175
17 268
47 145
25 64
46 237
32 83
39 15
45 141
42 269
41 243
26 284
12 64

26 23
40 252
30 173
31 46
41 292
19 206
30 21
25 218
49 210
47 179
46 281
47 154
37 41
39 166
26 87
24 171
29 120
14 208
17 18
31 159
49 167
23 173
20 147
35 151
46 34
16 36
38 77

19 96
35 165
30 193
32 223
33 181
41 268
26 249
42 107
25 280
25 223
37 292
49 63
19 196
23 134
48 141
39 112
10 26
26 134
19 195
43 129

16 270
24 183
15 175
27 16
18 24
37 217
31 238
24 237
11 166
44 186
20 149
17 44
18 167
49 234
19 109
18 233
40 250

27 261
18 50
13 84
48 55
33 170
40 214
43 128
39 76
16 186
22 243
15 234
14 252
29 209
33 53
40 244
20 93
10 158
23 189
22 90
27 164
19 210
16 141
40 95
36 171
44 187
49 103
27 27
19 180

22 288
28 176
25 258
31 171
28 267
43 239
25 294
22 28
16 50
30 23
39 257
29 268
27 132
14 47
49 223
12 15
22 167
16 215
34 120
21 135
21 132
27 39
14 160

19 99
50 57
25 21
30 203
40 294
40 33
28 10
38 217
37 93
23 157
42 238
44 138
10 212
20 19
27 199
14 53
44 91
24 191
49 62
48 145

13 166
20 269
42 246
38 222
50 19
28 69
40 300
37 180
50 63
29 209
28 57
12 182
10 17
19 160

22 56
29 112
33 113
15 37
35 278
31 84
27 211
11 157
44 42
30 48
30 245
28 118
36 120
18 245
32 131
34 161
18 266
49 78
21 61
12 29
20 158
16 164
45 35

