66

16 89
12 14
31 195
46 146
19 114
25 53
48 129
34 122
25 255
29 202
35 186
31 64
13 88
45 219
13 273
25 237
18 163

11 47
47 40
48 295
28 111
33 172
14 293
41 263
18 141
20 19
34 275
11 296
25 121

28 226
16 190
12 61
30 167
47 161
36 88
48 14
49 36
18 254
50 80
33 226
49 199
28 229
18 233
22 194
41 64
48 245
20 276
45 233
12 144
28 221
21 201
50 119
32 267
43 167
36 167
38 85
50 47
12 54

13 18
34 21
39 43
13 279
27 278
31 69
35 126
45 74
47 129
22 289
17 141
21 117
16 216
35 285

25 220
31 246
32 39
47 137
14 295
41 186
15 103
34 203
26 40
47 160
23 20
32 118
47 173
34 192
23 100
48 10
12 94
28 209
39 61
38 129
10 254
42 90
29 200
16 155
50 295
37 235

11 270
18 137
36 286
43 261
18 90
29 280
14 66
15 95
28 206
48 129
41 109
49 162

12 282
32 288
50 261
11 31
47 255
46 222
14 290
50 59
34 149
39 37
33 292
25 156
38 66

14 81
46 213
41 296
45 178
26 233
29 144
28 75
13 64
33 189
19 210
35 74
23 156
41 88
26 144
31 105

22 286
45 86
27 119
10 246
36 252
33 126
43 80
34 171
24 210
10 27
33 13
45 151
44 122
11 45
22 217
10 222
19 274
19 82
40 71
29 300
42 195
31 72
11 52

23 87
25 54
32 10
12 283
20 169
31 295
45 189
27 218
45 50
41 162
29 81
25 218
12 242
49 144
20 84
30 160
34 93
40 204
14 139
20 163
41 157
13 113
34 193
43 65

21 145
41 122
44 248
18 119
37 94
20 143
39 116
30 297
19 55
46 109
38 90
36 16
40 150
15 81
39 90
48 143
49 282
39 118
16 214
50 162
10 232
23 273

12 63
23 254
44 45
28 50
20 86
44 108
12 198
20 210
40 297
46 244
40 50
48 70
10 172

10 149
18 161
42 168
44 246
32 205
37 112
11 174
25 120
46 112
41 174
32 56

16 139
13 136
32 82
32 262
30 49
16 154
11 173
40 156
22 172
48 53
41 54
41 39
47 58
48 156
41 131
24 98
32 275

24 60
44 146
12 97
26 233
40 79
28 257
17 64
41 85
28 182
22 256
40 292
21 70
49 179
23 172
22 179
13 211
15 120
47 186
15 237
14 27
30 284
35 84
42 245
47 22
40 58

28 244
17 225
12 109
27 16
40 30
19 51
17 246
19 291
38 87
42 209
24 25
48 230
49 37
30 284
11 167
12 22
31 16
28 117
36 80
10 291
49 82
28 90
26 112
41 280
42 208
10 188
31 168
46 256
30 48

12 251
31 300
18 84
49 66
34 38
42 269
33 74
35 289
43 191
13 273
33 102
11 20
42 184

14 194
20 271
39 86
50 53
16 299
39 248
10 122
44 258
28 263
33 142
23 29
49 108
45 246
26 32
36 170

21 232
26 207
37 142
16 209
49 154
23 200
11 280
20 23
48 44
16 136
22 59
36 162
11 64
31 262
38 200
16 241
22 53
33 258
33 189
44 197
29 38
44 138

18 287
45 151
39 79
44 175
22 25
46 239
29 213
28 123
35 161
50 145
18 108
45 264
41 176
15 254
19 160
27 253
25 192
43 142
15 111

12 298
29 139
25 38
15 209
40 149
28 236
10 57
24 115
43 175
23 36
50 220
48 295
32 183

26 38
16 50
10 86
37 201
43 127
16 269
16 134
12 51
12 107
11 118
23 225
27 262
24 90
46 296
33 290
38 274
17 162
48 286
12 109
43 222
23 16
19 33
49 240
27 167
17 185
30 69
31 13

14 291
26 90
11 188
11 152
49 207
45 211
44 192
33 230
13 232
13 20
18 253
44 54
21 112
22 228
46 18

29 155
38 192
20 78
31 131
50 250
13 108
22 264
23 61
38 40
40 137
46 272
19 106
39 254
26 210
21 281
37 24
38 294
11 262
27 85
35 11
34 297
29 114
16 81
34 155
35 240
36 182
17 162
13 236
29 200
34 193

23 62
44 231
28 41
29 11
48 95
11 183
35 63
48 100
42 195
31 37
16 112
13 43
28 198
18 187
33 210
27 293
22 110
48 70
16 260
36 44
50 213
47 141
15 129
21 24

23 298
37 85
35 107
11 288
35 160
14 36
15 149
24 98
12 186
25 204
28 181
27 263
36 53
22 20
24 259
23 120
26 51
20 174
29 204
27 84
21 182
40 292
11 120
44 235

16 172
44 25
11 71
38 287
37 38
12 12
47 166
21 154
45 276
45 137
24 275
13 102
34 283
36 23
36 49
14 219
22 252

13 140
25 279
44 212
11 262
26 186
19 221
32 193
47 59
25 226
43 165
47 246
48 38
38 77
23 89

21 259
42 240
24 214
21 226
17 244
13 123
31 145
29 247
10 12
17 165
48 28
26 18
42 80
29 216
17 45
28 11
34 153
45 217
16 22
46 296
49 98
48 223

30 111
23 157
20 28
16 292
39 170
27 134
18 235
27 117
28 166
44 154
18 190
45 174
50 148
50 291
38 101
33 23
22 112
27 228
23 89
11 118
18 92
12 80
15 62
47 231
33 199
18 77
21 295
17 63
46 150
39 195
43 290

12 60
27 95
11 152
12 299
21 130
18 278
41 299
30 23
25 165
31 27
50 282
33 153
45 11

21 164
37 174
46 64
49 108
38 221
13 288
17 131
32 90
31 280
50 156
28 133
14 203
31 154
22 296
39 122
20 290
14 163
11 181
47 91
21 267
32 164
20 28

24 293
10 229
46 67
36 71
22 287
14 238
12 77
46 226
32 236
30 237
12 207
10 44
36 62
47 289
40 36
39 112
24 141
36 267
22 88
43 57
25 238
28 182
30 16
24 138
19 179

16 63
14 179
13 221
50 49
17 287
36 120
31 210
32 242
49 164
38 248
37 10
19 139
25 87
14 25
42 220
21 209
34 63

25 263
26 279
36 46
14 212
41 176
38 294
35 83
16 220
16 36
46 261
18 275
11 247
25 86
20 51
42 79
49 292
12 58
48 217
16 176
30 149
17 219
19 184
38 140
41 44
11 24
11 246

14 99
21 85
40 183
14 71
50 297
40 35
13 131
39 144
20 246
44 36
45 96
12 222
42 45
18 182
47 151

23 23
28 275
35 120
30 122
10 208
46 223
11 91
22 171
48 279
49 61
48 282
32 17
12 259
16 234
23 177
49 142
13 176
31 245
37 31
49 57
31 224
26 283
41 268
24 51

12 111
26 287
26 54
14 186
11 78
21 263
47 222
35 248
15 52
14 63
39 269
42 134
30 152

14 236
45 154
13 55
18 298
24 42
41 193
34 163
44 178
45 260
29 138
22 288
41 241
29 211
31 123
12 136

17 82
19 271
49 125
49 164
15 13
46 182
14 295
18 52
45 220
45 274
43 42
10 198
48 27
32 83
10 198
15 65
21 186
14 66

16 82
44 103
34 64
27 256
33 234
26 188
46 284
24 85
20 84
30 193
22 257
38 79
31 31
38 224
40 14
48 210
39 90

12 228
39 140
24 235
50 64
49 118
11 254
35 266
16 24
48 99
50 117
23 275
43 237
42 99

25 193
29 98
16 245
50 267
38 76
38 155
45 90
47 214
40 124
15 268
24 93
26 107
45 273
50 131
40 251
48 52
22 155
15 22
33 255
50 268
44 145
24 180
15 128
11 141
37 213
21 84

20 103
26 23
23 21
16 119
26 139
26 209
32 96
29 155
22 60
35 65
13 121
14 135
19 50
12 220
15 176
16 281
17 74
39 97
19 290
41 69
14 62

29 153
42 188
30 223
21 124
42 52
18 186
43 238
16 104
29 110
47 164
26 88
42 71
18 227
46 220
26 198
22 272
29 142
39 34
13 153
37 286
15 109
20 213
48 126
33 132
18 174
11 40
15 168
33 28
11 189
25 207

19 216
32 70
15 264
27 113
37 186
16 186
45 199
10 77
47 112
31 191
30 246
11 255
36 95
24 13
47 231
45 101
43 192
13 97
15 23
28 29

12 94
44 194
12 46
16 182
32 109
49 232
50 251
50 110
15 139
13 156
32 83
20 117
18 223

10 168
45 102
24 49
14 137
49 92
19 172
36 114
36 176
19 39
49 75
50 34

21 22
18 192
19 250
23 108
30 271
17 59
15 69
23 270
13 54
50 157
26 123
30 109
13 220
45 120
38 225
17 211
37 232
38 74
37 116
14 231
28 133
16 114

17 109
27 115
47 98
20 92
29 183
36 143
36 61
23 226
23 147
15 226
29 204
23 240
37 143
23 98
19 257
15 279
21 75
31 278

26 230
46 54
14 188
28 182
21 66
43 138
23 290
46 204
30 33
45 255
41 292
44 292
20 249
34 123
12 256
32 68
27 51
34 101
50 41
23 50
26 30
48 43
33 54
30 190
32 53
47 232
31 76

14 111
33 292
37 257
26 55
47 70
36 219
14 253
45 205
20 203
30 131
11 112
16 166
23 125
43 241
19 155

17 174
49 214
48 221
46 293
11 271
45 191
12 94
10 14
19 196
36 185
50 43
40 167
38 14
29 46
49 138
24 24
36 54
11 254

17 111
14 283
29 97
22 258
21 83
47 228
13 204
50 105
13 233
18 27
43 265
31 33
32 232
31 11
21 105
43 40
44 162
48 290

21 188
28 131
30 200
11 206
30 223
17 56
35 74
43 12
46 263
10 100
28 95
13 47
14 49
34 124
37 88
45 63
48 244
16 13
41 111
41 103
22 179
44 96

18 211
29 85
16 122
32 254
50 13
48 273
43 211
34 83
31 33
28 109
31 103
25 40
45 155
28 248
45 97
26 178
19 232
46 132
19 226

12 288
47 69
27 206
40 160
30 153
24 45
24 80
29 237
42 185
36 148
17 277
11 216
44 165

12 232
11 208
27 21
18 201
39 271
23 163
10 227
28 33
11 92
28 13
30 111
30 33
44 218

12 275
17 298
50 103
42 220
36 192
32 280
48 198
50 232
44 235
50 128
35 57
48 179
34 210

21 259
16 139
20 202
42 103
29 113
47 231
43 29
41 241
17 144
49 55
45 111
22 206
42 273
34 202
32 62
31 134
40 233
24 11
15 223
49 17
44 292
18 33

20 29
23 299
28 293
20 243
48 199
47 266
33 295
34 288
47 168
29 186
49 157
31 150
20 224
14 235
38 129
15 173
19 125
47 288
42 114
23 108
40 71

25 11
50 147
48 76
45 49
29 262
42 202
23 149
36 23
44 239
35 93
41 125
18 161
26 95
28 239
15 11
39 11
22 178
35 59
41 213
42 96
34 160
24 207
22 289
44 143
38 167
42 191

21 41
33 181
16 142
32 11
32 161
39 17
39 88
20 269
48 143
30 249
45 141
36 296
50 227
37 117
12 279
44 98
32 91
30 242
29 141
20 102
10 194
17 11

27 158
38 17
42 298
18 64
33 235
25 209
39 208
29 105
36 20
37 210
50 118
12 142
41 114
41 100
38 270
19 171
47 48
22 78
17 46
38 28
21 39
47 251
11 49
24 146
22 285
22 242
47 210
44 113

13 267
46 264
20 297
44 14
25 176
18 170
26 198
30 96
42 184
48 22
38 90
14 71
46 60
45 117

21 198
50 90
24 212
48 86
34 259
44 108
26 18
34 24
16 193
11 43
41 119
37 145
48 145
37 146
44 271
38 231
37 231
41 252
39 282
18 275
36 198
22 63

