70

14 34
23 87
33 266
30 79
48 228
22 27
45 286
12 130
31 198
33 111
17 104
44 36
48 167
47 54
19 78

10 161
39 250
46 181
42 59
28 219
21 172
49 237
35 163
25 268
23 215
18 120

26 72
43 292
40 295
43 88
32 264
19 11
40 56
33 178
41 290
20 21
38 182
17 63
43 95
16 174
13 183
16 242
17 101
14 125
22 251
39 69
50 108
41 245
48 202
21 194
21 180
42 292
20 125

12 122
34 168
47 17
25 211
22 280
34 140
28 166
15 162
16 191
14 175
20 284
40 167
22 62

23 102
43 267
20 108
26 237
19 156
46 30
29 188
27 177
33 148
33 163
39 102
42 234
29 37
44 165
11 86
42 112
40 124
48 212
48 76
36 46
46 194
28 145
20 89
29 233

13 12
10 10
21 73
30 200
11 140
18 99
11 133
37 268
38 191
42 112
21 119
15 122
10 195
11 134

11 64
43 238
20 60
32 204
22 40
42 277
14 14
34 10
43 203
13 162
42 95
37 71

21 247
10 202
25 296
36 78
48 230
39 223
12 131
25 263
22 264
14 85
32 65
49 131
34 247
25 149
18 237
43 45
27 222
29 160
23 100
34 209
35 116
10 290

14 163
17 272
18 273
40 220
32 162
15 205
49 73
17 63
38 164
43 117
42 71
20 35
20 84
50 278
18 119

14 256
25 256
17 28
27 288
46 211
31 106
13 297
34 272
37 98
26 198
42 185
35 256
12 204
18 129
21 51

18 211
47 160
19 270
28 283
23 174
28 293
32 144
46 75
42 241
43 207
46 234
33 35
24 109
39 293
21 269
31 160
32 203
23 166
17 194

18 104
47 297
27 87
43 132
20 298
39 140
25 181
21 78
32 246
49 139
12 129
18 161
17 83
15 65
19 40
44 289
23 104
30 248
31 108

15 181
40 248
32 78
23 133
28 223
30 14
11 182
45 182
24 113
35 227
34 161
30 252
48 215
34 68
20 168
11 92

25 193
20 240
31 186
49 111
47 46
26 184
50 202
34 294
18 15
41 288
28 261
48 172
24 223
46 42
50 70
19 199
20 149
34 44
12 121
11 67
36 123
28 40
24 265
49 156
36 124
36 213

16 295
46 162
36 110
18 242
45 81
11 196
35 217
37 168
38 18
37 201
31 79
30 101
25 74
46 88
27 45
23 78
26 101

12 183
18 24
38 74
26 115
49 202
11 86
13 175
27 162
12 244
21 238
29 19
30 255
24 71

14 178
40 212
24 73
44 271
42 33
44 209
10 205
39 19
27 219
50 280
26 120
16 37
33 15
27 213
29 151

13 28
23 121
27 124
16 92
27 261
11 241
42 297
38 136
10 210
28 200
12 21
15 29
28 258
48 41

25 87
25 220
29 272
36 40
46 139
23 139
38 65
50 295
45 166
16 240
29 134
26 82
31 78
33 90
42 146
44 195
27 244
28 19
17 44
41 25
29 223
26 232
40 193
43 92
24 65
49 235

19 41
17 222
37 265
13 255
45 244
36 177
33 287
50 202
47 293
39 223
22 200
10 292
36 91
36 283
15 235
12 217
31 270
42 196
31 193
26 182

19 95
35 32
18 265
46 123
35 116
43 133
13 33
37 21
33 237
50 119
39 49
11 175
50 255
49 144
43 24
44 204
20 263
44 277
10 211
22 103

23 172
33 245
10 169
48 243
50 176
15 170
23 280
24 35
23 21
10 135
35 195
32 299
25 52
47 209
31 140
50 267
11 26
50 11
16 299
46 67
38 100
14 192
39 75
28 38

11 114
21 52
39 293
43 47
10 241
29 255
12 13
17 295
49 85
17 285
37 184
41 254

22 184
16 42
31 116
14 282
14 122
21 284
15 248
49 285
43 74
30 134
13 97
33 60
48 192
22 151
16 71
45 123
46 167
39 179
23 299
48 199
13 275
40 38
47 221

27 292
43 210
11 203
38 227
36 275
33 44
33 246
11 61
13 261
27 91
19 233
19 137
23 37
17 103
14 114
17 82
47 23
19 130
17 165
41 31
27 293
10 89
34 300
13 73
41 13
28 180
46 162
41 73

22 226
48 251
20 99
42 236
48 40
23 151
32 137
19 276
19 35
13 60
17 144
34 268
44 57
22 29
17 164
31 163
10 118
38 61
48 98
33 45
50 166
47 286
27 80

15 75
34 293
44 235
46 154
16 24
41 80
35 250
16 205
23 10
19 264
17 46
25 154
38 229
46 179
24 298
23 145

30 99
40 51
18 198
41 82
16 75
30 240
48 122
29 20
12 200
45 180
41 149
29 208
23 139
48 152
13 155
45 151
35 221
46 172
13 193
24 295
37 193
18 154
11 213
36 51
33 19
15 163
43 118
45 145
31 191
23 175
19 82

24 182
17 163
48 289
12 22
26 252
23 113
17 105
32 212
37 152
28 130
39 100
18 169
41 197
41 177
43 238
28 262
33 132
23 196
25 215
20 54
23 134
31 103
48 181
31 41
19 61

30 61
21 21
19 91
39 255
45 17
12 146
30 280
50 263
22 193
30 279
35 140
23 298
15 151
17 49
27 77
31 90
12 206
31 105
49 202
42 274
17 155
29 253
24 207
14 293
20 123
43 176
41 175
26 263
31 106
50 54
21 74

25 12
34 230
44 258
39 257
48 143
22 291
38 21
11 64
40 254
34 202
41 239
50 129
35 103
29 180
18 216
37 84
35 285
16 206
44 24
21 205
48 83
42 218
19 235
44 226
10 130
41 24

10 209
21 209
16 16
11 62
27 232
34 217
34 130
18 243
12 213
42 193
40 242

17 273
43 65
26 200
47 103
11 28
47 54
24 258
20 139
17 111
42 110
43 188
35 69
41 135
46 45
11 72
34 92
28 272
40 89

16 195
44 199
33 246
39 175
23 194
33 246
48 34
21 40
45 243
25 185
42 112
31 282
25 155
38 61
38 176
19 193
35 241

29 268
42 72
50 45
49 113
28 69
43 58
23 187
35 190
18 212
48 290
36 35
13 231
35 39
47 151
23 160
29 84
30 75
43 93
11 173
29 277
14 85
48 130
36 55
42 241
50 162
43 299
36 62
25 240
12 239
41 294

30 135
49 227
10 163
35 92
18 114
10 48
39 218
29 100
28 128
11 43
48 225
29 267
43 82
23 196
35 161
18 204
11 267
47 253
43 71
25 239
29 154
43 249
13 243
43 10
42 216
23 279
21 247
50 57
28 263
21 283
22 149

16 13
25 31
19 71
49 204
47 277
16 101
22 146
47 279
34 269
35 161
37 247
11 84
14 87
50 296
13 45
28 186
35 89

15 161
39 206
26 154
35 211
36 233
44 290
29 298
41 247
19 178
14 33
50 264
38 181
36 289
27 40
49 233
29 257

21 269
10 12
49 79
31 255
13 210
17 204
13 292
36 268
12 243
14 78
38 120
15 34
35 224
45 159
25 13
28 148
19 18
25 239
36 101
16 15
15 300
13 217

14 225
18 87
31 120
15 158
28 141
41 162
43 22
25 162
15 201
33 60
37 153
19 118
32 19
12 234
45 179

12 240
31 56
26 158
27 101
12 192
27 283
32 79
40 285
16 210
34 22
39 19
16 152
24 23

15 187
43 269
39 64
43 160
10 232
26 59
48 47
14 78
40 222
47 21
17 260
38 51
50 55
37 216
41 112
31 42

10 20
44 102
40 42
45 125
17 148
45 283
16 166
11 110
31 105
10 240
47 243

17 43
29 222
49 101
20 75
24 192
12 22
14 43
50 16
44 273
21 26
11 89
20 28
35 262
42 43
25 262
16 165
43 202
36 250

30 168
29 287
23 257
44 61
44 158
44 205
33 38
34 152
33 263
11 134
30 204
34 265
31 41
34 88
35 97
11 299
17 113
19 137
12 174
49 29
36 90
20 262
16 262
17 240
25 261
21 23
18 279
37 272
50 172
18 84
11 210

18 161
42 41
38 261
41 10
36 225
14 182
48 200
10 62
38 247
13 262
23 89
31 98
14 143
43 260
12 239
46 157
14 220
34 108
38 250

10 243
42 30
24 231
18 92
35 15
43 105
24 168
25 125
32 142
23 131
10 164

11 233
27 279
47 113
31 172
22 206
27 211
10 247
27 283
14 121
48 203
29 182
47 142

14 188
24 155
42 100
42 71
24 28
14 193
35 152
48 33
25 108
37 288
24 140
31 13
42 83
49 104
21 248

24 107
40 257
34 30
12 74
50 232
39 293
19 179
12 97
31 162
50 70
16 276
13 110
17 21
20 175
19 100
28 38
50 252
22 69
22 163
12 16
50 277
27 53
43 85
32 181
46 169

27 247
13 105
23 130
26 35
14 212
46 36
50 37
25 147
25 123
47 290
21 112
30 271
35 121
29 146
28 289
46 55
48 132
20 261
48 283
26 299
19 200
50 297
16 199
33 186
14 10
44 101
40 209
37 81

18 39
33 111
30 273
26 28
24 105
38 105
49 174
41 23
10 31
15 295
40 151
33 47
32 29
41 130
46 165
50 299
13 43
39 71
23 89

25 263
33 63
27 75
16 32
41 46
23 86
32 201
49 109
15 193
23 52
24 76
45 24
31 212
46 222
38 85
33 236
12 283
11 44
19 250
10 32
36 30
47 101
28 256
50 171
30 65
27 155

22 24
48 103
27 58
46 139
29 300
27 164
42 283
27 27
18 12
43 287
19 131
49 229
18 274
20 109
42 56
36 157
40 124
25 17
45 134
10 17
16 282
25 34
27 131

18 58
25 222
29 198
11 285
19 283
24 229
13 237
24 125
21 229
22 167
24 203
47 191
28 155
24 248
25 70
28 84
22 41
13 117
35 187

12 31
25 12
41 97
25 79
50 15
43 278
37 63
46 123
18 130
28 55
27 208
17 195
27 42

16 174
18 183
29 161
47 182
49 10
20 258
43 236
39 247
50 72
42 261
35 231
40 141
26 190
30 146
26 219
38 300
36 266

19 261
24 188
23 124
16 149
48 10
30 40
46 211
11 170
30 50
31 90
25 97
27 93
21 94
20 233
26 55
43 184
25 269
45 179
47 285
29 155

23 135
39 61
43 132
11 261
21 142
16 199
41 41
10 277
28 251
39 28
19 280
48 14
44 204
12 245
31 105
10 82
46 271
31 180
38 177
34 250
45 277
41 269
45 148
24 40

26 196
12 68
34 278
10 77
22 25
40 25
37 152
46 49
49 225
14 51
22 10
13 104
50 196
19 252
16 254
11 129
45 285
15 188
44 258
32 20
23 280
20 260
28 212
41 271
23 197
25 279
18 250

15 293
38 80
17 201
40 239
19 276
38 250
23 180
38 64
17 175
24 218
16 132
33 121
34 277
16 154
34 149
41 97

16 72
32 137
18 147
48 261
17 177
30 57
19 121
37 150
46 197
44 257
25 56
49 269
45 300
24 12
30 109
26 113
38 196

15 57
42 159
48 258
48 63
21 166
19 111
16 133
17 63
20 152
19 243
36 97
16 73
45 160
28 12
30 97
18 125

11 259
36 298
22 248
10 56
15 64
19 262
14 86
43 134
31 90
35 218
39 164
37 107

30 95
37 139
13 209
19 209
17 205
10 178
18 36
14 286
32 96
49 229
50 138
42 141
22 13
48 81
11 189
30 136
14 107
16 195
38 18
39 71
41 77
39 251
21 89
49 254
14 199
46 142
47 183
43 161
24 178
45 171
23 62

14 84
16 212
18 240
44 271
25 245
42 167
46 125
25 168
43 174
14 246
12 250
16 26
34 194
27 198
41 99

20 149
34 173
23 81
21 91
44 101
38 57
47 213
32 255
27 148
45 112
45 173
30 11
10 33
46 129
50 285
22 155
11 250
10 145
50 62
48 54
32 183

11 36
40 51
18 242
28 149
34 63
13 104
22 10
36 237
30 166
27 68
33 293
38 38

29 102
43 271
32 23
21 123
39 126
46 196
17 262
25 68
45 227
11 88
46 291
37 138
45 131
22 168
25 23
32 11
36 172
34 88
42 197
21 111
16 232
17 233
43 176
35 291
44 236
37 112
10 155
36 43
50 201
47 60

12 110
49 125
48 230
42 186
34 134
21 248
39 244
39 170
50 36
21 53
42 165
44 66
12 89

