76

19 197
11 230
26 48
37 197
40 84
32 295
39 171
35 76
25 73
44 300
48 101
30 276
12 168
42 246
29 222
46 288
41 200
46 235
25 149
16 129

25 200
22 69
31 238
11 63
30 85
38 288
10 50
14 96
17 170
20 251
34 17
18 286
30 260
25 167
38 219
31 173
35 96
45 74
42 229
28 97
17 89
36 36
19 254
37 79
42 21
37 131

30 233
31 272
47 68
19 25
47 61
34 73
38 265
15 273
12 171
26 122
17 236
43 56
18 279
39 69
46 192
17 89
49 243
49 254
13 22
27 290
10 75
36 148
34 192
33 294
38 230
31 147
50 99
24 130
21 66
44 142
31 236

12 106
23 137
15 225
41 244
24 294
24 200
13 180
29 116
13 219
30 10
39 141
49 154
20 223

19 161
20 289
21 158
38 254
37 258
15 86
44 43
19 14
20 51
14 120
44 50
17 16
24 279
18 41
19 97
12 262
29 285
25 26
38 204
16 299

20 190
21 229
31 133
15 59
15 247
16 21
39 102
21 102
19 55
10 223
44 250
35 200
34 27
37 202
48 26
28 66
12 87
13 132
38 88
44 27
24 158

23 261
34 143
33 287
49 180
48 184
25 237
31 70
16 57
14 280
24 181
30 33
10 57
34 58
27 211
22 153
38 124
39 159
22 100
37 283
31 241
43 71
30 291
37 160
31 84

30 18
26 142
50 111
31 131
23 55
41 97
28 259
39 52
37 177
48 85
24 268
45 101
27 15
50 288
18 39
30 282
17 81
46 163
19 24
44 210
37 115
31 34
11 256
12 97
50 125
37 159
33 155
28 138
31 158
47 247
11 267

20 124
29 151
36 47
42 165
18 227
44 191
37 111
17 197
46 275
18 111
34 224
16 251
10 238
42 98
22 211
47 73
25 68
24 225
16 190
17 124
15 230

17 33
40 143
16 287
47 121
42 287
42 126
31 103
30 218
39 185
37 30
50 83
47 41
49 238
43 284
18 98
37 133
48 82
10 64

24 153
48 238
46 62
28 47
19 42
13 285
22 135
49 24
44 32
39 228
26 271
12 110
37 282
16 84
11 90
33 229
41 168
22 109
10 67
20 156
46 244
47 293
34 171
37 165
12 260

11 33
27 183
31 226
20 258
20 265
48 274
43 43
21 53
27 229
11 77
23 12
38 73

22 101
46 188
23 199
37 16
31 71
34 35
48 191
28 69
23 185
16 164
36 270
14 282
24 296
49 118
33 195
13 264
42 107
48 246
36 193
20 15
17 68
37 142
28 123

15 279
49 172
23 251
49 16
25 210
46 289
11 222
40 244
26 185
48 195
37 129
30 269
45 55
45 28
17 255
12 284

20 104
26 39
40 50
13 222
41 129
49 163
50 143
21 252
12 61
32 107
35 156
32 28
44 97
33 299
33 281
50 261
46 279
33 26
41 98
30 171
33 233

15 206
23 156
46 63
37 229
15 279
18 41
41 187
21 162
37 62
48 37
45 144
11 266
41 236
36 96
45 69
45 100

19 16
27 177
32 73
49 150
20 183
24 188
46 64
19 123
31 121
35 155
22 144
46 231
40 166
35 122
40 199
49 82
30 233
14 75
18 194
33 13

22 207
40 44
13 13
43 114
37 206
37 102
22 91
16 66
48 110
46 228
13 75
45 150
12 133
14 121
42 174
21 90
32 286
41 149
21 212
33 199
21 143
27 129
33 109

10 10
46 261
39 253
36 173
15 222
39 18
20 235
47 279
34 11
22 96
36 263

18 98
24 133
30 111
36 158
30 61
36 24
45 279
14 94
39 185
50 211
22 125
26 22
11 269
38 117
44 133
37 226
11 210
18 291
34 68

29 162
27 91
19 220
28 30
40 237
33 267
46 39
45 218
48 61
41 35
41 188
40 113
50 17
34 118
31 40
14 164
20 51
41 272
13 80
46 203
22 213
39 39
43 232
39 297
20 143
33 197
43 234
38 84
35 160
44 95

14 251
29 156
48 136
30 32
11 89
48 147
32 269
37 103
20 287
33 221
10 197
33 280
15 141
32 62
26 105

20 118
10 68
40 243
37 224
28 283
25 293
37 275
23 48
30 82
49 46
33 220
47 291
26 119
23 160
45 258
41 279
28 47
12 231
11 155
10 41
19 95

30 67
45 235
32 146
42 180
27 293
46 176
44 255
22 156
25 93
34 98
18 267
43 159
25 299
42 106
47 12
47 44
25 40
49 250
41 72
39 146
29 53
33 168
40 285
19 262
42 121
29 216
23 84
13 162
20 171
26 146
27 164

22 209
23 12
26 265
23 103
13 94
19 232
49 299
42 29
13 106
31 298
33 13
12 122
11 281
20 45
22 98
42 273
41 212
45 213
47 218
37 104
25 11
34 75
31 52

16 177
50 121
37 85
31 218
45 68
14 251
27 143
14 144
19 119
43 143
50 12
46 192
10 295
46 289
28 218
21 138
26 288

14 166
42 204
41 299
25 89
45 114
18 80
42 209
17 265
16 78
25 231
31 241
32 70
20 89
36 50
34 90

18 70
39 112
39 177
23 207
28 155
25 238
45 13
36 91
13 129
44 214
20 94
40 296
47 160
30 295
16 109
31 48
20 176
26 47
44 44

25 20
11 279
22 230
21 155
41 57
19 219
34 273
46 194
32 275
17 88
46 51
28 188
22 221
50 199
49 228
19 198
28 199
40 113
13 119
17 65
24 286
40 178
16 199
32 28
42 232
48 61

13 170
35 45
26 209
39 214
31 70
24 153
18 118
33 25
50 175
50 222
11 163
33 299
45 86
50 63

19 272
25 176
31 268
16 280
25 271
41 281
45 87
43 187
48 256
20 188
35 120
43 294
17 202
17 185
21 222
14 228
24 106
25 101
39 297
27 139

26 132
39 243
14 59
14 232
18 237
37 123
12 47
13 31
43 144
42 272
33 298
50 298
32 67
42 138
41 189
44 183
28 38
24 207
22 158
41 43
46 75
42 70
41 205
48 204
30 13
50 246
10 193

14 112
34 261
28 172
43 230
39 28
23 125
46 39
34 179
43 164
25 64
50 22
49 119
50 35
32 186
21 168

22 84
45 241
35 83
43 161
19 198
30 65
43 284
21 154
46 115
14 30
29 247
42 200
23 199
25 43
28 289
30 25
45 208
17 165
12 226
12 242
45 243
12 168
11 109

27 145
48 108
24 211
28 127
47 187
17 177
40 113
43 102
34 96
19 75
22 137
50 119
26 222
25 74
11 79
45 226
20 49
47 16
43 186
11 150
25 202
37 216
27 235
28 293
25 102
40 250
31 241
19 172

21 251
34 297
50 162
44 269
34 60
19 201
44 172
40 182
48 213
21 151
21 172
28 173
38 38
37 147
32 91
46 152
18 96
36 60
22 238
36 117
42 256
47 69

14 173
39 260
40 131
44 38
42 157
24 113
41 216
29 93
19 240
44 196
38 288
46 17
20 74
14 169
15 81

11 297
12 38
28 146
50 87
26 60
19 173
39 277
46 173
12 93
18 112
42 31
47 272

11 272
17 220
42 35
35 66
18 252
50 194
28 231
34 174
43 196
12 230
33 92
46 105

26 95
12 169
24 298
41 56
22 89
23 30
46 86
28 247
22 261
24 10
37 19
17 202
17 287
23 181
29 71
26 69
32 142
50 85
18 194
10 277
22 203
18 132
19 161
38 152
26 90
35 54
46 37

20 100
49 288
29 262
22 148
38 82
40 25
21 26
47 242
44 228
44 12
44 150
26 45
18 258
38 67
15 172
14 148
11 50
30 30
29 46
46 103
17 148

18 176
26 285
46 194
16 22
28 259
23 251
31 231
49 164
50 19
45 115
22 67
11 230
19 88
36 189
45 175
48 49
44 293
16 36
38 228

17 259
49 82
47 22
46 203
41 56
16 25
47 271
36 174
38 179
28 242
17 245
22 151
36 300
18 31
38 30
35 283
33 43
42 253

19 89
15 206
33 293
48 158
28 130
41 67
50 247
39 42
41 28
24 178
47 193
41 25
38 160
46 232
16 225
50 296
33 155
20 29
18 237
15 194

13 220
50 216
37 91
14 24
13 70
40 256
39 272
20 271
13 128
40 192
35 167
39 108
28 176
24 160

17 236
33 129
13 228
47 229
18 213
34 177
38 261
18 183
28 111
26 185
40 100
14 42
29 50
13 198
40 47
18 73
42 123
20 277

15 124
31 245
18 97
44 270
18 219
10 177
32 263
32 131
11 131
30 208
23 259
44 40
18 187
49 178
50 259
21 209

14 173
17 161
25 42
32 79
25 277
47 193
16 14
34 100
31 251
26 89
20 198
14 124
28 224
14 157
21 296

13 153
27 81
35 91
18 164
15 18
20 67
24 298
35 97
13 200
45 144
30 247
18 293
21 34
23 55

28 14
49 10
11 194
37 121
19 254
26 203
26 114
26 58
32 169
38 83
23 104
36 127
21 238
13 178
50 51
28 144
35 190
22 132
49 199
33 214
12 261
47 142
50 79
24 212
34 289
26 239
45 179
30 289
42 176

14 48
24 232
23 201
39 185
27 276
24 51
49 39
39 112
49 258
38 71
28 125
15 286
32 283
18 275
33 130

13 233
13 126
18 211
19 199
12 164
17 260
32 254
41 40
24 31
47 117
15 100
34 42
35 210
50 198

30 125
13 77
46 197
43 239
29 86
41 295
25 36
14 213
35 260
48 88
36 176
22 77
34 273
49 120
42 57
38 192
36 204
47 272
12 300
39 46
48 280
36 94
14 162
39 94
50 243
17 134
12 38
12 163
42 155
43 241
15 210

18 140
25 178
45 102
34 296
28 209
13 220
23 145
21 254
50 49
45 20
36 114
19 116
16 202
22 37
41 284
32 50
34 151
43 292
22 166

26 107
46 182
47 136
27 96
12 55
41 10
34 277
49 232
40 298
47 39
16 33
35 284
44 164
49 246
36 173
24 110
30 148
12 229
26 131
38 112
20 17
33 282
37 19
24 135
10 18
13 190
22 245

15 175
32 12
47 184
37 188
16 210
34 97
44 245
21 126
45 141
19 61
27 178
20 138
42 69
48 177
26 37
36 48

27 129
13 95
42 251
45 281
20 114
18 153
16 273
12 58
21 143
20 170
16 232
20 243
44 22
12 153
42 84
36 120
13 209
43 105
50 248
28 216
40 190
11 283
17 228
44 230
42 155
14 116
32 35
50 244

17 273
15 41
43 15
50 66
32 119
14 13
28 260
38 287
34 143
19 137
13 36
45 53
27 26
38 269
30 209
29 141
48 35
46 141

25 138
29 286
29 95
45 207
20 71
36 179
24 151
12 10
50 127
29 293
33 98
25 291
46 177
49 180
37 102
15 230
25 43
43 174
19 131
28 91
44 165
44 206
31 234
45 39
38 171
46 275

18 172
21 194
16 30
29 197
32 180
29 299
12 225
18 25
39 202
46 235
33 185
11 88
19 150
25 285
27 108
30 258
23 108
50 271
48 82

10 217
43 90
46 154
27 217
25 84
23 102
34 131
32 37
28 190
26 282
29 44

20 253
27 130
23 260
15 80
50 95
40 57
18 232
16 28
14 288
15 145
49 80
19 208
18 23
20 176
29 100
41 214
40 37
27 68
31 253
23 67
48 78

19 47
26 135
49 121
35 93
32 37
22 48
41 154
43 146
30 24
35 62
43 120
42 73
13 152
33 59
49 49
10 96
17 272
38 298
41 264
16 249

29 105
11 210
44 176
12 46
17 54
35 177
33 156
42 39
10 196
10 121
48 166
11 74
20 169
28 76
13 168
17 254
49 227
23 137
30 160
22 267
39 242
14 156
33 268
18 78
36 78
50 226
10 19
13 254
25 31
43 211

29 169
38 140
35 261
35 17
35 52
14 182
24 36
26 56
47 167
28 110
14 129
14 208
30 283
34 198
39 165
23 21
46 281
37 30
44 256
26 298
49 140
17 171
15 15
13 251
44 146
24 66
26 33
15 58
11 16
29 167

27 145
32 300
11 68
18 22
22 146
26 124
42 277
33 117
39 131
32 50
31 237
26 143
11 27
23 146
45 266
44 242
15 261
37 82
37 45
12 248
24 171
38 138
26 245
21 195
10 234
48 263
24 57
46 119

29 158
29 195
50 216
17 195
39 139
49 288
10 143
15 134
20 146
40 187
32 279
42 298
16 104
35 87
47 180
50 115
46 96
21 233
27 175
36 52
31 191
42 196
38 78
29 61
48 240
10 81
22 88
34 265
29 180
10 141

14 290
18 28
26 25
27 118
50 68
41 254
33 17
18 240
42 110
47 21
46 233
22 76
26 296
32 15
47 78

11 223
50 155
48 10
34 277
37 156
22 155
41 92
36 277
36 244
46 67
32 203
20 28

12 153
49 14
35 79
36 47
13 109
32 150
35 251
37 173
19 88
45 268
27 227
17 154
44 231

20 151
26 229
36 295
23 162
22 293
44 109
37 80
33 69
20 12
50 175
23 119
26 287
12 119
34 75
21 135
42 62
36 50
16 278
28 146
16 105
20 16

28 94
27 151
45 300
43 52
40 117
48 140
15 172
47 29
34 80
36 247
46 242
39 191
14 252
15 203
45 40
20 133
13 67
12 268
25 102
27 125
31 267
44 298
18 221
36 77
44 166
11 288
31 89
39 181
33 46

21 143
30 133
26 10
43 253
18 43
13 133
18 269
18 175
41 46
41 286
18 205
37 105
22 206
36 206
43 151
33 211
25 134
38 224
14 22
26 198
48 291
44 197

23 214
31 33
30 265
27 232
26 204
31 154
35 244
12 90
43 295
36 64
30 250
25 69
40 170
30 137
20 239
29 51
43 138
14 161
49 29
10 230
16 16
19 121
36 142
24 175

11 190
35 261
30 46
11 213
18 81
22 102
38 160
12 69
34 143
20 83
23 106
32 118

17 51
34 251
36 121
30 116
14 199
21 221
47 279
26 82
31 248
47 98
38 163
11 284
39 20
12 282
34 142
45 91
10 199
37 227

