86

28 204
31 80
16 296
42 35
46 19
43 54
29 264
16 81
35 201
41 152
34 255
34 38
13 49
40 183
41 284
46 55
48 275
20 244
43 105
29 136
38 266
33 150
14 28
17 145
20 229
42 120
18 281
16 11
28 54

13 115
14 195
39 229
22 91
23 86
11 276
44 166
27 33
32 198
38 55
46 151
12 116
33 130
23 233

24 285
29 45
33 43
14 114
36 63
24 10
45 198
11 27
16 74
37 167
50 258
12 291
39 208
37 30
19 292
43 274
35 170
20 205
23 145
19 132
21 275
44 113
45 190
20 184
32 220

24 260
38 117
47 46
12 190
39 63
17 203
17 228
48 230
25 45
29 158
11 240
12 40
27 115
46 76
33 44
17 89
38 49
21 293
22 58
42 196
18 83
12 219
49 135
23 44
47 15

21 99
25 194
31 152
10 25
41 159
33 264
11 265
25 223
13 185
41 287
10 75
13 232
39 216
24 79
19 126
12 251
32 139
19 66
35 47
47 44
25 52
44 181

19 291
19 229
49 117
24 124
50 164
29 33
43 35
29 196
10 85
16 149
35 255
34 176
35 254
44 156
33 134
41 127
50 96
10 103
50 20
30 277

10 79
40 187
46 220
38 213
39 192
24 192
41 209
14 22
22 58
24 276
11 268

10 13
30 197
35 146
36 38
12 220
47 71
14 20
31 279
27 136
29 293
41 236

11 288
46 81
30 46
35 224
30 164
42 30
44 195
29 259
11 222
37 260
33 226
18 216

18 148
25 298
48 153
31 104
12 230
47 265
45 33
34 179
24 258
41 242
17 244
16 142
24 60
34 113
37 94
13 231
41 168
29 165
49 37

20 175
16 192
48 145
39 238
19 21
18 10
13 299
37 172
32 111
33 290
18 112
12 47
38 149
38 254
27 41
11 179
25 144
46 267
32 70
32 235
41 299

27 70
15 160
36 236
16 186
35 31
47 76
50 253
24 86
50 77
22 69
18 134
17 11
42 175
24 89
36 284
32 32
39 280
37 186
20 280
37 78
10 81
48 259
19 72
27 75
34 40
22 185
45 138
14 123

27 83
29 298
31 182
30 222
43 186
47 150
20 228
41 252
17 152
45 218
25 117
33 206
16 183
36 38
46 223
28 283
34 259
24 267
13 169
23 105
16 136
28 21
30 139
49 36
39 85
35 238
14 56
41 107

12 252
48 154
14 70
44 147
35 207
45 38
15 50
17 60
13 121
39 147
20 218
14 214
47 199

18 161
16 259
12 23
30 150
36 289
33 125
43 290
47 34
12 59
48 253
37 216
25 229
40 193
49 127
14 299
50 283
13 219
37 33
36 198

29 281
49 90
44 75
27 268
46 161
35 230
47 287
47 109
19 283
29 40
44 291
27 12
23 35
25 19
26 89
15 41
28 63
17 45
29 219
25 280
46 161
27 133
19 231
38 47
50 233
13 58
16 261
37 43
19 26
50 153

28 121
42 263
11 107
25 208
49 299
31 81
23 215
49 153
18 52
10 98
46 194
23 111
11 219
18 164
36 286
36 137
18 196
20 181
46 125
47 181
22 167
19 18
12 252
38 199
47 168
28 189
38 82
11 77
34 224

11 291
20 106
40 123
21 49
39 194
26 204
24 186
15 29
35 128
37 58
10 138
25 122

11 169
44 284
17 24
12 240
26 99
50 198
11 211
18 53
17 153
13 219
13 185
22 244

18 148
40 53
24 256
10 210
23 276
50 297
17 193
29 155
28 202
29 59
49 37
39 182
27 133
43 140
12 16
31 135
38 14
44 21
26 131

16 298
19 35
46 147
34 105
21 298
24 244
27 35
29 207
30 44
14 59
49 274
32 225
39 48
18 203
13 157
28 230
50 147

22 35
28 134
32 45
12 211
19 265
40 239
21 146
33 207
22 41
17 234
10 17
21 192
11 230
36 179
34 208
19 203
48 201
46 55
31 215
43 33
14 74
43 53
45 157

16 33
21 250
15 190
20 127
33 241
34 88
14 210
37 35
26 161
26 64
36 187
44 12
39 178
43 219
43 213
26 107
40 129

17 12
43 171
33 285
39 256
45 51
33 246
12 236
22 103
17 253
35 154
15 90
47 20
30 91
32 23
34 160
43 72
16 285
14 229

15 103
27 82
20 163
17 226
15 155
39 19
22 211
45 125
50 224
40 74
48 159
18 67
50 182
29 152
41 22
42 257

30 100
40 114
16 224
46 143
13 107
37 212
47 277
40 156
46 295
10 248
12 66
37 270
34 185
11 156
49 146
12 64
21 191
45 112
47 128
37 292
37 145
35 277
50 290
50 134
40 73
45 29
18 20
44 183
49 261
16 211
17 30

26 247
39 72
38 156
45 115
22 133
20 213
24 199
14 120
26 194
23 198
49 74
21 81
34 270
33 40
35 213
20 194
29 61
12 73
19 61
44 151
21 214
38 220
45 286
19 179
25 299
26 289
39 296

21 157
16 87
29 109
19 21
24 123
40 111
39 271
18 236
18 25
23 285
41 191
16 54
50 92
11 126
36 292
23 189
30 155
23 29
20 201
43 219
23 47
11 156

17 89
10 156
44 159
49 58
20 51
24 171
35 21
28 296
14 18
15 51
38 216
27 254
36 56
19 140
35 273
19 28
44 198
40 121

28 230
26 145
35 164
46 165
21 279
19 39
47 181
49 169
32 17
25 299
20 144
20 52
13 286
30 292
48 103
30 268
35 232
21 255
23 143
34 136
23 150
48 10
18 81
46 100
41 102
33 276
22 245
28 121
34 272

14 30
18 58
26 89
46 267
10 214
16 216
13 148
45 149
46 264
32 136
26 78
28 27
46 226
34 270
27 241

14 69
10 34
47 48
16 182
21 284
24 65
39 263
47 229
42 243
23 252
34 166
17 248
31 88
48 215
19 136

30 121
41 48
25 286
24 197
10 275
39 257
12 136
13 252
40 278
34 267
23 253
38 188
13 132
42 177
37 31
41 171
36 45
27 249
29 279
16 70
24 246
48 87
50 248
11 245
31 61
48 194
11 249
13 174
50 250
45 85
34 245

21 95
34 18
43 52
17 46
43 196
38 194
24 175
14 297
38 124
50 121
50 48
48 157
26 278
27 75
44 295
19 184
34 128
33 250
41 61
11 253
43 142
28 12

26 93
20 224
24 67
24 201
45 45
13 98
50 157
22 12
41 226
30 126
10 221
20 58
49 15
47 176
50 170
45 181
26 289
32 186
42 54
21 14
47 55
30 35
28 148
25 282
12 278
43 238
29 79

13 131
19 275
12 254
47 54
10 88
14 246
29 149
19 299
21 290
33 179
27 198
20 251
21 103
12 234

15 33
10 150
50 86
10 134
22 262
35 86
17 79
30 233
11 112
41 283
39 37
41 189
32 41
29 116
13 30
27 34

28 121
29 11
25 205
17 238
35 214
41 241
22 109
47 12
35 127
50 98
17 156
11 173
42 90
36 65
16 190
31 140
42 109
40 222
33 69
41 235
16 245
23 223
19 72
40 187
23 77
41 10
43 51
13 93
22 271

15 157
35 251
17 95
29 143
25 244
48 248
24 33
19 81
40 219
49 232
19 141
45 17
45 55
19 163
29 197
43 244

25 27
41 94
46 130
18 33
44 67
38 20
50 57
24 105
19 267
17 69
15 293
44 132
41 168
12 155
44 155
31 60
32 241
45 104
24 119
15 25
33 211
17 173
49 177
29 269
14 55
45 149

13 160
24 208
35 74
10 142
18 195
31 168
44 275
38 226
37 70
17 129
33 89
12 35
44 27
10 205

20 135
30 241
50 270
23 140
21 78
15 186
14 260
20 98
18 88
24 282
49 130
30 124
38 193
14 167
49 139
22 98
35 221
38 169
40 111
28 260
32 170

22 70
38 236
43 138
48 170
17 44
13 255
49 170
43 43
28 42
48 185
25 101
17 186
25 23
47 40
29 81
38 198
47 253
43 157
34 228
30 178
34 54
27 184
16 204

28 107
43 41
40 67
12 52
23 95
49 204
32 193
46 116
15 221
32 272
23 177
44 217
44 215
20 250
17 66
20 108
27 257
45 57
23 71
39 200
37 90
26 65
20 58
41 122
10 148
42 190
34 128
35 279
14 267

26 11
10 274
22 54
47 92
49 142
49 70
13 140
48 273
39 228
36 292
35 220
46 258
38 85
30 197
36 88
38 76
22 209
18 26
38 29
36 50
30 293
11 75
33 187
36 132
13 281
45 22
42 219

18 13
23 10
45 238
18 196
14 17
27 209
38 261
34 268
25 155
13 229
48 192
28 138
36 17
46 92
39 246
48 192
32 138
29 211
39 286

17 248
25 109
38 77
28 198
33 139
36 180
21 148
35 105
10 250
24 157
45 36
31 250
12 30
34 190
27 263
43 44
49 108
36 221

29 65
26 107
45 205
10 263
43 85
49 10
20 11
11 244
34 212
14 202
35 181
40 250
22 295
34 190
16 61
26 187
25 169
18 196
24 44
21 204
38 128
26 247
45 253
48 273
47 86
30 53
33 219
21 103
38 105
43 189

25 17
28 75
41 119
39 280
40 32
36 160
43 170
30 23
21 248
15 121
36 12
44 218
49 297
39 248
35 268
37 212
34 221
32 49
25 285
29 175
12 275
41 16
50 290
48 133
30 222
20 216

19 254
26 208
23 139
35 60
45 199
36 110
32 175
17 163
38 95
35 79
12 194
18 58
39 166
18 177
11 196
31 99
37 171
42 285
38 245
21 91

11 85
10 276
11 139
29 298
49 256
29 61
31 11
10 60
46 58
18 281
47 108
19 36

14 138
23 25
26 112
29 156
49 207
28 47
49 209
14 31
30 65
10 227
12 109
15 156
24 73
37 164
21 109

24 60
22 20
48 207
21 137
34 111
29 219
49 150
40 71
10 292
21 204
12 298
12 222
49 94
12 180
24 203
41 230
10 37
14 281
36 37
11 94
23 99
30 43
29 153
36 180
25 59

20 269
19 109
10 296
16 208
32 45
28 79
17 221
46 73
30 59
15 91
29 36
43 123
12 247
46 282
32 153
50 16
43 142
28 276
37 202
18 279
48 109

14 206
43 66
18 268
19 65
28 188
16 18
50 252
13 219
27 46
24 262
10 189
43 174
17 18
28 18
10 92

16 186
15 111
24 289
49 276
22 246
47 240
21 255
41 58
40 279
33 89
15 158
43 171
14 253
38 259
33 107
24 68
39 51

17 283
42 202
45 227
50 184
34 129
16 281
26 92
10 142
43 298
38 185
42 197
39 145
11 18
20 93
16 197
31 203
39 196
19 122

30 30
47 58
33 188
49 211
10 181
23 196
31 197
16 53
46 78
39 265
27 97
47 249
30 179
16 165
22 221
45 215
29 219
34 252
35 46
23 276
17 254
30 79
38 134
39 53
36 162
41 128
30 55
13 41
33 282
13 19
10 78

21 281
11 144
50 114
17 185
38 246
30 236
26 48
16 111
48 52
41 290
28 141
23 117
10 67
23 93
43 60
45 100
42 51
18 145
28 21
13 244
43 132
15 196

16 136
38 130
26 230
45 36
33 170
31 220
48 168
23 32
46 220
16 255
14 148
44 60
15 89
28 114
34 151
15 120
24 283

14 26
28 290
27 209
42 226
28 79
18 222
25 157
29 79
13 82
45 152
33 120
29 45
11 32
45 100
21 232

11 124
22 180
38 128
49 44
46 154
39 36
14 15
30 289
33 235
37 175
27 132
14 22

29 225
34 176
18 226
25 61
44 70
23 174
14 44
18 50
21 71
38 202
24 91
13 150
48 214
47 238
23 203
16 147
37 165
22 32
13 172
44 40
11 206
10 93
16 152
43 200
10 290
50 156
15 204
48 214
38 288
21 245

13 228
47 10
24 60
11 267
25 194
23 73
37 276
14 288
14 38
36 176
14 37
23 235
32 144
27 157

21 217
33 161
19 77
10 81
18 87
44 41
13 156
39 39
21 284
19 122
43 245
37 199
50 293
14 184
27 33
20 148
50 150
12 96
20 251
25 89
41 143
18 165

21 285
37 83
41 27
32 39
23 129
32 17
48 210
47 120
15 236
50 133
28 209
39 162
33 296
32 144
49 39
31 44
22 189
39 87
22 192
40 185
21 26
41 105

26 119
32 62
39 31
17 126
33 42
19 73
15 134
37 246
42 266
12 47
16 55
44 165
46 258
23 92
28 259
12 95
47 146
31 89
46 157
50 206
18 189
33 35
44 98
20 15
18 73
31 201
16 229

22 82
30 19
14 187
43 52
47 171
45 207
29 200
39 294
34 283
22 222
46 29
41 16
40 157
30 283
19 244
14 299
48 109
16 246
11 263
38 74
14 153
39 260
38 142

28 137
20 63
12 42
25 215
46 203
11 50
19 82
17 300
33 213
23 207
50 278
15 243
44 210
17 85
31 136
23 64
43 247
19 191
27 272
40 212
15 121
49 16
47 231
32 184
20 249
30 154
24 48
38 124
31 290

26 170
50 206
46 142
40 85
47 155
50 97
37 80
39 195
48 178
18 99
19 214
36 274
23 186
39 261
23 188
38 35
27 233
23 83
13 57
48 198
42 239
10 270
14 282
19 250
28 14
21 157
45 169

26 198
28 32
38 187
28 24
32 128
28 138
35 99
20 199
14 55
41 228
27 284
12 169
27 100
31 79
27 219
12 81
12 277
42 70
44 129
50 140
22 35
35 50
13 248
46 198
41 284
24 21
31 267

30 101
30 175
32 75
15 140
18 106
13 289
11 123
35 93
38 280
46 42
45 56
46 100
21 199
31 193
22 223
48 62
20 177
14 128
13 210
15 164
14 214
17 78
47 293
44 265
20 171
47 282
16 41
42 141
43 261
21 282
19 26

20 193
34 281
39 53
23 137
30 15
19 86
44 282
31 211
46 299
46 133
31 126
23 125
21 169
29 27
20 252
14 142
48 55
27 97
37 88
16 101
13 104

30 19
34 203
47 61
27 88
37 181
33 189
48 205
10 211
14 258
10 160
37 117
30 101
43 264
35 269
26 264
40 257
25 19
30 144
39 212
40 179
35 60
37 298
45 102
31 265
26 162
49 109
40 19
21 96
44 119
10 205
16 129

13 224
21 107
11 171
18 197
45 32
46 52
38 168
10 87
39 93
19 233
31 244
46 193
34 37
44 280

19 262
30 38
41 55
29 90
38 86
26 149
48 234
30 257
34 101
26 169
34 244
37 200
14 14
46 249
45 84
22 26
19 195
30 35
46 42
32 172

11 84
48 146
28 120
11 57
37 98
24 273
22 269
31 211
50 153
29 275
48 93
21 80

16 52
19 83
38 110
27 80
31 216
20 31
44 188
10 173
16 238
24 260
11 121
34 151
41 183
34 296
44 199
28 37
27 77

21 225
18 43
18 193
32 283
18 146
16 111
32 156
23 217
47 226
23 32
33 59
36 43
33 14
26 244
13 99
49 236
10 27
20 230
46 280
41 177
16 90
44 31

19 187
39 228
34 68
32 284
14 143
41 90
42 168
27 284
42 13
16 48
38 143
13 120
38 146
12 180
17 238
35 208
38 13
11 89
34 181
45 281

17 253
30 198
43 27
46 16
31 285
12 60
40 62
14 197
44 17
43 198
47 164
19 278
27 107
16 139
22 141
13 190
33 99
10 106

30 134
38 95
32 144
38 52
19 231
43 159
23 44
42 69
19 32
49 20
44 287
43 34
14 289
39 259
45 99
27 106
27 16
45 82
41 52
41 285
45 221
40 203
45 241
41 263
47 150
35 246
38 137
33 263
21 93
36 226
28 121

27 223
16 294
28 274
10 235
40 127
37 121
28 266
18 231
26 25
36 248
39 201
31 178
10 113
38 127
37 272
42 296
27 250
35 185
44 36
47 285
47 272
31 260
17 271
44 236
16 70
48 203
47 228
45 291

23 265
13 210
18 291
10 272
32 116
31 238
28 123
17 69
13 189
40 233
21 45
38 25
31 141
37 267
28 222
30 40
28 253
25 144
38 264
20 95
24 279
14 233
34 214
31 33

25 162
42 81
43 173
43 50
15 137
10 236
12 177
38 263
41 33
33 231
26 169
15 267
42 77
31 198
38 116
43 230
41 34
43 212
17 227
39 138
27 159
16 233
17 155
49 218
14 50
29 181

23 23
21 138
34 250
47 212
47 181
35 236
48 227
17 188
11 13
49 92
14 23
23 106
34 28
19 286
14 42
41 262
32 249
16 52
35 28
13 246
10 35
27 98
22 30
40 77

