54

13 37
12 183
11 202
11 43
42 29
47 141
21 202
11 241
14 150
48 32
14 133
24 276
45 68
10 116

13 115
23 106
12 279
44 32
33 211
24 219
23 53
47 95
19 147
22 110
32 285
44 181
27 104
45 148

22 30
18 260
45 38
45 233
40 211
36 109
22 270
39 246
41 57
15 266
34 114
18 146
35 77
19 85
25 49
19 151
37 120
17 223
15 298
21 272
40 119
38 201
34 37

11 178
35 159
49 204
13 252
21 61
39 64
31 37
47 231
44 250
46 88
33 18
18 10

26 81
16 183
11 243
38 72
47 39
28 11
36 259
25 256
12 204
27 271
29 49
45 173
12 279
14 132
29 159
41 81
17 201
28 212
49 274
43 157
29 112
12 197
39 172
11 58
23 38
23 105
26 262

29 244
24 150
36 271
18 277
30 278
36 66
22 177
45 166
29 234
46 206
49 58
34 233
13 258
16 155
43 66
30 242
35 180
26 176
48 212
46 152
29 143
49 55
37 167
41 62
43 175
31 189
30 296
28 149
22 231
47 32

26 120
37 297
35 121
44 285
37 195
40 127
27 245
23 228
25 204
48 87
17 48
38 270
47 240
19 298
46 10
18 237
30 173
41 13
12 167
37 225
48 239
11 253
35 171
37 17
10 132
45 137
11 158

11 281
36 71
23 115
24 225
12 274
10 208
14 198
14 145
30 41
29 175
16 236
45 264

13 226
15 65
37 15
12 203
17 210
20 36
39 284
19 132
16 84
26 221
49 31
33 32
18 215
22 118

15 186
22 144
36 26
26 88
21 96
46 262
42 225
17 202
19 197
12 173
10 172
21 184
17 183
18 297
23 30
18 19

19 179
38 258
30 38
14 276
37 28
20 27
49 105
10 178
27 213
46 235
28 46
15 131
50 277
24 34
11 51
40 56
23 12
38 39
40 17
34 228

26 96
35 37
25 264
20 39
48 213
18 235
40 231
37 267
21 228
33 19
12 77
32 225
47 45
27 160
33 130
45 70
33 271
13 160
15 233
23 240
14 18
49 76
22 296
23 296
18 44
43 206
28 61

27 53
26 287
41 106
46 25
16 32
27 98
41 85
31 32
15 174
15 48
44 263
10 64
49 231
22 223
43 35
19 122
12 296
22 83
46 47
36 126
23 123
47 52
41 39
34 188
47 94
12 298
11 229
23 233

12 94
36 168
28 262
34 248
18 67
29 219
47 203
38 62
44 273
45 274
42 78
12 92
18 216

28 155
31 153
39 23
29 284
27 136
49 37
22 113
41 27
47 109
14 124
35 76
30 43
18 174
41 210
46 37
42 39
29 128
29 272
30 264
19 156
29 147
12 193
38 299
50 263
39 14
39 250
50 218
13 113
10 205

15 197
40 65
50 149
46 190
48 138
16 272
49 79
24 232
10 278
14 227
45 99
29 108
48 47
40 118
46 152
41 207

27 63
36 280
42 91
32 60
45 23
11 200
10 174
17 253
46 247
10 129
10 146
29 56
47 238
37 36
30 19
18 188
44 80
50 60
22 66
37 174
13 114
36 106
18 289
23 208
14 11
13 199
31 13
50 262

29 25
43 146
46 81
29 158
24 41
46 78
19 26
32 255
11 80
24 175
27 269
39 154
26 57
30 48
31 192
22 175
20 283
41 206
10 231
20 249
39 16
36 73
36 21
25 108
10 85
14 149
21 204
27 300
26 122
22 177

18 79
44 300
28 179
50 76
46 239
45 226
48 110
35 162
32 215
32 106
44 19
23 67
15 288
47 40
19 162
27 230
31 155
31 175
32 142

15 170
31 76
15 273
15 141
31 129
26 176
17 266
48 26
31 52
43 249
42 92
49 184
28 261
20 46
22 136
24 130

22 274
41 277
33 50
49 208
10 56
27 196
25 77
30 189
16 209
21 153
41 52
32 262
41 83
50 21
13 255
47 144
25 174
10 129
10 157
30 163
20 158
13 26
50 185

18 86
23 255
14 49
20 92
36 175
24 257
32 105
37 300
19 158
20 57
22 229
37 193
28 205
33 192
10 38
44 41
16 52
30 115
31 192

27 48
36 240
24 123
21 38
13 47
35 61
32 220
47 116
47 222
23 179
23 70
41 250
39 115
18 195
40 274
12 269
25 34
48 231
10 184
49 142
11 51
38 265
44 12
34 89
16 222
40 112
36 179
27 287

30 168
14 219
19 171
15 101
11 300
16 79
22 66
11 271
42 135
25 226
23 259
29 266
25 156
39 94
17 107
27 23
10 240
25 10
17 90
30 147
22 102
27 167
23 213
35 47
14 244
19 182
22 250
16 17
39 138
48 140
18 188

27 153
23 101
33 267
14 281
46 15
22 120
21 35
40 151
36 180
46 152
25 287
19 218
37 78
44 180
33 267
43 253
45 204
42 228
41 262
25 290
49 95
20 95
36 147
28 88
18 105
17 245
15 250
30 261

17 146
14 276
13 165
18 253
25 85
19 228
33 137
46 25
49 67
22 279
22 262
17 65
18 234
31 180
26 197
43 57
43 245
45 55

10 154
34 160
42 40
24 151
37 262
27 29
45 135
26 42
28 114
35 139
28 244

16 264
49 215
22 232
40 256
15 182
13 232
32 244
38 221
35 104
37 145
44 295
33 163
46 114
24 275
48 185
44 10
22 248

17 259
49 210
12 185
10 147
35 89
21 101
39 146
41 75
16 72
37 240
39 236
45 179
30 85
37 165
18 233
31 296
34 62
30 290

18 124
15 132
24 85
19 292
13 194
22 81
43 212
17 52
41 159
18 258
47 37
26 78
14 158
45 202
39 195
46 34
23 250
32 99
34 137

13 115
11 107
34 68
48 58
50 89
10 217
25 16
45 180
48 10
34 199
47 293
40 55
38 183
49 208

13 105
45 25
33 112
31 150
28 105
42 13
33 55
14 281
40 287
18 154
17 224
11 225
28 96
20 175

22 161
19 100
26 246
34 214
41 166
15 163
33 74
11 113
46 36
31 184
46 75
36 33
38 287
34 268
10 102
37 134
19 116
34 17
20 266
20 107
40 271
19 138
31 109

23 99
12 122
31 80
34 20
31 117
20 193
16 215
40 238
18 115
48 152
17 25
20 170
50 158
40 259
28 246
40 90
43 39
14 73
46 223
49 124
33 113
15 167
22 67
16 253

16 288
10 33
13 134
37 160
43 279
24 216
16 151
10 147
30 161
29 156
42 281
36 123
35 170
42 296
37 284
33 175
25 111

20 65
41 176
24 246
50 71
36 157
13 103
39 113
13 169
39 99
22 34
34 105
13 203
12 285
20 78
18 56
21 107
39 17
42 168
26 80
31 276
32 217

28 27
20 176
37 236
33 165
40 241
34 108
27 135
30 91
38 82
13 216
14 45
24 293
23 155
42 45
21 75
39 49
13 265
39 272
49 187
22 219
18 49
16 38
10 267
29 41
20 221
26 218
41 122
17 266
16 117

14 119
16 264
46 124
41 186
50 24
26 11
46 110
25 38
22 152
38 139
18 74
23 106
15 198
33 96
30 16

28 222
29 274
31 93
36 198
42 300
15 287
30 205
29 120
13 275
37 16
13 270
27 207
41 110
16 40
16 167
12 113
24 19
20 113
20 273
25 101
37 197
48 17
22 193
14 169
12 155
21 98
18 42
19 264
24 244

10 32
23 275
41 199
19 291
18 115
10 115
23 201
44 168
23 118
20 235
16 107

10 19
35 41
48 147
27 274
32 30
27 89
24 178
42 246
15 83
15 150
42 263

16 242
30 115
14 40
46 233
21 244
32 92
37 13
27 46
18 177
30 217
49 98
32 108
34 121
38 24
40 120
47 177
21 73

24 132
24 276
24 89
21 246
44 124
21 298
45 41
44 169
13 296
12 224
38 260
11 178
32 226
26 181
44 141
47 113
26 281
42 254
20 291
41 288
22 11
48 282
30 158
39 84
25 41

22 224
39 197
25 244
50 185
17 78
12 31
30 110
32 82
21 234
19 73
23 27
31 269
19 268
27 250
43 37
15 57
12 40
24 179
43 14
32 112
44 83
44 133
45 49

24 125
28 215
27 153
36 111
16 27
18 35
43 102
15 154
50 33
22 251
19 173
45 153
40 184
11 131
38 70
31 265
50 242
29 181
28 294
10 51
49 121
37 60
13 153
11 51
25 229

20 17
46 193
15 163
34 240
39 229
48 141
30 272
13 209
43 168
38 241
22 222
12 291
40 135
24 285
10 291
31 122
21 17
49 113
42 164
21 115
42 56

25 81
34 204
37 239
30 125
11 212
40 86
15 26
49 85
33 182
37 247
39 108
33 256
42 249
11 24
24 96
40 289
10 297
30 16
43 157
18 116
15 73
22 100
46 114
31 39
25 90
31 284

28 152
37 146
11 254
11 173
30 14
36 107
35 188
21 62
39 34
35 253
41 213
37 223
44 173
41 244
28 123
43 12
12 114
33 26
42 60
35 20
19 266
12 256
30 132
49 296
24 218
22 35
11 44
46 224
16 211

26 21
40 186
13 196
48 70
24 113
20 258
45 69
37 279
30 175
12 29
48 195
44 119
22 47
19 181
13 108
49 159
22 208
36 233
20 94
46 220
11 197
16 277
48 261
44 282
16 126
25 289
42 246

27 243
33 150
41 189
22 38
11 232
46 116
37 197
42 29
20 287
22 199
38 223
31 289
43 279
30 186
28 38
14 152
48 204
34 282
24 22
37 236
24 140
40 117
35 188
34 254
47 249
33 109
18 85
45 39

18 85
32 210
26 165
37 204
39 216
36 284
38 261
23 163
50 72
34 208
13 256
49 236
15 187
46 83
27 15
18 210
26 187
13 223
13 21

24 288
39 11
13 254
49 48
49 216
31 170
21 187
20 215
27 207
46 161
45 78
16 49
42 225
46 64
32 96
28 96
19 177
45 226
45 242
12 155
21 16
38 255
25 174
16 13
25 76

13 127
20 229
37 215
14 191
46 68
11 298
11 275
24 13
23 99
33 61
45 54
20 84
15 217
10 218

25 138
29 250
30 200
46 271
10 131
14 105
47 205
43 142
44 254
43 88
38 95
25 169
20 228
35 151
36 38
36 159
50 169
43 138
42 282
39 129
43 24
49 235
23 279
30 93
34 158
14 149

