67

23 108
42 81
36 226
21 210
36 11
44 292
40 33
46 27
22 124
25 43
28 214
44 33
48 143
23 168
49 46
20 196
37 145
40 215
31 298
38 230
32 65
43 157
27 51
21 93

15 59
15 174
37 292
27 69
34 35
45 88
18 134
30 242
18 238
45 163
25 55
42 40
30 48
11 150
46 203
29 183

14 220
50 151
48 224
45 269
32 170
47 247
13 58
26 13
12 129
12 281
34 214
47 41
40 255
49 185
16 148

21 169
20 135
36 24
24 216
40 285
35 204
18 280
10 249
25 171
12 70
48 19
32 278
43 167
25 56
17 172
44 58
23 223
37 57
20 71
23 71
26 132
16 157

11 107
31 204
40 24
29 287
11 207
27 66
11 27
30 283
11 69
44 247
36 149
11 74

26 211
34 59
25 24
29 20
15 28
46 256
26 167
15 217
10 175
24 62
39 178
37 43
35 26
47 204
18 49
35 298
35 120
30 189
19 224
15 24
38 200
48 209
22 159
21 196
27 289
39 291
17 295

26 282
22 182
24 276
32 175
15 153
45 121
46 147
21 249
41 102
32 246
32 100
49 112
31 139
13 138
44 228
22 23
24 53
33 208
13 54
11 114
23 200
17 162
34 10
44 190
15 54
41 19
25 131

10 295
17 117
26 87
32 208
47 46
37 26
31 298
13 221
17 64
32 236
35 289

23 74
16 269
33 118
46 110
28 142
29 69
46 266
42 224
38 203
19 114
30 23
36 230
27 72
16 298
34 20
12 59
45 162
46 66
22 203
40 34
15 126
24 146
25 297
48 290

29 77
32 98
32 66
21 119
25 227
36 87
50 290
46 75
44 127
15 143
11 278
21 54
15 164
46 129
48 14
50 31
19 76
14 11
21 156
34 118
24 240
27 290
44 287
21 46
32 65
37 87
14 152
24 176
47 278
25 177

28 48
34 65
38 14
17 176
25 88
44 186
23 57
42 210
45 13
27 286
38 27
47 40
25 99
33 16
29 241
22 181
22 145
38 264
29 235
12 252
29 192
38 29
14 136
22 268
49 173
34 197
38 255
29 155
29 234

28 207
30 146
29 209
29 57
25 117
15 54
19 246
33 178
27 170
36 214
48 299
50 141
32 287
39 180
48 62
30 228
21 71
43 161
33 161
35 57
34 207
18 282
49 123
11 296
40 68
39 290
17 292
20 36
17 34

22 70
50 211
25 153
11 121
22 211
30 68
15 296
38 70
21 52
24 155
15 217
43 244
12 140
17 222
34 40
27 241
35 159
27 138
14 250
44 23
36 253
29 87
25 120

24 129
49 274
31 71
12 234
39 97
19 110
36 159
44 147
31 275
42 170
36 142
33 300
14 65
18 292
25 274
25 162
26 138
27 40
41 17
12 60
11 299
19 13
30 164
28 277
42 192

17 252
16 33
50 42
50 131
10 36
13 27
27 108
45 133
30 106
41 195
25 66
33 98
34 215
26 193
15 23
41 77
20 247
28 175

19 297
38 199
31 160
45 48
12 225
17 105
41 33
31 256
47 38
20 176
21 190
48 209
39 70
10 274
43 265
26 236
38 107
22 268
37 130
36 270

14 72
41 29
43 27
13 45
36 150
11 202
12 69
43 239
41 248
22 225
14 218
38 289
47 78
34 117
33 119

10 171
50 139
17 81
24 12
48 37
24 45
44 182
42 33
21 138
21 271
29 219

17 70
14 255
18 198
50 125
12 18
17 168
18 199
26 54
22 278
27 197
39 181
47 124
47 184
50 34
17 91
40 202
20 92
35 44

15 195
20 188
23 242
31 189
39 18
49 37
13 126
16 71
29 255
46 39
29 53
20 238
42 133
25 187
21 35
12 37

11 210
26 219
39 41
38 232
30 146
20 133
21 226
43 121
48 187
40 69
21 38
27 178

25 152
35 40
50 50
23 165
19 225
20 64
44 48
47 184
49 245
30 284
35 233
41 290
15 15
27 28
45 17
26 151
29 228
44 152
44 82
30 289
29 108
34 31
10 198
19 260
42 118
27 78

17 258
32 44
17 160
41 193
19 283
27 282
10 67
38 58
40 71
11 59
31 174
41 156
17 117
20 156
48 251
46 245
47 137
17 67

17 66
48 269
41 89
32 42
21 298
41 126
50 70
22 288
16 96
39 281
17 155
46 170
11 102
11 127
17 172
19 146
12 166
24 56

23 166
19 96
20 282
44 155
37 110
29 17
16 286
42 150
12 12
18 221
32 64
31 30
32 232
39 142
31 60
30 204
17 294
22 275
19 36
25 269
35 29
32 127
47 199
50 248

12 233
15 219
18 159
45 75
39 167
49 102
49 83
38 200
24 273
36 160
44 290
19 288
30 287

17 201
50 228
40 256
15 172
26 243
40 67
23 130
21 274
46 259
44 289
34 187
42 300
32 218
49 170
28 99
33 48
10 109
37 216

13 47
24 241
45 61
46 117
12 132
38 293
22 224
15 166
37 20
17 291
36 293
48 24
13 294
35 179

19 41
24 176
42 186
12 244
24 261
31 297
15 108
47 110
35 159
23 23
18 203
48 121
39 230
36 126
42 167
38 297
31 230
11 21
12 153
30 182

12 217
10 252
33 256
35 145
17 94
22 57
26 129
22 167
48 19
46 178
49 83
36 165
11 125

12 212
15 203
23 267
47 93
47 40
38 280
22 129
23 96
36 83
19 157
45 273
25 234
17 271

29 12
43 80
16 181
28 241
34 278
32 88
43 32
11 106
50 277
36 137
37 235
42 189
42 33
33 13
33 47
45 273
37 101
28 203
21 188
46 31
50 45
18 269
13 292
11 113
31 151
49 227
24 164
22 285
49 214
36 154

19 147
13 295
29 10
24 81
14 145
26 50
48 115
28 65
11 280
21 122
13 290
44 164
27 166
38 183
26 274
37 138
42 91
42 118
38 99
21 297

27 69
25 81
13 80
21 15
39 146
46 253
24 22
48 23
26 170
13 38
22 28
19 71
25 250
17 140
42 22
37 124
14 201
28 197
50 74
50 14
13 32
45 21
26 192
36 61
25 140
49 194
23 59
17 61

24 165
43 148
12 33
48 92
25 96
18 124
23 136
18 20
13 293
10 246
24 193
22 127
13 34
17 187
33 269
38 137
22 135
41 48
19 298
26 110
13 158
14 149
16 277
41 182
40 41

20 210
24 99
11 154
12 101
22 60
37 91
47 259
20 256
25 20
50 91
38 87
39 82
10 263
40 138
50 68
32 127
18 115
21 149
47 182
17 223
38 109

22 127
11 246
29 238
18 256
17 191
45 260
11 184
37 70
48 42
46 227
26 291
37 156
45 210
30 91
40 245
25 299
35 37
38 229
43 122
20 210
24 167
31 107
19 259

30 164
18 16
12 186
18 259
25 182
10 299
37 244
25 255
16 12
43 178
17 237
26 60
30 285
10 159
44 74
19 97
41 35
48 125
17 100
24 208
48 59
17 11
36 297
11 119
49 87
37 248
45 186
49 53
11 143
47 284
43 59

17 241
44 215
38 181
13 120
30 186
44 255
22 12
49 35
49 111
26 78
17 172
39 203
32 215
31 13
46 286
29 46
39 259
31 87

17 238
39 156
23 94
10 79
14 60
22 216
38 220
30 123
11 16
49 78
15 231
15 194
11 211
29 24
15 164
20 211
19 55
15 295

26 285
41 153
34 288
44 147
15 71
50 248
48 170
49 228
12 260
45 285
24 242
39 251
27 91
46 40
33 69
35 290
26 59
19 142
50 82
30 281
22 111
46 122
13 90
38 150
48 222
12 256
11 124

10 131
28 196
33 293
32 131
29 54
36 221
19 109
19 211
41 27
28 142
23 196

18 205
19 167
32 240
13 183
47 289
50 149
18 82
49 164
45 79
30 109
18 289
15 116
33 55
12 35
23 115
19 211
40 24
39 49
29 186

13 185
29 283
43 110
18 221
41 217
32 115
15 154
37 78
25 191
14 13
36 277
30 115
33 131
42 188

29 227
43 275
11 143
43 183
34 260
11 128
43 207
34 206
50 56
23 258
44 250
12 19
36 150
44 102
10 209
35 19
33 177
37 67
42 85
39 254
30 15
43 257
24 21
21 112
36 157
46 261
43 124
21 168
24 64
13 55

20 217
17 191
14 195
31 201
29 170
44 210
34 298
24 286
36 162
13 183
44 192
44 230
29 161
42 238
38 93
28 18
27 287
25 132
27 177
20 104
27 208

18 145
15 37
14 113
46 229
15 246
41 101
14 37
19 259
36 171
18 236
36 129
31 13
39 255
36 95
39 202
39 152
16 128
50 146
16 227

19 247
29 233
12 62
29 35
18 198
34 279
17 78
24 124
48 74
50 103
50 261
11 180
28 145
18 159
30 178
13 150
30 37
14 32
44 274
24 263

10 248
44 287
39 226
35 82
30 293
41 130
27 152
24 114
29 231
35 156
47 189

19 161
34 205
13 175
39 67
24 93
30 69
24 222
24 133
20 291
18 106
39 81
11 213
13 299
23 57
49 153
38 295
35 109
21 106
18 37
44 275

11 184
41 257
38 219
37 190
49 210
20 24
30 254
29 226
34 38
10 31
18 18
45 93

29 277
33 78
25 134
36 279
24 30
45 20
45 142
23 241
23 58
18 272
14 63
18 118
36 219
21 253
21 41
37 300
15 60
44 199
28 132
36 294
41 267
37 195
35 238
24 49
47 244
24 233
46 114
32 11
48 107
33 52

26 57
37 64
44 53
32 50
13 268
10 15
25 154
48 17
18 46
48 83
38 243
18 132
11 264
25 184
44 294
50 265
21 110
31 76
23 83
42 165
33 163
40 143
21 230
32 72
19 295
26 62
30 78

22 199
14 282
43 82
23 253
14 135
45 31
30 144
35 90
40 106
38 178
43 172
50 170
29 209
48 31
33 115
32 66
39 127
50 252
43 28
34 233
41 41
26 66
30 276

23 292
46 208
46 279
50 73
17 271
14 187
18 127
40 179
21 75
21 57
15 142
48 105
28 123
43 216
48 115
26 289
11 121
42 57
31 92
36 221
20 238
29 229
38 81
23 25

11 60
33 21
45 193
11 179
10 255
39 269
44 113
24 199
17 249
17 181
27 80
19 70

20 164
16 206
35 201
23 238
22 230
35 216
17 248
40 134
11 59
40 242
47 269
27 88
33 235
28 273
22 160
28 297
40 189
43 130
34 129
37 95
22 258

30 289
31 109
48 190
46 288
35 251
25 222
30 109
15 144
22 228
45 289
24 81
43 194
47 287
33 220
17 278
47 102
46 61
37 274
50 24
36 133
44 195
19 232
49 283
36 98
47 160
44 198
48 75
37 185
45 167
31 272
15 165

25 197
27 69
38 48
49 271
17 18
20 217
22 187
27 227
12 96
33 238
47 150
10 36
18 158
28 21
44 238
25 70
12 227
14 226
50 199
29 117
40 204
41 137
31 117
24 87
14 35
32 54

12 80
40 75
20 24
41 172
14 248
48 185
45 274
12 203
18 83
18 110
27 243
42 98
20 261

20 141
21 91
34 37
37 26
36 243
50 63
27 84
48 83
35 146
28 265
36 42
23 52
14 234
25 166
18 162
49 12
20 282
34 208
47 42
49 206
48 244

16 232
32 176
12 46
25 203
36 205
27 171
38 197
34 49
36 174
46 158
12 167
24 277
12 269
10 261
19 72
41 26
43 122

29 133
32 57
27 29
14 105
37 171
28 286
23 253
35 191
48 276
47 24
50 142
25 287
14 224
35 159
29 278
22 118
23 235
20 141
49 13
13 230
22 183
18 249
48 79
16 271
16 102
13 230
36 219
25 229
33 223
16 22

14 36
12 190
45 104
21 122
34 195
49 224
29 123
15 149
10 233
30 140
26 285
18 159
40 249
50 42
40 232

12 181
12 172
41 272
13 70
50 15
49 104
20 237
35 146
27 11
12 179
43 208
46 118
12 17

14 140
21 62
27 81
50 77
33 36
47 36
22 186
15 129
25 77
20 44
22 95
40 122
18 34
18 112
12 200

15 74
22 17
27 252
46 212
26 268
10 254
42 96
12 200
49 182
18 265
49 185
16 166
42 23
23 89
35 104
44 261

