71

15 209
35 76
25 273
11 31
47 284
27 69
28 265
22 117
15 153
30 233
30 230
10 224
31 286
36 67
38 66
41 149

13 198
19 98
46 131
24 120
18 13
16 293
36 247
19 18
15 255
12 32
45 22
36 285
28 232
43 66

15 13
13 114
40 77
27 112
17 44
49 277
16 229
42 55
47 80
39 210
43 264
35 285
17 89
18 290
37 274
48 139

27 229
40 217
49 39
45 105
14 196
37 213
43 245
34 40
45 173
46 40
22 86
33 147
14 144
43 58
50 297
49 13
16 242
37 178
40 169
50 167
20 172
25 268
50 35
26 81
27 215
12 112
24 280
44 241

17 274
45 123
21 226
43 139
30 287
21 230
18 43
43 155
22 85
17 294
15 176
48 112
23 133
38 46
32 258
28 138
24 128
19 282

21 299
11 293
22 232
19 115
34 176
34 278
33 229
50 177
45 236
24 203
15 203
16 37
43 257
13 188
16 281
47 223
18 213
27 177
13 271
23 260
32 234
26 148

26 200
15 244
15 88
49 248
28 264
41 190
26 49
47 252
21 185
19 77
48 217
13 218
11 42
12 238
31 260
35 115
19 131
25 26
14 89
45 125
35 278
41 12
50 260
42 204
39 102
30 54
41 142

15 220
41 53
37 97
22 174
36 11
44 264
17 283
22 183
36 242
24 223
35 63
40 143
13 21
24 235
35 186
43 88

24 66
26 68
37 289
41 260
49 182
10 201
47 300
33 96
40 200
28 21
29 127
34 119
11 228
45 291
15 154
43 243
45 108
16 149
45 192
27 89
18 204
30 271
43 71
32 214
27 255

28 183
19 201
50 95
14 210
43 204
25 50
29 257
37 272
40 212
39 176
25 207
16 215
19 57
33 246
31 239
48 217
41 236
45 236
14 186
15 48
30 102
38 26
17 267
37 285
17 180
48 204
27 104
43 19
37 249

20 69
47 102
15 97
27 212
23 147
18 99
31 181
17 185
38 80
24 299
38 44
11 201
26 191
46 161
36 169
28 252
37 280
13 198
48 72
22 166
24 45

17 168
45 192
33 122
33 230
40 78
10 95
28 114
48 37
29 221
31 215
17 44
15 137
46 156
32 279
22 216
38 32
49 218
34 177

17 128
22 97
38 37
29 270
18 189
10 286
20 254
14 88
47 87
32 246
37 261
39 223
35 157
17 128
49 35
41 134
32 66
43 101

13 101
48 159
13 223
21 216
44 197
24 267
39 74
37 247
47 233
31 68
13 202
28 24
39 286
45 48

23 153
12 64
50 299
27 141
12 71
11 264
36 286
35 91
36 118
40 276
17 47
40 274
12 255
27 157
24 213
46 65
11 67
47 231
10 146
17 205
47 47
33 112
47 193
17 45

20 168
31 64
36 220
17 162
35 281
36 293
17 67
12 56
17 24
36 17
25 49
47 195
37 178
16 25
38 236
18 111
16 197
45 234
48 57
47 221
16 164

10 287
49 229
27 121
14 268
46 205
44 162
35 181
31 120
32 176
48 66
37 184

19 211
15 253
29 157
35 127
43 243
41 168
26 162
14 176
40 108
35 145
26 183
36 244
46 226
28 194
38 265
40 284
48 175
41 86
16 285
29 127

24 183
43 268
42 12
37 262
24 163
39 138
19 88
32 118
47 243
42 108
50 226
18 284
45 41
35 296
32 113
22 191
26 93
17 66
47 148
27 67
14 11
12 96
44 94
21 95
43 185

27 245
25 85
46 55
44 280
46 131
49 260
37 263
48 100
14 127
44 271
42 91
34 13
32 270
13 68
17 281
13 44
46 274
34 175
50 42
44 191
36 57
37 221
31 206
15 232
16 287
12 150
19 43
16 273

15 197
28 73
11 112
30 36
45 113
28 234
47 32
12 51
39 244
32 97
23 198
20 162
18 220
49 149
15 74
42 111

17 261
29 49
47 82
45 276
47 263
26 178
31 180
40 40
22 256
38 208
11 36
19 203
20 70
45 55
48 76
19 13
38 225
26 283

21 169
21 218
45 43
12 143
12 283
15 259
25 168
37 151
10 191
36 13
13 209
41 179
31 252
23 272
28 290
27 200
42 129
12 150
25 127
30 54
50 119
48 205

12 149
16 185
28 206
29 176
23 244
19 179
30 284
17 229
20 65
44 99
26 79
34 19
48 170

21 154
33 196
44 208
18 287
12 276
40 287
16 113
45 205
15 296
20 300
30 155
41 147
41 222
47 152
16 71
39 293
24 96
20 40
50 98
47 44
12 218
40 197

14 209
46 193
41 133
35 138
47 74
14 199
49 153
12 280
10 230
44 125
31 187
16 18
40 44
45 228
34 55

11 140
40 199
18 112
41 253
14 180
11 47
28 300
47 68
44 133
15 144
17 193
27 200

15 184
18 84
27 292
35 204
16 150
50 204
30 289
32 37
39 71
12 134
10 255
15 59
31 25
11 204
48 231
42 221

24 190
34 107
41 253
48 143
33 264
29 131
17 184
31 37
30 189
46 150
19 249
31 162
40 103
34 137
44 234
45 192
21 276
43 287
45 47
13 208
17 19
47 77
25 156
11 134
45 259

22 135
33 115
41 60
15 300
47 210
17 186
46 90
26 90
41 199
28 66
40 265
48 189
43 275
34 151
30 156
16 266
44 227
19 259
19 50
14 95
12 72
15 258
21 39

24 128
35 297
27 268
41 282
24 258
45 261
47 70
32 299
24 184
34 28
34 49
36 126
44 106
38 38
23 252
41 79
47 274
50 137
23 71
49 180
40 124
10 180
27 54
15 63
43 70

11 260
41 294
49 78
10 282
27 167
12 242
44 188
22 80
44 92
48 138
50 191
25 184

16 210
39 112
44 59
42 181
21 227
49 88
15 89
34 299
38 289
35 264
37 176
42 148
44 282
11 277
27 231
23 44
10 254

30 248
23 134
22 296
16 179
25 222
24 13
13 159
44 19
50 199
34 259
15 11
44 263
12 202
32 132
21 124
36 244
48 222
27 279
33 66
17 105
13 178
23 288
23 104
32 120
49 127
23 235
12 68
48 40
50 78
32 62
21 56

25 14
14 144
38 291
46 248
30 62
50 230
50 190
20 30
49 206
22 116
39 61
30 280
33 267
17 189
10 49
33 280
34 76
26 229
19 153
42 256
24 241
42 70
35 245
47 147
16 230
10 134

21 126
44 188
44 280
14 30
44 240
49 88
25 154
24 195
18 179
11 148
40 40
30 226
47 192
27 244
35 159
34 166
36 270
19 106
14 67
20 99
33 180
13 11

12 59
44 163
47 203
22 107
47 14
33 97
26 28
38 57
43 296
10 54
15 293
15 273
50 116

17 297
42 96
43 17
21 77
37 33
37 12
33 152
12 145
39 80
48 150
10 147
16 274
30 164
12 204
18 86
35 73
17 288
14 61

10 234
47 80
23 193
25 135
27 77
12 76
32 240
50 250
15 191
46 188
24 10

12 178
46 287
19 273
41 158
36 238
47 110
39 169
39 13
11 186
43 231
33 94
35 258
25 184

24 140
27 286
15 215
18 190
10 60
14 11
48 174
11 120
20 216
39 192
18 124
39 148
24 39
25 48
32 47
49 221
41 300
27 294
13 72
37 18
39 213
34 45
29 160
46 148
20 287

16 264
35 240
20 97
13 17
47 94
12 148
12 59
16 269
28 231
25 225
41 136
22 152
46 296
28 128
42 104
37 292
37 87

29 21
42 241
15 31
32 162
15 75
19 181
41 291
23 95
49 69
47 250
10 238
38 206
17 181
30 233
15 49
25 212
12 118
12 278
21 242
25 41
40 28
23 287
23 82
17 67
37 16
13 16
47 60
37 200
39 257
50 189

25 289
20 197
20 93
49 109
40 126
27 117
34 221
18 196
12 120
29 111
10 251
10 51
24 231
30 205
34 258
33 163
27 82
44 46
39 85
17 286
11 259
36 190
48 136
37 179
13 141
35 265

28 33
49 29
25 188
35 147
10 282
36 125
24 20
45 210
34 11
44 41
14 260
45 298
47 200
35 190
44 283
24 205
23 83
18 189
17 226
34 288
34 110
41 239
39 292
32 27
16 136
35 69
40 277
24 160
12 25

26 30
12 300
28 121
21 87
34 85
42 166
35 43
33 263
27 266
12 292
30 128
46 52
35 165
29 153
40 123
44 241
12 95
39 243
16 188
20 61
38 122
19 153
11 77
19 199
15 141
21 169
11 255

17 198
40 24
15 122
23 86
23 142
50 86
39 261
50 267
28 96
48 284
45 27
41 124
18 239
26 169
33 10
44 170
43 196
36 114

20 268
48 125
45 159
19 54
12 221
23 237
28 60
26 135
35 46
43 36
37 269
35 267
35 109
18 59
26 98
20 212
44 47
21 195
23 156
10 73
43 233

20 220
43 279
14 40
47 264
47 187
20 268
42 272
40 242
36 36
38 274
46 117
20 211
16 146
18 295
45 183
22 261
48 288
47 277
16 36
26 138
27 96

29 240
49 63
47 251
15 13
10 183
45 215
38 84
22 26
34 226
37 100
30 23
28 205
35 174
32 208
19 143
34 134
31 108
36 32
20 139
41 149
20 113
47 294
17 300
27 289
17 270
33 28
41 59
28 45
17 93
42 89

22 65
30 44
14 296
28 299
10 183
40 217
47 128
35 267
35 235
41 41
30 172
36 148
43 106
19 299
34 204
14 119
47 241
41 289
34 110
45 198
21 60
25 53
48 253

11 67
28 261
44 100
39 262
12 21
17 267
24 75
38 205
47 287
47 295
50 48
31 13

27 49
23 252
29 253
48 108
15 165
30 184
32 216
38 147
13 107
25 28
23 171
10 221
18 169
33 181
31 280
17 74
45 248
42 204
47 288
35 297
37 263
49 60
22 76
26 130
15 284
22 104
20 129
22 54

22 113
10 280
50 76
21 16
27 55
25 137
43 215
22 122
40 230
18 90
48 234
42 289
34 16
11 220
34 55
26 247
15 59
32 124
11 232
47 216
22 150
47 36
44 13

27 243
46 177
37 267
21 55
38 177
28 185
36 244
37 105
31 178
45 219
31 178
37 161
28 36
36 293
26 41
19 100
14 285
19 115
19 260
28 113
12 244
49 299
39 82
38 240
16 154
12 144
37 65
45 127

19 179
35 51
10 195
25 236
47 217
16 247
32 270
10 98
31 266
34 87
19 252
21 43
17 85
22 205
23 62
17 173
17 75
47 79
26 31
11 131

12 79
23 139
17 251
27 176
34 287
20 82
36 166
15 60
10 190
40 85
36 202
34 129
35 210

23 119
35 210
37 148
35 129
39 107
30 120
50 81
26 12
18 117
46 270
31 259
15 47
37 292
41 185
13 93
15 249
28 68
47 293
40 66
45 186
37 165
29 120
34 243
50 212

24 205
45 17
18 78
26 106
15 173
37 227
27 187
31 31
42 35
40 239
24 247
14 238
15 221
32 69
30 208
39 223
12 13
10 141
27 205
38 181
33 48
23 67
44 200
14 270
10 93

18 290
32 201
12 168
44 78
46 294
32 267
49 79
19 185
25 41
36 279
17 135
17 24
19 148
22 273
47 234
20 101
38 61
37 52
13 192

12 14
31 195
48 75
21 239
21 221
28 74
33 214
49 119
40 73
18 259
41 284
26 126
31 81

29 272
20 196
44 65
31 66
37 32
27 157
22 25
47 42
10 54
11 38
24 256
10 178
21 144
45 185
30 79
38 36
12 284
14 129
23 237
47 192
44 159
31 201
27 163
43 269
28 197
23 77
27 77
18 89
42 198
20 285

26 200
50 171
22 94
10 109
41 282
10 288
38 33
32 240
47 163
39 127
37 163
37 271
16 24
30 51
47 94
31 234
33 252
30 15
12 47
29 132
25 215
47 218
47 20
37 94
42 85
10 211
25 289

16 165
10 18
25 247
24 253
24 188
47 36
26 173
18 192
13 158
40 262
25 60
13 156
20 286
29 192
41 11
30 131
29 38

27 155
28 27
14 214
42 71
49 179
18 210
26 81
45 96
16 103
13 234
20 144
46 101
47 12
10 177
42 222
32 190
11 114
17 194
42 16
44 27
15 125
14 125
35 219
35 163
41 12
48 268
38 56
23 65

11 26
25 175
12 18
20 283
42 73
47 92
32 172
21 90
35 266
47 120
21 173
27 155

13 93
32 168
33 298
14 21
40 71
15 50
18 23
29 241
12 109
43 52
47 45
14 101
11 216
46 124

23 32
21 30
46 123
45 17
26 103
35 73
10 101
14 251
38 294
29 28
31 60
40 157
49 222
15 259
28 251
10 244
25 164
46 258
18 45
34 159
24 203
15 256
21 235
21 282

10 250
12 198
29 58
39 124
45 278
18 30
20 290
13 182
45 266
25 197
11 62

17 23
40 265
50 140
31 125
14 58
36 56
14 277
19 283
18 148
13 192
24 129
30 37
27 120
11 298
19 203
44 108
14 46
32 268

12 106
16 28
30 42
33 258
39 194
48 144
21 296
31 80
25 245
39 277
17 23
38 24
40 188

